/*--------------------------------*- C++ -*----------------------------------*\
| =========                 |                                                 |
| \\      /  F ield         | OpenFOAM: The Open Source CFD Toolbox           |
|  \\    /   O peration     | Version:  v1912                                 |
|   \\  /    A nd           | Website:  www.openfoam.com                      |
|    \\/     M anipulation  |                                                 |
\*---------------------------------------------------------------------------*/
FoamFile
{
    version     2.0;
    format      ascii;
    class       volScalarField;
    location    "446/sphere";
    object      ddt0((betavSolid*thermo:rho),h);
}
// * * * * * * * * * * * * * * * * * * * * * * * * * * * * * * * * * * * * * //

dimensions      [1 -1 -3 0 0 0 0];


internalField   nonuniform List<scalar> 
6600
(
-37328.1
-37335.1
-37334.4
-37350.2
-37330.5
-37330.2
-37334.9
-37381
-37390.8
-37362.5
-37334.2
-37390.5
-37400.1
-37373.2
-37358.5
-37372.8
-37350.4
-37334.2
-37349.5
-37330.5
-37334.3
-37390.2
-37400.1
-37373.3
-37348.1
-37399.9
-37409.5
-37383
-37334.9
-37329.1
-37372.5
-37382.2
-37365.2
-37333.8
-37330.1
-37361.5
-37373.3
-37348.5
-37329.5
-37372.4
-37382.5
-37365.1
-37347.3
-37364.8
-37339.2
-37334
-37334.1
-37334
-37333.4
-37334.1
-37328.5
-37350.2
-37335.7
-37373.1
-37362.9
-37382.7
-37373.7
-37362.8
-37382.5
-37373.2
-37335.2
-37328.6
-37350.1
-37335.5
-37373.3
-37373
-37362.7
-37350.1
-37335.4
-37335.4
-37328.6
-37333.3
-37333.2
-37333
-37332.6
-37330.7
-37332.6
-37333.2
-37330.9
-37332.5
-37333.1
-37330.8
-37333.4
-37337.3
-37330.1
-37330
-37347.7
-37364.7
-37330
-37330.2
-37364.9
-37348.6
-37339.3
-37329.7
-37347.6
-37329.5
-37364.6
-37334.7
-37334.5
-37349.2
-37362.1
-37372.9
-37372.7
-37382.1
-37333.3
-37341
-37339
-37355.3
-37350.4
-37346.8
-37357.4
-37330.4
-37348.5
-37365.3
-37330.5
-37329.8
-37329.6
-37364.6
-37347.7
-37349.2
-37328
-37335
-37372.8
-37382
-37362.2
-37372.8
-37335.7
-37335.5
-37328.5
-37382.5
-37373.6
-37373.1
-37363
-37365.2
-37330.5
-37348.7
-37337.2
-37329.9
-37347.5
-37364.8
-37330
-37364.9
-37348.6
-37330.2
-37339.3
-37333.3
-37333.8
-37347.3
-37329.7
-37329.4
-37364.3
-37334.6
-37358.6
-37372.6
-37334.4
-37348.9
-37372.6
-37381.8
-37328.6
-37373
-37362.8
-37349.5
-37335.3
-37382.1
-37373.3
-37350.4
-37330.3
-37365.2
-37330.3
-37332.6
-37358.5
-37334.3
-37372.2
-37334.1
-37372.3
-37348.2
-37381.2
-37328.7
-37373.4
-37335.8
-37373.1
-37335.6
-37382.9
-37351.2
-37334.9
-37332.6
-37372.3
-37358.5
-37348.2
-37381.6
-37334.3
-37372.7
-37335.6
-37362.9
-37328.9
-37382.8
-37351.2
-37373.5
-37335.7
-37334.9
-37347.4
-37329.2
-37364.5
-37329.6
-37372.7
-37334.6
-37372.4
-37381.8
-37334.2
-37348.9
-37362.7
-37334.9
-37328.5
-37382.2
-37373.3
-37349.5
-37335.6
-37365.2
-37330.5
-37330.3
-37333.3
-37333.8
-37333.4
-37333.8
-37329.5
-37329.2
-37364.4
-37347.3
-37348.9
-37372.3
-37381.7
-37334.7
-37358.5
-37372.8
-37335.4
-37382.1
-37373.2
-37334.9
-37328.6
-37373.1
-37362.7
-37365.2
-37330.4
-37350.3
-37332.6
-37372.3
-37348.2
-37381.3
-37358.4
-37334.1
-37372.6
-37335.8
-37382.9
-37351.2
-37362.6
-37328.8
-37373.3
-37335.7
-37334.9
-37332.6
-37381.5
-37334.2
-37372.3
-37334.1
-37372.8
-37358.5
-37351.2
-37373.7
-37335.8
-37373.4
-37335.8
-37362.9
-37328.9
-37364.5
-37329.7
-37347.4
-37381.6
-37334.2
-37348.9
-37358.3
-37372.6
-37334.6
-37373.4
-37349.4
-37335.5
-37372.8
-37362.7
-37335
-37328.5
-37330.5
-37330.3
-37350.5
-37333.3
-37337
-37329.8
-37347.3
-37364.7
-37329.7
-37364.9
-37348.6
-37330.2
-37339.2
-37347.6
-37329.4
-37364.4
-37329.7
-37372.7
-37372.2
-37381.8
-37328
-37334.9
-37334.5
-37349.1
-37365.1
-37330.3
-37330.5
-37364.4
-37347.3
-37329.7
-37381.9
-37361.7
-37372.6
-37334.6
-37349.1
-37328
-37334.9
-37330.5
-37348.4
-37330.3
-37337
-37364.7
-37329.9
-37330
-37348.5
-37330.2
-37330.2
-37329.2
-37327.7
-37327.4
-37328.9
-37327.9
-37330
-37328.1
-37329.7
-37328.1
-37329.7
-37328
-37329.4
-37327.8
-37327.1
-37327.4
-37331.1
-37330.8
-37328.3
-37333
-37332.5
-37330.6
-37329.8
-37327.9
-37329.2
-37327.9
-37331
-37330.8
-37335.6
-37350.7
-37336
-37342.3
-37342.3
-37333.3
-37341.9
-37339.2
-37355.5
-37351.1
-37346.8
-37358.1
-37333.1
-37341
-37338.8
-37355.1
-37350.4
-37346.7
-37357.4
-37330.9
-37330.9
-37335.5
-37350.6
-37335.7
-37342.2
-37342.1
-37333.5
-37341.6
-37339.2
-37355.3
-37350.8
-37346.9
-37357.8
-37341.4
-37333.4
-37339
-37355.3
-37350.7
-37357.8
-37346.9
-37341.2
-37333.2
-37338.9
-37355.1
-37350.5
-37357.4
-37346.7
-37330.9
-37330.9
-37335.5
-37350.6
-37335.9
-37342.4
-37342.3
-37328
-37327.2
-37331
-37330.6
-37328.1
-37331
-37330.5
-37328
-37327.9
-37330.3
-37330.2
-37334.6
-37349.6
-37335.2
-37341.7
-37341.6
-37330.2
-37334
-37328.8
-37339.2
-37354
-37332.5
-37349.7
-37337.1
-37356.4
-37345.9
-37328.9
-37341.3
-37330.9
-37332
-37338.5
-37328.5
-37329.8
-37333.6
-37328.7
-37330.8
-37340.8
-37338.3
-37331.7
-37346.8
-37329.4
-37334
-37329.2
-37340.1
-37333
-37340.4
-37354.7
-37333.1
-37350.1
-37339.7
-37346.7
-37337.8
-37356.8
-37329
-37330.2
-37334.1
-37346.7
-37333.7
-37328.9
-37329.1
-37339.7
-37340.1
-37332.9
-37353.1
-37349.4
-37331.9
-37339.1
-37345.3
-37356
-37336.4
-37329.9
-37328.2
-37328.2
-37329.1
-37333
-37335.6
-37339.3
-37338.9
-37357.9
-37331.2
-37346.3
-37345.7
-37328
-37353.2
-37339.3
-37349.3
-37331.9
-37356
-37336.6
-37345.2
-37359.3
-37347.4
-37364
-37345.2
-37361.9
-37342.7
-37361.4
-37331.1
-37341.2
-37328.5
-37332
-37338.6
-37353.1
-37349.3
-37339.1
-37332.1
-37356
-37345.2
-37336.5
-37330.2
-37328.5
-37357.8
-37362.8
-37344
-37343.9
-37360.4
-37360.2
-37340.3
-37333.6
-37333.5
-37331.3
-37330.4
-37340.2
-37327.8
-37331.3
-37337.6
-37327.2
-37332.7
-37331.3
-37329.5
-37328.3
-37329.2
-37333.1
-37330.8
-37328.7
-37340.6
-37338.1
-37331.5
-37328.2
-37329.3
-37333.3
-37357.6
-37337.9
-37346
-37335.4
-37337.9
-37345.6
-37330.3
-37330.2
-37340.1
-37328.3
-37337.8
-37331.1
-37334.8
-37357.1
-37337
-37336.9
-37345.1
-37345.1
-37329.8
-37330.8
-37331.8
-37331.7
-37328.9
-37327.2
-37330.7
-37331
-37328
-37327.5
-37330.3
-37330.1
-37330.1
-37328.6
-37329.7
-37333.7
-37328.6
-37340.6
-37330.6
-37331.5
-37338.1
-37328.3
-37329.5
-37333.2
-37330.5
-37328.1
-37340.5
-37331.6
-37337.7
-37334.9
-37337.4
-37336.8
-37357.2
-37329.9
-37345.6
-37344.7
-37328.4
-37340.7
-37338.3
-37330.7
-37331.6
-37330.2
-37334
-37328.9
-37330.8
-37328.7
-37340.7
-37331.6
-37338.3
-37328.8
-37330.2
-37334
-37338
-37357.6
-37345.9
-37335.4
-37337.9
-37330.3
-37345.7
-37330.9
-37331.7
-37331.6
-37328.8
-37328.5
-37329.7
-37333.7
-37328.2
-37330.5
-37340.7
-37338.1
-37331.5
-37328.3
-37329.2
-37332.9
-37334.8
-37337.2
-37336.7
-37357.1
-37329.7
-37345.5
-37344.6
-37330.5
-37327.9
-37340.4
-37331.5
-37337.6
-37339.7
-37332.6
-37350
-37337.3
-37356.8
-37354.2
-37346.2
-37332.5
-37339.2
-37337.1
-37354.1
-37349.7
-37346.1
-37356.4
-37328.7
-37341.3
-37338.4
-37330.8
-37332.1
-37337.9
-37357.6
-37345.8
-37335.3
-37337.7
-37330.3
-37345.7
-37329
-37330.3
-37334.1
-37331
-37329
-37341.1
-37331.9
-37338.6
-37330.4
-37328.1
-37340.6
-37331.5
-37338
-37328.3
-37329.8
-37333.6
-37330.4
-37340.3
-37327.8
-37331.3
-37337.4
-37328.1
-37329
-37332.8
-37334.7
-37337.4
-37357.1
-37336.7
-37345.3
-37329.8
-37344.6
-37344.6
-37344.9
-37363.9
-37358.6
-37341.1
-37361.1
-37361.3
-37349.5
-37330.3
-37330.4
-37335.3
-37334.7
-37341.4
-37341.7
-37340
-37354.1
-37332.8
-37350.2
-37337.3
-37356.9
-37346.2
-37341.8
-37333.5
-37351.1
-37339.1
-37358.1
-37355.5
-37347.2
-37341.4
-37333.5
-37339.2
-37355.3
-37350.7
-37357.6
-37346.9
-37330.9
-37330.8
-37335.6
-37350.7
-37335.9
-37342.5
-37342.3
-37329
-37330.4
-37334.2
-37331
-37341.1
-37328.8
-37331.9
-37338.4
-37335.5
-37338.1
-37357.8
-37338.1
-37346.1
-37330.3
-37345.8
-37329
-37330.3
-37334.1
-37330.6
-37330.3
-37330.1
-37330.7
-37328.2
-37340.7
-37338.1
-37331.6
-37334.7
-37337.4
-37357
-37336.7
-37345.2
-37329.5
-37344.6
-37328.4
-37329.3
-37333.1
-37330.7
-37340.6
-37328.5
-37331.6
-37337.9
-37328.9
-37330.3
-37334
-37335.3
-37338
-37357.6
-37337.9
-37346
-37330.2
-37345.5
-37331
-37340.8
-37328.6
-37331.7
-37338.5
-37328.9
-37330.2
-37333.9
-37330.9
-37331.8
-37331.7
-37328.9
-37327.5
-37327.4
-37330.8
-37330.5
-37327.9
-37328.2
-37331.3
-37332.7
-37329.8
-37329.5
-37327.9
-37328.3
-37329.4
-37333.3
-37328.2
-37329.2
-37333
-37334.6
-37336.9
-37336.7
-37356.9
-37329.7
-37345.1
-37344.5
-37330.4
-37328.2
-37340.2
-37337.8
-37331.2
-37330.4
-37327.9
-37340.1
-37337.5
-37331.2
-37353.2
-37332.4
-37349.7
-37339.4
-37345.5
-37336.7
-37356.3
-37353.4
-37332.4
-37339.1
-37349.5
-37336.6
-37346
-37356.1
-37358.1
-37344.5
-37344.2
-37363.5
-37340.6
-37360.9
-37360.7
-37350.2
-37330.7
-37336.1
-37330.8
-37342.2
-37335.1
-37342.2
-37359.3
-37345.2
-37347.3
-37364
-37342.6
-37361.4
-37361.9
-37354.9
-37333.1
-37341.1
-37350.7
-37338.4
-37346.8
-37357.5
-37335.7
-37339
-37339
-37358
-37331.1
-37346.1
-37346.1
-37329
-37330.4
-37334.2
-37330.9
-37328.7
-37341
-37338.4
-37331.7
-37330.9
-37328.8
-37341
-37338.4
-37331.8
-37326.8
-37327.1
-37330.2
-37330.3
-37327.7
-37353
-37332
-37349.4
-37339
-37345.3
-37336.5
-37355.9
-37353.1
-37332
-37349.3
-37338.9
-37345.4
-37336.5
-37355.9
-37357.8
-37343.9
-37344
-37362.8
-37340.4
-37360.3
-37360.4
-37350.8
-37336
-37331
-37331
-37342.5
-37342.5
-37335.6
-37355.7
-37333.7
-37351.1
-37342
-37347.2
-37339.4
-37358.3
-37355.5
-37333.4
-37350.9
-37341.8
-37347
-37339.1
-37358.1
-37360.3
-37348.5
-37348.5
-37365.6
-37344.4
-37362.9
-37362.9
-37330.1
-37328.1
-37330.1
-37328
-37333.4
-37333.5
-37331.1
-37327.2
-37330.4
-37330.3
-37328
-37326.8
-37347
-37329
-37333.8
-37329
-37339.8
-37332.7
-37340.2
-37358
-37344.2
-37362.8
-37344
-37360.5
-37340.6
-37360.4
-37353.2
-37332.1
-37339.1
-37349.4
-37336.4
-37345.6
-37356
-37355.5
-37350.9
-37333.4
-37341.8
-37347
-37358.1
-37339.3
-37350.9
-37331.2
-37336.2
-37331.1
-37342.4
-37335.7
-37342.5
-37360.3
-37348.5
-37365.6
-37348.6
-37362.9
-37344.5
-37362.9
-37355.5
-37333.4
-37341.9
-37351
-37339.2
-37347
-37358.1
-37333.5
-37333.5
-37331.2
-37330
-37328.2
-37334.7
-37336.6
-37337.1
-37356.9
-37329.7
-37344.6
-37345
-37328.3
-37329.3
-37333.2
-37330.5
-37327.8
-37340.3
-37337.8
-37331.4
-37330.4
-37328.1
-37340.3
-37337.7
-37331.3
-37346.8
-37333.7
-37329.2
-37329.1
-37340.1
-37340.1
-37332.9
-37353.4
-37349.8
-37332.3
-37339.6
-37345.7
-37356.5
-37336.8
-37353.2
-37332.1
-37349.4
-37339
-37345.6
-37336.6
-37355.9
-37358.2
-37344.8
-37363.5
-37344.3
-37361.1
-37341
-37360.6
-37354.5
-37350
-37332.9
-37339.9
-37346.3
-37356.8
-37337.8
-37350.1
-37335.9
-37330.5
-37330.8
-37341.8
-37342.2
-37335
-37359.3
-37345.2
-37364
-37347.4
-37361.5
-37342.6
-37361.8
-37354.9
-37333.2
-37350.8
-37341.4
-37346.7
-37338.6
-37357.6
-37329
-37330.4
-37334.3
-37328.8
-37330.3
-37334
-37330.9
-37328.8
-37341
-37338.4
-37331.7
-37331
-37328.4
-37341.1
-37338.4
-37331.8
-37328
-37327.5
-37331
-37330.6
-37328.5
-37331.3
-37332.7
-37329.9
-37329.5
-37327.9
-37327.4
-37330.7
-37331
-37328.6
-37327.7
-37332.7
-37331.4
-37329.7
-37329.4
-37327.7
-37327.7
-37330.3
-37340.1
-37328
-37331.2
-37337.5
-37330.2
-37340.1
-37327.4
-37331.2
-37337.5
-37328.2
-37329.2
-37332.9
-37328.2
-37329.3
-37333.1
-37334.6
-37356.8
-37336.6
-37336.9
-37344.5
-37344.9
-37329.6
-37358.2
-37344.5
-37363.5
-37344.7
-37360.8
-37341
-37361
-37346.8
-37329
-37329.3
-37333.7
-37332.9
-37339.9
-37340.1
-37353.4
-37339.6
-37332.4
-37349.8
-37336.9
-37356.5
-37345.8
-37354.8
-37341.1
-37350.7
-37333
-37357.5
-37338.3
-37346.6
-37354.6
-37339.9
-37333
-37350
-37337.6
-37356.8
-37346.4
-37350.1
-37330.8
-37330.6
-37335.8
-37334.9
-37342.2
-37342
-37331
-37341
-37329.1
-37331.9
-37338.5
-37328.8
-37330.1
-37334.1
-37335.5
-37357.8
-37339
-37338.7
-37346.1
-37345.7
-37331.1
-37328.8
-37330.2
-37334.1
-37327.2
-37330.3
-37330.3
-37328
-37327
-37357.9
-37344.1
-37362.8
-37343.9
-37360.5
-37340.6
-37360.3
-37346.7
-37328.8
-37333.8
-37329.1
-37339.9
-37332.7
-37340.1
-37353.2
-37338.7
-37332.1
-37349.4
-37336.5
-37355.8
-37345.7
-37355.6
-37351
-37342
-37333.6
-37358.2
-37347.1
-37339.4
-37360.3
-37348.6
-37365.6
-37348.5
-37362.9
-37344.7
-37362.9
-37350.8
-37331.1
-37335.9
-37330.9
-37342.6
-37335.7
-37342.3
-37355.5
-37341.9
-37333.4
-37351
-37339.3
-37358.1
-37346.9
-37333.6
-37333.5
-37331.3
-37329.9
-37328.3
-37330.2
-37330.1
-37327.7
-37326.8
-37326.9
-37353
-37338.9
-37349.4
-37332
-37355.9
-37336.4
-37345.4
-37353.2
-37338.8
-37349.3
-37332.2
-37355.8
-37336.4
-37346
-37346.6
-37328.7
-37329.2
-37333.7
-37332.7
-37339.8
-37340.3
-37360.4
-37365.6
-37348.6
-37348.6
-37363
-37362.9
-37344.6
-37355.6
-37342
-37351
-37333.5
-37358.2
-37339.3
-37346.9
-37355.6
-37342
-37351.1
-37333.6
-37358.2
-37339.4
-37347
-37350.9
-37331
-37331.1
-37336.1
-37335.7
-37342.5
-37342.5
-37330.1
-37328.3
-37330
-37328.2
-37330.3
-37340.3
-37328.3
-37331.3
-37337.8
-37328
-37329.1
-37332.8
-37334.6
-37356.9
-37336.7
-37337
-37344.6
-37345
-37329.5
-37328.4
-37329.3
-37333.2
-37353.4
-37349.4
-37338.9
-37332.3
-37355.9
-37345.9
-37336.7
-37358.2
-37363.5
-37344.4
-37344.7
-37360.7
-37360.9
-37340.8
-37347
-37329.4
-37333.7
-37329.2
-37340.4
-37333.1
-37339.9
-37353.3
-37339.5
-37349.7
-37332.1
-37356.4
-37336.7
-37345.4
-37359.2
-37363.9
-37347.3
-37345.1
-37361.8
-37361.3
-37342.4
-37354.9
-37350.8
-37341.3
-37333.1
-37357.6
-37346.8
-37338.5
-37354.6
-37339.8
-37350
-37333.2
-37356.8
-37337.7
-37346.4
-37350.2
-37330.8
-37335.7
-37330.7
-37342.2
-37335.1
-37341.9
-37331
-37341
-37328.8
-37331.8
-37338.4
-37331
-37341
-37328.7
-37331.8
-37338.4
-37335.7
-37358.1
-37339.3
-37338.8
-37346.4
-37345.8
-37331.2
-37329.1
-37330.4
-37334.2
-37328.8
-37330.2
-37334
-37330.6
-37331
-37328.1
-37327.6
-37329.4
-37327.6
-37327.8
-37329.9
-37330
-37330.3
-37330.6
-37328.4
-37340.6
-37338
-37331.6
-37334.7
-37336.9
-37356.9
-37336.9
-37345
-37329.6
-37344.9
-37328.4
-37329.6
-37333.5
-37340.7
-37327.8
-37330.7
-37331.6
-37338
-37328.9
-37330.1
-37334
-37357.6
-37337.8
-37345.5
-37335.3
-37338
-37346
-37330.3
-37328.7
-37340.8
-37338.3
-37330.7
-37331.6
-37329.8
-37333.9
-37328.7
-37330.8
-37331.6
-37331.7
-37328.8
-37334.7
-37337
-37357
-37337
-37345.1
-37329.6
-37344.8
-37330.3
-37328.1
-37340.2
-37337.7
-37331.2
-37328.2
-37329.5
-37333.3
-37328.3
-37330.3
-37340.3
-37337.8
-37331.3
-37330.2
-37330
-37334.4
-37349.4
-37335.2
-37341.5
-37341.4
-37339.9
-37350.1
-37332.8
-37356.9
-37337.3
-37354.1
-37346.1
-37332.4
-37339.4
-37337.1
-37353.9
-37349.6
-37345.8
-37356.3
-37328.7
-37330.1
-37334.1
-37330.8
-37328.8
-37341.1
-37338.5
-37331.9
-37330.1
-37334
-37328.9
-37328.7
-37341
-37338.4
-37331
-37331.9
-37328.2
-37329.2
-37333.3
-37334.5
-37356.8
-37337
-37336.9
-37345
-37344.8
-37329.6
-37328.3
-37330.3
-37340.3
-37331.2
-37337.7
-37328.3
-37329.5
-37333.4
-37339.3
-37332.7
-37337.2
-37353.9
-37349.6
-37356.3
-37345.9
-37330.2
-37330.3
-37334.4
-37349.4
-37335.4
-37341.5
-37341.6
-37339.8
-37350
-37332.6
-37356.8
-37337.1
-37354
-37346
-37331.1
-37341.3
-37328.9
-37338.7
-37332
-37357.5
-37337.7
-37345.8
-37335.5
-37337.8
-37345.7
-37330.4
-37329.1
-37330.4
-37334.1
-37329
-37340.9
-37338.4
-37330.8
-37331.8
-37330.1
-37334.1
-37328.9
-37330.1
-37329.8
-37330.2
-37328.6
-37329.3
-37333.1
-37330.5
-37340.4
-37327.9
-37337.6
-37331.6
-37328.6
-37329.8
-37333.6
-37340.5
-37328.2
-37330.5
-37337.9
-37331.5
-37357.5
-37337.9
-37345.9
-37335.4
-37337.9
-37345.6
-37330.4
-37330.8
-37340.6
-37328.6
-37338.1
-37331.7
-37328.9
-37330.2
-37333.9
-37328.6
-37340.7
-37338.2
-37330.8
-37331.6
-37330.2
-37334
-37328.9
-37348
-37347.4
-37364.6
-37343.9
-37362.5
-37359.9
-37362
-37390.8
-37390.4
-37400
-37390.3
-37399.7
-37399.5
-37408.9
-37381.1
-37400.5
-37391.2
-37400
-37390.7
-37409.4
-37400.3
-37399.8
-37380.9
-37390.4
-37399.9
-37409
-37390.6
-37399.8
-37391
-37390.7
-37381.5
-37409.4
-37400.3
-37400.2
-37391.2
-37362.1
-37366.1
-37346.1
-37366.3
-37354.9
-37373
-37355
-37399.6
-37399.4
-37408.8
-37380.8
-37390.6
-37390.3
-37399.6
-37390.9
-37409.4
-37400.4
-37391.1
-37381.4
-37400.3
-37391
-37409
-37390.5
-37399.6
-37390.7
-37399.9
-37381
-37390.4
-37400.5
-37400.2
-37391.3
-37400.4
-37391.1
-37390.7
-37381.4
-37339.9
-37354.5
-37354.6
-37362.9
-37341.6
-37352.1
-37351.9
-37362.6
-37354.4
-37351.8
-37339.8
-37354.6
-37351.9
-37341.7
-37362.3
-37354.2
-37351.7
-37339.7
-37354.2
-37351.6
-37341.5
-37347.5
-37348.2
-37344.3
-37360
-37364.6
-37362
-37362.5
-37347.4
-37348
-37344.1
-37359.8
-37364.5
-37362
-37362.3
-37348
-37347.4
-37344.1
-37359.8
-37364.5
-37362.3
-37361.9
-37354.1
-37339.4
-37354.1
-37362.1
-37341.3
-37351.5
-37351.1
-37354.2
-37362.5
-37351.7
-37339.6
-37354.3
-37341.4
-37351.7
-37339.3
-37354.1
-37362
-37353.9
-37351.5
-37341.2
-37351
-37345.1
-37344.7
-37363.9
-37341.3
-37361.4
-37358.8
-37361.2
-37354.7
-37362.7
-37351.9
-37339.8
-37354.6
-37341.8
-37351.9
-37339.2
-37354.1
-37353.9
-37362
-37341.1
-37351.4
-37350.9
-37354.7
-37339.9
-37354.6
-37362.7
-37341.7
-37352
-37351.9
-37339.4
-37354.2
-37362.1
-37354.2
-37351.4
-37341.4
-37351.2
-37339.8
-37354.3
-37362.4
-37354.4
-37351.8
-37341.5
-37351.7
-37339.1
-37361.8
-37353.8
-37353.7
-37351.2
-37350.9
-37340.9
-37362.2
-37346.4
-37366.2
-37366.5
-37355
-37355.3
-37373.1
-37339.8
-37362.7
-37354.6
-37354.5
-37352
-37352
-37341.6
-37362
-37346.2
-37366.2
-37366.2
-37354.8
-37354.9
-37373
-37362.1
-37366.2
-37346.1
-37366.2
-37354.9
-37373
-37355
-37339.3
-37361.9
-37353.9
-37353.9
-37351.1
-37351.2
-37341.1
-37339.8
-37362.8
-37354.5
-37354.6
-37352
-37351.9
-37341.6
-37339
-37353.8
-37353.7
-37361.8
-37340.9
-37350.9
-37351
-37362
-37366
-37346.1
-37366.4
-37354.7
-37372.9
-37355.1
-37339.9
-37354.7
-37354.5
-37362.7
-37341.7
-37352.1
-37351.8
-37362
-37366.2
-37346
-37366.2
-37354.8
-37372.8
-37355
-37362.1
-37366.2
-37366.4
-37346.3
-37373
-37354.8
-37355.2
-37339.1
-37353.9
-37353.9
-37361.8
-37341
-37351
-37351.1
-37362.1
-37366.2
-37366.3
-37346.1
-37373
-37355
-37355
-37354.2
-37339.4
-37354.1
-37362.1
-37351.3
-37341.3
-37351.3
-37362.4
-37354.3
-37351.6
-37339.6
-37354.2
-37351.7
-37341.4
-37339.1
-37361.9
-37353.8
-37353.8
-37351.2
-37351.1
-37340.9
-37345.1
-37363.8
-37344.6
-37361.4
-37341.2
-37358.6
-37360.9
-37362.6
-37354.5
-37351.9
-37340
-37354.6
-37351.8
-37341.8
-37339
-37353.8
-37361.8
-37353.8
-37351.1
-37340.9
-37351
-37345
-37363.8
-37344.3
-37361.3
-37340.9
-37358.4
-37360.8
-37354.1
-37339.3
-37362
-37354.1
-37351.2
-37351.2
-37341.3
-37310.7
-37284.6
-37262.6
-37311.3
-37285.1
-37262.9
-37311.3
-37285.1
-37263
-37312.2
-37286
-37263.6
-37311.8
-37285.7
-37263.3
-37311.5
-37285.5
-37263.4
-37312.1
-37286
-37263.7
-37311.6
-37285.5
-37263.3
-37311.8
-37285.6
-37263.4
-37312.3
-37286.2
-37263.8
-37312
-37285.8
-37263.4
-37311.4
-37285.4
-37263
-37311.7
-37285.6
-37263.4
-37312.4
-37286.2
-37263.8
-37312
-37285.8
-37263.3
-37312.2
-37286.1
-37263.9
-37310
-37284
-37262
-37310.3
-37284.3
-37262.2
-37311.7
-37285.6
-37263.3
-37311.6
-37285.6
-37263.3
-37311.6
-37285.4
-37263.3
-37311
-37284.9
-37262.6
-37311.2
-37285
-37262.8
-37311.5
-37285.4
-37263.1
-37311.6
-37285.4
-37263.1
-37311.5
-37285.4
-37263
-37311.3
-37285.2
-37262.9
-37311.6
-37285.4
-37263.1
-37311.4
-37285.2
-37263
-37311.8
-37285.5
-37263.3
-37311.5
-37285.3
-37263.2
-37311.6
-37285.4
-37263.2
-37311.6
-37285.4
-37263.3
-37311.2
-37285.1
-37262.7
-37311.2
-37285.1
-37262.7
-37311.6
-37285.4
-37263.1
-37311.2
-37285.1
-37262.7
-37311.4
-37285.3
-37262.9
-37311.6
-37285.5
-37263.2
-37311.2
-37285.1
-37262.8
-37311.6
-37285.5
-37263.1
-37311.4
-37285.2
-37262.9
-37311.8
-37285.6
-37263.4
-37311.7
-37285.5
-37263.2
-37311.5
-37285.3
-37263.1
-37312
-37285.8
-37263.5
-37311.1
-37284.9
-37262.8
-37311.2
-37285
-37262.8
-37312.4
-37286.3
-37263.9
-37312.2
-37286
-37263.8
-37311.9
-37285.9
-37263.7
-37312.1
-37286
-37263.8
-37311.3
-37285.1
-37262.9
-37311.5
-37285.3
-37263
-37311.6
-37285.4
-37263.2
-37311.3
-37285.1
-37263
-37311.8
-37285.8
-37263.6
-37312.1
-37285.9
-37263.7
-37311.4
-37285.3
-37263.1
-37311.4
-37285.4
-37263.2
-37311.9
-37285.7
-37263.4
-37311.6
-37285.5
-37263.3
-37311.9
-37285.7
-37263.5
-37311.5
-37285.4
-37263
-37311.7
-37285.6
-37263.3
-37311.5
-37285.3
-37263
-37311
-37284.8
-37262.6
-37311.8
-37285.6
-37263.5
-37311.6
-37285.6
-37263.4
-37311.7
-37285.6
-37263.5
-37310.9
-37284.7
-37262.3
-37312.9
-37286.7
-37264.3
-37312.7
-37286.5
-37264.1
-37312.2
-37286.1
-37263.8
-37310.8
-37284.6
-37262.3
-37311.7
-37285.6
-37263.5
-37312.1
-37285.8
-37263.7
-37312.6
-37286.4
-37264.1
-37312.2
-37286.1
-37263.9
-37310.4
-37284.3
-37262.2
-37310.9
-37284.8
-37262.7
-37311.2
-37285
-37262.8
-37312.2
-37286.1
-37263.7
-37311.7
-37285.6
-37263.2
-37311.8
-37285.5
-37263.4
-37311.2
-37285
-37263
-37312.8
-37286.5
-37264.1
-37312
-37286
-37263.7
-37312
-37285.8
-37263.6
-37311.4
-37285.4
-37263.2
-37311.8
-37285.7
-37263.4
-37311.5
-37285.4
-37263.1
-37311.7
-37285.6
-37263.3
-37311.5
-37285.4
-37263.1
-37311.7
-37285.6
-37263.3
-37311.3
-37285.1
-37262.8
-37310.5
-37284.4
-37262.3
-37311.8
-37285.5
-37263.4
-37311.6
-37285.4
-37263.3
-37311.8
-37285.7
-37263.6
-37311.9
-37285.7
-37263.6
-37310.8
-37284.7
-37262.3
-37311.3
-37285.2
-37263.2
-37311.9
-37285.7
-37263.5
-37312.6
-37286.4
-37264
-37312.2
-37286.1
-37263.8
-37310.7
-37284.5
-37262.2
-37312.9
-37286.7
-37264.3
-37312.8
-37286.6
-37264.2
-37311.5
-37285.4
-37263.4
-37311.9
-37285.7
-37263.6
-37312.2
-37286
-37263.8
-37311.1
-37285
-37262.8
-37311.4
-37285.2
-37263
-37312.2
-37286.1
-37263.7
-37312.6
-37286.3
-37263.9
-37312.6
-37286.5
-37264.1
-37311.6
-37285.4
-37263.3
-37311.2
-37285
-37263.1
-37311.6
-37285.4
-37263.3
-37312.1
-37286
-37263.7
-37311.8
-37285.7
-37263.5
-37311.6
-37285.5
-37263.1
-37311.4
-37285.3
-37263.1
-37310.5
-37284.5
-37262.5
-37311.1
-37285
-37262.8
-37311.4
-37285.3
-37263.1
-37312
-37285.8
-37263.5
-37311
-37284.8
-37262.7
-37311
-37285
-37262.8
-37311.5
-37285.3
-37263
-37311.5
-37285.5
-37263.4
-37311.7
-37285.6
-37263.4
-37312
-37285.9
-37263.7
-37312.2
-37286
-37263.8
-37311
-37285
-37262.9
-37311.4
-37285.2
-37263
-37311.2
-37285
-37262.9
-37312.3
-37286.1
-37263.8
-37311.8
-37285.6
-37263.5
-37311.4
-37285.3
-37263.1
-37311.5
-37285.3
-37263.1
-37311.4
-37285.3
-37263.1
-37311.7
-37285.5
-37263.3
-37312
-37285.8
-37263.5
-37311.8
-37285.6
-37263.4
-37310.7
-37284.7
-37262.5
-37311
-37284.9
-37262.7
-37311.4
-37285.2
-37262.9
-37309.6
-37283.6
-37261.7
-37310.1
-37284.2
-37262
-37311.2
-37285.1
-37263
-37311.3
-37285.2
-37263
-37311.1
-37285
-37262.8
-37311.3
-37285.3
-37263
-37311.6
-37285.4
-37263.2
-37310.5
-37284.5
-37262.4
-37311.3
-37285.1
-37263
-37309.3
-37283.5
-37261.6
-37310.7
-37284.6
-37262.5
-37310.3
-37284.3
-37262.3
-37311
-37284.9
-37262.8
-37310.9
-37284.9
-37262.6
-37311
-37285
-37262.6
-37311.4
-37285.3
-37263
-37311.1
-37285
-37262.6
-37310.9
-37284.9
-37262.8
-37311.1
-37284.9
-37262.7
-37310.1
-37284.2
-37262.1
-37311
-37284.8
-37262.6
-37312.2
-37285.9
-37263.6
-37312.2
-37286
-37263.7
-37312.4
-37286.1
-37263.8
-37312
-37285.8
-37263.6
-37312.3
-37286.1
-37263.8
-37312.1
-37285.9
-37263.6
-37310.3
-37284.3
-37262.3
-37311.8
-37285.6
-37263.3
-37311
-37285
-37262.7
-37309.4
-37283.5
-37261.6
-37310.8
-37284.8
-37262.5
-37310.6
-37284.6
-37262.3
-37310.9
-37284.9
-37262.6
-37310.6
-37284.6
-37262.3
-37311.3
-37285.1
-37263
-37310
-37284
-37262.1
-37311
-37284.9
-37262.8
-37312.2
-37285.9
-37263.5
-37312.2
-37285.9
-37263.6
-37312.1
-37285.8
-37263.6
-37312.7
-37286.4
-37264.1
-37311.9
-37285.7
-37263.5
-37312
-37285.7
-37263.5
-37311.5
-37285.3
-37263.3
-37312
-37285.9
-37263.6
-37312.6
-37286.5
-37264
-37311.6
-37285.4
-37263.3
-37311.4
-37285.4
-37263.3
-37312.3
-37286.1
-37263.8
-37311.9
-37285.8
-37263.6
-37312.1
-37285.9
-37263.7
-37312.4
-37286.3
-37264.1
-37311.4
-37285.2
-37263
-37311.3
-37285
-37262.9
-37311.2
-37285
-37262.9
-37311.8
-37285.5
-37263.2
-37312.3
-37285.9
-37263.6
-37311.3
-37285.2
-37263.1
-37311.3
-37285.2
-37263.1
-37311.8
-37285.6
-37263.4
-37311.8
-37285.8
-37263.5
-37312
-37285.9
-37263.6
-37312.2
-37286.1
-37263.8
-37312
-37285.8
-37263.5
-37311.8
-37285.7
-37263.6
-37311.3
-37285.2
-37263.2
-37312
-37285.9
-37263.6
-37312.3
-37286.2
-37263.9
-37312.5
-37286.4
-37264.1
-37313.3
-37287.1
-37264.6
-37311.9
-37285.7
-37263.6
-37312
-37285.8
-37263.6
-37311.7
-37285.5
-37263.4
-37312.4
-37286.1
-37263.8
-37312.5
-37286.2
-37263.9
-37311.1
-37284.9
-37262.8
-37311.3
-37285.2
-37263.1
-37311.8
-37285.6
-37263.3
-37311.5
-37285.3
-37263.2
-37312.3
-37286.2
-37263.8
-37311.4
-37285.4
-37263.1
-37312.1
-37286
-37263.5
-37311.4
-37285.4
-37263.2
-37311.6
-37285.5
-37263.3
-37311.1
-37284.8
-37262.7
-37311.2
-37284.9
-37262.8
-37310.9
-37284.7
-37262.6
-37311.5
-37285.3
-37263.1
-37311.5
-37285.3
-37263.2
-37312.5
-37286.3
-37264
-37312.4
-37286.2
-37263.9
-37311.9
-37285.7
-37263.4
-37310.7
-37284.6
-37262.6
-37311.7
-37285.6
-37263.3
-37312.6
-37286.4
-37264
-37312.3
-37286.3
-37263.8
-37312
-37285.8
-37263.6
-37311.4
-37285.3
-37263.1
-37310.7
-37284.7
-37262.7
-37311
-37284.8
-37262.8
-37312.3
-37286.1
-37264
-37311.9
-37285.7
-37263.3
-37312.4
-37286.3
-37263.8
-37311.6
-37285.5
-37263.3
-37311.6
-37285.4
-37263.3
-37312
-37285.9
-37263.6
-37312
-37285.9
-37263.6
-37311.7
-37285.5
-37263.1
-37311.6
-37285.4
-37263.1
-37310.5
-37284.3
-37262.3
-37310.1
-37284
-37262
-37311.1
-37284.8
-37262.6
-37311.8
-37285.6
-37263.4
-37310
-37284
-37262
-37311
-37284.8
-37262.7
-37311.4
-37285.3
-37263
-37311.4
-37285.4
-37263
-37312
-37285.8
-37263.5
-37311.1
-37284.9
-37262.8
-37311.1
-37284.9
-37262.8
-37311.1
-37284.9
-37262.8
-37311.6
-37285.3
-37263.2
-37311.6
-37285.3
-37263.2
-37312
-37285.9
-37263.6
-37312.1
-37285.9
-37263.6
-37311.5
-37285.3
-37263.2
-37311.6
-37285.5
-37263.4
-37311.8
-37285.5
-37263.4
-37312
-37285.9
-37263.6
-37311.1
-37284.8
-37262.7
-37310.9
-37284.7
-37262.6
-37310.8
-37284.6
-37262.5
-37311.5
-37285.2
-37263.1
-37311.3
-37285.1
-37263
-37312.7
-37286.4
-37264.1
-37312.3
-37286.1
-37263.8
-37312.3
-37286.1
-37263.8
-37311.3
-37285.2
-37262.9
-37311.6
-37285.4
-37263.1
-37310.8
-37284.7
-37262.6
-37310.6
-37284.5
-37262.5
-37311.6
-37285.4
-37263.1
-37311.7
-37285.5
-37263.2
-37312.2
-37285.9
-37263.7
-37312
-37285.7
-37263.5
-37312.1
-37285.9
-37263.6
-37312.9
-37286.6
-37264.3
-37312.9
-37286.6
-37264.3
-37312.8
-37286.5
-37264.2
-37313.2
-37286.9
-37264.5
-37312.7
-37286.4
-37264.1
-37312.9
-37286.7
-37264.3
-37312.7
-37286.4
-37264.1
-37311.9
-37285.6
-37263.5
-37311.9
-37285.6
-37263.5
-37310
-37283.9
-37261.9
-37310.4
-37284.3
-37262.3
-37310.9
-37284.9
-37262.5
-37310.7
-37284.8
-37262.4
-37311.3
-37285.2
-37263
-37309.6
-37283.7
-37261.8
-37310.8
-37284.7
-37262.6
-37312.4
-37286.2
-37263.8
-37312.3
-37286
-37263.8
-37312.3
-37286.1
-37263.8
-37311.9
-37285.7
-37263.6
-37312.3
-37286.1
-37263.8
-37312
-37285.8
-37263.6
-37311.6
-37285.4
-37263.2
-37311.6
-37285.3
-37263.2
-37311.3
-37285.1
-37263
-37312
-37285.7
-37263.4
-37311.5
-37285.3
-37263.2
-37311.7
-37285.6
-37263.3
-37311.2
-37285
-37262.9
-37311.2
-37285
-37262.9
-37311.2
-37285
-37262.9
-37311.7
-37285.4
-37263.3
-37311.6
-37285.5
-37263.2
-37310.8
-37284.7
-37262.6
-37310.9
-37284.8
-37262.8
-37311.5
-37285.3
-37263.2
-37311.9
-37285.8
-37263.5
-37312.5
-37286.2
-37263.9
-37312.6
-37286.3
-37264
-37311.9
-37285.7
-37263.5
-37312.1
-37285.8
-37263.6
-37311.7
-37285.5
-37263.3
-37312
-37285.9
-37263.6
-37311.5
-37285.3
-37263.2
-37311.8
-37285.6
-37263.4
-37311.8
-37285.6
-37263.4
-37311.7
-37285.4
-37263.3
-37311.7
-37285.5
-37263.3
-37312.2
-37285.9
-37263.7
-37312.5
-37286.1
-37263.9
-37312.8
-37286.6
-37264.2
-37312.8
-37286.5
-37264.3
-37312.7
-37286.4
-37264.2
-37312.8
-37286.5
-37264.2
-37312.8
-37286.6
-37264.2
-37312.7
-37286.4
-37264.1
-37311.7
-37285.4
-37263.4
-37311.4
-37285.2
-37263
-37311.3
-37285
-37262.9
-37311.2
-37285
-37262.8
-37311.8
-37285.5
-37263.3
-37310.8
-37284.6
-37262.6
-37311.6
-37285.5
-37263.2
-37311.1
-37284.9
-37262.8
-37311.2
-37285
-37262.8
-37311.2
-37285
-37262.8
-37311.8
-37285.5
-37263.3
-37311.6
-37285.5
-37263.1
-37310.7
-37284.6
-37262.5
-37311.4
-37285.3
-37263.2
-37312
-37285.9
-37263.6
-37311.9
-37285.8
-37263.6
-37312.4
-37286.3
-37264
-37312.6
-37286.3
-37264
-37312.2
-37285.9
-37263.7
-37312
-37285.8
-37263.6
-37312
-37285.8
-37263.5
-37312.6
-37286.3
-37264
-37312.2
-37286.1
-37263.8
-37311.6
-37285.5
-37263.4
-37311.7
-37285.6
-37263.5
-37311.5
-37285.4
-37263.1
-37310.7
-37284.6
-37262.5
-37311.2
-37284.9
-37262.8
-37311.3
-37285.1
-37263
-37311.2
-37285
-37262.9
-37311
-37284.8
-37262.7
-37311.8
-37285.5
-37263.3
-37312.5
-37286.2
-37263.8
-37311.6
-37285.5
-37263.1
-37310.9
-37284.7
-37262.5
-37310.5
-37284.4
-37262.4
-37310.9
-37284.7
-37262.7
-37310.8
-37284.6
-37262.7
-37310.8
-37284.7
-37262.6
-37311.8
-37285.5
-37263.3
-37311.5
-37285.3
-37263.2
-37312.5
-37286.2
-37263.9
-37312.4
-37286.2
-37263.8
-37311.9
-37285.7
-37263.4
-37311.9
-37285.7
-37263.5
-37312.1
-37285.8
-37263.6
-37311.7
-37285.5
-37263.4
-37312.6
-37286.3
-37264
-37312.1
-37286
-37263.7
-37311.5
-37285.3
-37263.2
-37311.8
-37285.6
-37263.4
-37311.4
-37285.3
-37263.2
-37312.2
-37286
-37263.8
-37312.7
-37286.4
-37264.1
-37312
-37285.8
-37263.6
-37311.9
-37285.7
-37263.6
-37311.6
-37285.4
-37263.4
-37312.3
-37286
-37263.8
-37312.5
-37286.2
-37263.9
-37312.7
-37286.4
-37264.1
-37312.3
-37286
-37263.8
-37312.7
-37286.4
-37264.1
-37312.7
-37286.5
-37264.1
-37312.3
-37286.1
-37263.8
-37312.5
-37286.2
-37263.9
-37312.1
-37285.8
-37263.6
-37311.8
-37285.7
-37263.4
-37311.9
-37285.7
-37263.4
-37310.7
-37284.6
-37262.6
-37312.1
-37286
-37263.7
-37311.8
-37285.6
-37263.3
-37311.4
-37285.1
-37263
-37311.3
-37285.1
-37263
-37311.2
-37285
-37262.9
-37311.9
-37285.6
-37263.4
-37311.9
-37285.8
-37263.5
-37311.4
-37285.2
-37263.1
-37311.1
-37285
-37262.9
-37311.8
-37285.7
-37263.5
-37312.1
-37285.9
-37263.7
-37311.5
-37285.4
-37263.3
-37312.5
-37286.1
-37263.9
-37312.2
-37286
-37263.8
-37312.4
-37286.2
-37264
-37312.2
-37286.1
-37263.7
-37311.4
-37285.3
-37263.2
-37311.4
-37285.3
-37263.2
-37311.1
-37285
-37263
-37311.8
-37285.6
-37263.5
-37311.9
-37285.7
-37263.5
-37311.6
-37285.4
-37263.3
-37312.2
-37285.9
-37263.7
-37312.5
-37286.2
-37263.9
-37313
-37286.7
-37264.4
-37312.7
-37286.4
-37264.2
-37312.8
-37286.5
-37264.2
-37312.8
-37286.5
-37264.2
-37312.7
-37286.5
-37264.1
-37312.9
-37286.6
-37264.3
-37311.8
-37285.6
-37263.5
-37311.9
-37285.6
-37263.5
-37310.3
-37284.3
-37262.3
-37310.6
-37284.5
-37262.5
-37311.2
-37285
-37262.7
-37309.7
-37283.7
-37261.8
-37311.1
-37285.1
-37262.8
-37310.6
-37284.7
-37262.4
-37310.9
-37284.9
-37262.8
-37312.1
-37285.9
-37263.6
-37311.5
-37285.4
-37263.1
-37311.6
-37285.5
-37263.2
-37311.3
-37285.3
-37263
-37311.1
-37284.9
-37262.8
-37311.2
-37285
-37262.9
-37311.2
-37285
-37262.8
-37311.7
-37285.5
-37263.3
-37311.1
-37284.9
-37262.8
-37311.2
-37285
-37262.8
-37311.2
-37285
-37262.8
-37311.6
-37285.4
-37263.2
-37311.5
-37285.4
-37263.1
-37311
-37284.9
-37262.8
-37311.5
-37285.4
-37263.1
-37310.5
-37284.4
-37262.3
-37312.6
-37286.4
-37264
-37311.9
-37285.7
-37263.6
-37311.9
-37285.7
-37263.6
-37311.4
-37285.3
-37263.3
-37312.6
-37286.3
-37264
-37312
-37285.9
-37263.6
-37312.1
-37285.9
-37263.6
-37311.5
-37285.3
-37263.2
-37312.2
-37286
-37263.8
-37312.2
-37286.1
-37263.8
-37311.5
-37285.4
-37263.3
-37311.4
-37285.3
-37263.2
-37310.3
-37284.2
-37262.1
-37309
-37283.1
-37261.2
-37310.8
-37284.6
-37262.4
-37309.7
-37283.7
-37261.6
-37310.4
-37284.4
-37262
-37310.5
-37284.4
-37262.1
-37312.7
-37286.7
-37264.2
-37312.4
-37286.3
-37263.9
-37311.3
-37285.3
-37263.2
-37311.7
-37285.6
-37263.4
-37311.9
-37285.8
-37263.5
-37312.1
-37286
-37263.7
-37309.3
-37283.4
-37261.4
-37310.9
-37284.8
-37262.5
-37310.5
-37284.5
-37262.1
-37310.5
-37284.4
-37262
-37311
-37284.8
-37262.5
-37310.7
-37284.6
-37262.2
-37308.8
-37282.9
-37261
-37312.6
-37286.4
-37264.1
-37312.5
-37286.3
-37264.1
-37312.5
-37286.3
-37264
-37312.8
-37286.7
-37264.2
-37312.4
-37286.4
-37264
-37312
-37285.9
-37263.6
-37312.1
-37286
-37263.7
-37311.5
-37285.5
-37263.2
-37311.9
-37285.6
-37263.3
-37311.3
-37285
-37262.9
-37311.2
-37285
-37262.9
-37311
-37284.8
-37262.7
-37311.8
-37285.5
-37263.3
-37311.5
-37285.4
-37263.1
-37311.7
-37285.5
-37263.2
-37310.5
-37284.4
-37262.3
-37312
-37285.8
-37263.5
-37311.4
-37285.3
-37263.1
-37311
-37284.8
-37262.7
-37310.7
-37284.6
-37262.6
-37312
-37285.9
-37263.6
-37312.8
-37286.6
-37264.1
-37311.8
-37285.8
-37263.4
-37312.4
-37286.3
-37263.9
-37311.8
-37285.8
-37263.6
-37312.3
-37286
-37263.7
-37312.2
-37286.1
-37263.8
-37312.4
-37286.2
-37263.9
-37312.3
-37286.3
-37263.8
-37312
-37285.7
-37263.6
-37311.9
-37285.7
-37263.6
-37311.7
-37285.5
-37263.4
-37312.5
-37286.2
-37263.9
-37311.6
-37285.4
-37263.3
-37311.9
-37285.7
-37263.5
-37311.6
-37285.4
-37263.3
-37312.3
-37286
-37263.8
-37312.1
-37286
-37263.7
-37312.2
-37286
-37263.7
-37311.6
-37285.4
-37263.3
-37311.6
-37285.6
-37263.5
-37312.2
-37286.1
-37263.8
-37312.3
-37286.2
-37263.8
-37312
-37285.8
-37263.6
-37311.1
-37285
-37263.1
-37310.7
-37284.7
-37262.7
-37312.1
-37286
-37263.8
-37311.7
-37285.5
-37263.2
-37310.4
-37284.4
-37262.4
-37311.2
-37285
-37262.8
-37310
-37284
-37262
-37311.1
-37285.1
-37262.8
-37310.7
-37284.8
-37262.5
-37311.3
-37285.3
-37263
-37311.4
-37285.3
-37263.1
-37310.8
-37284.8
-37262.7
-37309.7
-37283.8
-37261.8
-37311
-37284.9
-37262.7
-37310.7
-37284.8
-37262.5
-37311.1
-37285.1
-37262.8
-37311.7
-37285.6
-37263.3
-37309.9
-37284
-37262.1
-37311.7
-37285.6
-37263.2
-37311.6
-37285.5
-37263.2
-37311.3
-37285.3
-37263
-37311.8
-37285.6
-37263.3
-37311
-37285
-37262.8
-37311.3
-37285.1
-37263
-37310.1
-37284.2
-37262.2
-37311.7
-37285.5
-37263.2
-37311.6
-37285.4
-37263.1
-37310.8
-37284.6
-37262.5
-37310.9
-37284.7
-37262.6
-37311.3
-37285.3
-37262.9
-37310
-37283.9
-37261.9
-37310.5
-37284.3
-37262.2
-37311
-37284.8
-37262.8
-37311
-37284.8
-37262.8
-37310.8
-37284.7
-37262.6
-37311.7
-37285.4
-37263.2
-37311.7
-37285.5
-37263.3
-37311
-37284.8
-37262.7
-37311.4
-37285.1
-37263
-37310.9
-37284.7
-37262.6
-37311.8
-37285.5
-37263.3
-37311.5
-37285.3
-37263.2
-37311.9
-37285.7
-37263.5
-37312.1
-37285.8
-37263.5
-37312.1
-37285.9
-37263.6
-37312.3
-37286.2
-37263.8
-37311.9
-37285.7
-37263.6
-37312.4
-37286.1
-37263.9
-37311.8
-37285.7
-37263.5
-37311.7
-37285.5
-37263.4
-37311.8
-37285.6
-37263.5
-37311.3
-37285.2
-37263.2
-37312.3
-37286
-37263.8
-37312.4
-37286.2
-37263.9
-37311.7
-37285.5
-37263.4
-37311.6
-37285.4
-37263.3
-37311.4
-37285.3
-37263.2
-37312.4
-37286.1
-37263.8
-37312.5
-37286.1
-37263.9
-37309.4
-37283.5
-37261.5
-37311.1
-37285
-37262.6
-37310.5
-37284.4
-37262.1
-37310.5
-37284.4
-37262.1
-37311.1
-37284.8
-37262.8
-37311
-37284.7
-37262.4
-37309.3
-37283.3
-37261.4
-37312.3
-37286.2
-37263.9
-37312.2
-37286.1
-37263.8
-37312.3
-37286.1
-37263.8
-37312.8
-37286.6
-37264.2
-37312.4
-37286.4
-37264
-37312
-37285.9
-37263.6
-37311.9
-37285.9
-37263.6
-37311.3
-37285.3
-37263.1
-37310.3
-37284.3
-37262
-37310.2
-37284.2
-37261.9
-37311
-37284.8
-37262.6
-37311.2
-37285
-37262.8
-37309.1
-37283.2
-37261.2
-37311
-37284.7
-37262.4
-37309.2
-37283.3
-37261.3
-37310.8
-37284.7
-37262.4
-37311.1
-37284.9
-37262.8
-37312.2
-37286
-37263.6
-37312.8
-37286.7
-37264.3
-37312.6
-37286.6
-37264.2
-37312.4
-37286.3
-37264
-37312.1
-37285.9
-37263.7
-37312.4
-37286.3
-37264
-37312.6
-37286.3
-37264
-37312.7
-37286.6
-37264.2
-37311.5
-37285.5
-37263.3
-37311.6
-37285.5
-37263.3
-37311.4
-37285.3
-37263.2
-37311.1
-37284.9
-37263
-37311.4
-37285.3
-37263
-37311
-37284.8
-37262.7
-37311.4
-37285.2
-37263
-37311
-37284.9
-37262.8
-37310.7
-37284.5
-37262.5
-37310.7
-37284.5
-37262.5
-37310.7
-37284.5
-37262.5
-37311.5
-37285.2
-37263
-37311.7
-37285.4
-37263.2
-37311.8
-37285.6
-37263.4
-37311.3
-37285.1
-37262.9
-37311.6
-37285.3
-37263.1
-37311
-37284.8
-37262.7
-37311.7
-37285.5
-37263.3
-37311.9
-37285.6
-37263.4
-37311.5
-37285.4
-37263.3
-37311.6
-37285.5
-37263.4
-37311.5
-37285.3
-37263.2
-37312.4
-37286.3
-37264
-37311.9
-37285.8
-37263.5
-37312.7
-37286.6
-37264.1
-37312
-37286
-37263.6
-37313
-37286.8
-37264.4
-37313.7
-37287.5
-37264.9
-37312.4
-37286.2
-37263.9
-37312.1
-37286
-37263.8
-37312.1
-37286
-37263.8
-37312.1
-37285.9
-37263.6
-37312.6
-37286.5
-37264.1
-37312.3
-37286.2
-37263.9
-37312.3
-37286.1
-37263.8
-37311.6
-37285.5
-37263.4
-37311.9
-37285.6
-37263.5
-37312.3
-37286.2
-37263.9
-37312.2
-37286.1
-37263.8
-37312.1
-37285.9
-37263.7
-37311.5
-37285.3
-37263.2
-37311.9
-37285.7
-37263.5
-37312.1
-37286
-37263.8
-37312.6
-37286.4
-37264.1
-37312.3
-37286.1
-37263.8
-37312.1
-37285.9
-37263.7
-37312.2
-37286
-37263.8
-37311.9
-37285.7
-37263.5
-37312.7
-37286.4
-37264.1
-37312.5
-37286.2
-37264
-37311.8
-37285.6
-37263.5
-37311.6
-37285.3
-37263.3
-37311.5
-37285.4
-37263.3
-37312.3
-37286
-37263.8
-37312.7
-37286.3
-37264
-37310.8
-37284.8
-37262.5
-37311.2
-37285.2
-37262.8
-37311.5
-37285.5
-37263.3
-37311.3
-37285.2
-37263
-37310
-37284.1
-37262.1
-37310.8
-37284.8
-37262.6
-37311.1
-37284.9
-37262.9
-37311.8
-37285.7
-37263.4
-37310.2
-37284.2
-37262.3
-37312.2
-37286
-37263.7
-37312.1
-37285.9
-37263.6
-37312.3
-37286.1
-37263.7
-37312.3
-37286.1
-37263.7
-37312.3
-37286
-37263.8
-37312.5
-37286.2
-37263.9
-37312.3
-37286
-37263.7
-37311.9
-37285.8
-37263.5
-37311.9
-37285.7
-37263.4
-37311.1
-37285
-37262.9
-37312.1
-37286
-37263.7
-37312.1
-37285.9
-37263.5
-37311.3
-37285
-37263
-37311.5
-37285.2
-37263.1
-37311.2
-37285
-37262.9
-37311.9
-37285.6
-37263.4
-37310.3
-37284.2
-37262.2
-37309.8
-37283.8
-37261.9
-37311.7
-37285.7
-37263.3
-37311.7
-37285.5
-37263.4
-37311.9
-37285.7
-37263.6
-37311.5
-37285.4
-37263.3
-37312.6
-37286.3
-37263.9
-37312.1
-37285.9
-37263.7
-37312.7
-37286.4
-37264.1
-37311.6
-37285.4
-37263.2
-37311.8
-37285.5
-37263.3
-37311.2
-37285.1
-37263
-37311.9
-37285.8
-37263.5
-37311.9
-37285.6
-37263.5
-37312.2
-37285.9
-37263.7
-37311.8
-37285.5
-37263.4
-37311.8
-37285.6
-37263.4
-37311.5
-37285.3
-37263.2
-37312.8
-37286.5
-37264.2
-37312.7
-37286.5
-37264.2
-37312.6
-37286.4
-37264.1
-37312.9
-37286.6
-37264.2
-37313
-37286.7
-37264.3
-37312.7
-37286.4
-37264.1
-37311.9
-37285.6
-37263.5
-37311.7
-37285.5
-37263.2
-37311.4
-37285.3
-37263
-37311.6
-37285.4
-37263.1
-37310.8
-37284.6
-37262.5
-37311.7
-37285.5
-37263.3
-37311
-37284.7
-37262.7
-37311.1
-37284.9
-37262.7
-37310.8
-37284.6
-37262.5
-37311.7
-37285.4
-37263.2
-37311.1
-37284.9
-37262.8
-37310.7
-37284.6
-37262.6
-37311.5
-37285.4
-37263.1
-37311.7
-37285.4
-37263.3
-37311.5
-37285.3
-37263.2
-37311
-37284.9
-37262.9
-37312.1
-37285.8
-37263.6
-37311.6
-37285.6
-37263.4
-37311.8
-37285.7
-37263.5
-37311.4
-37285.3
-37263.2
-37311.2
-37285.2
-37263.1
-37312.6
-37286.5
-37264.1
-37312.3
-37286
-37263.8
-37312
-37285.7
-37263.5
-37311.6
-37285.4
-37263.3
-37311.4
-37285.2
-37263.1
-37311.6
-37285.5
-37263.4
-37311.3
-37285.2
-37263.2
-37312
-37286
-37263.7
-37312.1
-37286
-37263.7
-37312.6
-37286.5
-37264.2
-37311.1
-37284.8
-37262.8
-37311.1
-37284.9
-37262.8
-37311.2
-37284.9
-37262.8
-37311.3
-37285.1
-37263
-37311.8
-37285.6
-37263.3
-37312.1
-37285.8
-37263.5
-37311
-37284.8
-37262.7
-37311.5
-37285.2
-37263.1
-37310.9
-37284.8
-37262.7
-37311.5
-37285.4
-37263.1
-37311.3
-37285
-37262.9
-37311.3
-37285.1
-37262.9
-37311.2
-37284.9
-37262.8
-37311.5
-37285.3
-37263.1
-37311.7
-37285.4
-37263.2
-37312.1
-37285.8
-37263.5
-37312.5
-37286.4
-37264
-37312.2
-37286
-37263.8
-37311.7
-37285.5
-37263.5
-37311.6
-37285.4
-37263.3
-37312.4
-37286.2
-37264
-37312.7
-37286.4
-37264.1
-37312.3
-37286.1
-37263.9
-37312.2
-37286
-37263.8
-37312.2
-37285.9
-37263.8
-37311.9
-37285.7
-37263.5
-37312.8
-37286.5
-37264.2
-37312.7
-37286.4
-37264.1
-37311.7
-37285.5
-37263.4
-37312.6
-37286.3
-37263.9
-37312
-37285.9
-37263.7
-37312.1
-37285.9
-37263.7
-37312.4
-37286.3
-37264
-37312.1
-37285.9
-37263.7
-37312.3
-37286
-37263.8
-37311.8
-37285.5
-37263.4
-37312
-37285.8
-37263.6
-37311.6
-37285.4
-37263.3
-37312.1
-37285.9
-37263.6
-37312.1
-37285.9
-37263.7
-37311.9
-37285.7
-37263.5
-37312.1
-37285.8
-37263.6
-37312
-37285.8
-37263.5
-37312.3
-37286
-37263.8
-37312.3
-37286
-37263.8
-37312.4
-37286.1
-37263.8
-37311.6
-37285.4
-37263.3
-37311.6
-37285.4
-37263.2
-37311.5
-37285.3
-37263.1
-37311.8
-37285.6
-37263.4
-37311.8
-37285.7
-37263.3
-37312
-37285.8
-37263.5
-37310.6
-37284.5
-37262.5
-37310.5
-37284.4
-37262.4
-37312.3
-37286.1
-37263.8
-37311.6
-37285.3
-37263.2
-37311.6
-37285.4
-37263.3
-37311.4
-37285.2
-37263.1
-37312.1
-37285.8
-37263.5
-37311
-37284.8
-37262.7
-37310.9
-37284.8
-37262.7
-37311.7
-37285.6
-37263.3
-37311.9
-37285.7
-37263.4
-37312.1
-37286
-37263.7
-37312.5
-37286.2
-37264
-37312.7
-37286.4
-37264.1
-37312
-37285.9
-37263.6
-37312.2
-37286
-37263.7
-37311.5
-37285.3
-37263.2
-37311.4
-37285.2
-37263.1
-37312.3
-37286.2
-37263.9
-37311.9
-37285.6
-37263.5
-37311.8
-37285.6
-37263.5
-37311.6
-37285.4
-37263.3
-37312.4
-37286.1
-37263.8
-37312.4
-37286.1
-37263.9
-37311.4
-37285.2
-37263.1
-37311.9
-37285.6
-37263.5
-37311.9
-37285.8
-37263.5
-37312.1
-37285.9
-37263.7
-37312.3
-37286.1
-37263.8
-37312.4
-37286.1
-37263.8
-37312.3
-37286
-37263.8
-37311.9
-37285.6
-37263.6
-37311.7
-37285.5
-37263.4
-37311.5
-37285.3
-37263.3
-37311.4
-37285.2
-37263.1
-37312.2
-37286
-37263.7
-37311.1
-37284.9
-37262.8
-37311.8
-37285.5
-37263.3
-37312
-37285.8
-37263.6
-37312.7
-37286.6
-37264.2
-37311.9
-37285.7
-37263.6
-37311.6
-37285.4
-37263.3
-37312.3
-37286
-37263.8
-37312.3
-37286.1
-37263.8
-37311.7
-37285.4
-37263.2
-37311.9
-37285.6
-37263.4
-37311.3
-37285.2
-37263.2
-37312.4
-37286.3
-37263.9
-37311.7
-37285.5
-37263.3
-37311.9
-37285.7
-37263.4
-37312.3
-37286.2
-37263.8
-37311.1
-37285
-37262.9
-37312.7
-37286.5
-37264.1
-37312.1
-37285.9
-37263.7
-37312
-37286
-37263.8
-37311.6
-37285.5
-37263.1
-37310.6
-37284.5
-37262.4
-37311.5
-37285.4
-37263.3
-37312
-37285.8
-37263.5
-37312
-37285.8
-37263.5
-37311.7
-37285.7
-37263.5
-37311.8
-37285.7
-37263.5
-37310.7
-37284.6
-37262.6
-37312.2
-37286
-37263.7
-37311.6
-37285.4
-37263.1
-37312.3
-37286.2
-37263.7
-37311
-37284.9
-37262.6
-37311.8
-37285.8
-37263.6
-37311.6
-37285.5
-37263.4
-37310.5
-37284.4
-37262.3
-37310.6
-37284.5
-37262.6
-37312.6
-37286.5
-37264
-37312.1
-37285.9
-37263.6
-37311
-37284.9
-37262.9
-37312.5
-37286.3
-37264
-37311.5
-37285.4
-37263.3
-37312.3
-37286.1
-37263.8
-37311.6
-37285.4
-37263.3
-37312.7
-37286.5
-37264
-37311.7
-37285.5
-37263.2
-37311
-37284.9
-37262.9
-37311.8
-37285.7
-37263.4
-37309.8
-37283.8
-37261.9
-37311.7
-37285.6
-37263.2
-37310.5
-37284.4
-37262.4
-37312.7
-37286.5
-37264.1
-37312.1
-37285.9
-37263.6
-37312.9
-37286.7
-37264.2
-37311.7
-37285.6
-37263.2
-37310.9
-37284.8
-37262.8
-37312.4
-37286.2
-37263.8
-37311.4
-37285.3
-37263
-37311.8
-37285.7
-37263.3
-37310.2
-37284.2
-37262.2
-37310.5
-37284.4
-37262.5
-37312.4
-37286.3
-37263.9
-37311.3
-37285.2
-37263
-37310.8
-37284.9
-37262.6
-37311.2
-37285.2
-37262.8
-37311
-37285
-37262.7
-37311.6
-37285.5
-37263.3
-37311.3
-37285.3
-37263.1
-37310.8
-37284.7
-37262.6
-37311.5
-37285.5
-37263.4
-37310.9
-37284.8
-37262.6
-37310.4
-37284.3
-37262.2
-37310.5
-37284.4
-37262.5
-37312.5
-37286.3
-37263.9
-37311
-37285
-37262.8
-37311.1
-37285.1
-37262.9
-37311.4
-37285.3
-37263.1
-37311.6
-37285.5
-37263.3
-37311.8
-37285.5
-37263.3
-37312.2
-37286
-37263.7
-37312
-37285.8
-37263.6
-37311.7
-37285.5
-37263.4
-37312.2
-37285.9
-37263.7
-37310.6
-37284.5
-37262.4
-37311.9
-37285.6
-37263.3
-37311.8
-37285.6
-37263.4
-37311.6
-37285.4
-37263.3
-37312.3
-37286
-37263.8
-37310.8
-37284.7
-37262.6
-37311.1
-37284.9
-37262.8
-37311.8
-37285.6
-37263.3
-37311.7
-37285.5
-37263.3
-37312.1
-37285.9
-37263.7
-37312
-37285.8
-37263.6
-37312.3
-37286
-37263.8
-37312
-37285.8
-37263.6
-37312.2
-37286
-37263.7
-37311.5
-37285.3
-37263.2
-37312.2
-37285.9
-37263.7
-37311.1
-37285
-37262.8
-37312.1
-37286
-37263.6
-37310.8
-37284.7
-37262.6
-37311.9
-37285.8
-37263.4
-37310.7
-37284.6
-37262.4
-37311.4
-37285.2
-37263.1
-37311.3
-37285.1
-37263.1
-37312.2
-37286
-37263.6
-37311.7
-37285.4
-37263.2
-37311.6
-37285.5
-37263.3
-37310.7
-37284.6
-37262.4
-37312.2
-37286
-37263.7
-37311.9
-37285.7
-37263.5
-37311.8
-37285.6
-37263.5
-37312.6
-37286.4
-37264
-37312.2
-37286
-37263.5
-37310.4
-37284.3
-37262.1
-37311.7
-37285.5
-37263.1
-37310.4
-37284.2
-37262.1
-37312.2
-37286.1
-37263.7
-37312.1
-37285.9
-37263.6
-37310.3
-37284.3
-37262.2
-37311.8
-37285.7
-37263.1
-37309.8
-37283.7
-37261.6
-37312
-37285.8
-37263.5
-37312.5
-37286.3
-37263.9
-37311.9
-37285.7
-37263.4
-37311.7
-37285.6
-37263.5
-37310.1
-37284.1
-37261.9
-37312
-37285.8
-37263.5
-37312.6
-37286.4
-37264
-37311.9
-37285.7
-37263.6
-37311.9
-37285.6
-37263.5
-37312.6
-37286.3
-37264
-37312.4
-37286.2
-37263.9
-37311.1
-37284.9
-37262.8
-37310.7
-37284.5
-37262.4
-37311.9
-37285.7
-37263.3
-37311
-37284.9
-37262.7
-37310.3
-37284.3
-37262.2
-37312.3
-37286.2
-37263.8
-37310.9
-37284.9
-37262.7
-37312.2
-37286
-37263.6
-37311.4
-37285.2
-37263
-37312.4
-37286.3
-37263.9
-37310.6
-37284.5
-37262.5
-37311.2
-37285.1
-37263
-37310.1
-37284.1
-37262
-37311.8
-37285.6
-37263.4
-37312.2
-37285.9
-37263.6
-37311.7
-37285.5
-37263.3
-37312.1
-37285.8
-37263.6
-37312.5
-37286.4
-37264
-37312.4
-37286.2
-37263.8
-37311.9
-37285.7
-37263.5
-37312.5
-37286.3
-37264
-37310.5
-37284.4
-37262.2
-37311.5
-37285.4
-37262.9
-37310.2
-37284
-37261.9
-37311.7
-37285.4
-37263.3
-37313
-37286.9
-37264.4
-37311.9
-37285.7
-37263.4
-37311.8
-37285.6
-37263.5
-37311.8
-37285.7
-37263.1
-37309.9
-37283.9
-37261.8
-37311.4
-37285.3
-37263
-37310.1
-37284
-37261.9
-37311
-37284.8
-37262.7
-37311.4
-37285.2
-37263.1
-37312.2
-37286.1
-37263.6
-37312
-37285.9
-37263.7
-37312.1
-37285.9
-37263.6
-37311.6
-37285.4
-37263.2
-37312
-37285.8
-37263.5
-37311.9
-37285.7
-37263.6
-37312.6
-37286.4
-37264
-37312.1
-37285.9
-37263.6
-37312.5
-37286.3
-37264
-37312.5
-37286.2
-37263.9
-37310.8
-37284.7
-37262.6
-37311.6
-37285.4
-37263.1
-37311.2
-37285.1
-37262.9
-37311.1
-37285.1
-37263
-37311.3
-37285
-37262.9
-37311.8
-37285.5
-37263.3
-37312
-37285.8
-37263.6
-37311.9
-37285.7
-37263.5
-37310.7
-37284.6
-37262.5
-37311.1
-37284.9
-37262.8
-37311.8
-37285.5
-37263.3
-37312.2
-37286
-37263.7
-37312.3
-37286
-37263.8
-37311.7
-37285.5
-37263.3
-37311
-37284.8
-37262.8
-37311.6
-37285.3
-37263.1
-37312.5
-37286.3
-37264
-37312.2
-37286
-37263.7
-37311.9
-37285.7
-37263.5
-37312
-37285.7
-37263.4
-37312.3
-37286
-37263.7
-37312.2
-37285.9
-37263.7
-37311.7
-37285.6
-37263.4
-37311.4
-37285.3
-37263.2
-37312.4
-37286.2
-37264
-37310.2
-37284.2
-37262.2
-37310.9
-37284.8
-37262.7
-37311.9
-37285.9
-37263.5
-37312.5
-37286.3
-37263.9
-37311.2
-37285
-37262.9
-37313
-37286.9
-37264.3
-37310.6
-37284.5
-37262.5
-37311.2
-37285.1
-37262.9
-37312.2
-37286.1
-37263.7
-37311.9
-37285.8
-37263.6
-37311.2
-37285
-37262.9
-37312.6
-37286.5
-37264
-37310.7
-37284.7
-37262.6
-37311.5
-37285.4
-37263.2
-37312.3
-37286.3
-37263.9
-37312.1
-37285.9
-37263.7
-37312.3
-37286.1
-37263.8
-37311.6
-37285.4
-37263.1
-37312.7
-37286.5
-37264.1
-37310.6
-37284.6
-37262.5
-37311.5
-37285.4
-37263.2
-37312.7
-37286.6
-37264.2
-37310.7
-37284.7
-37262.6
-37311.4
-37285.2
-37263.1
-37312.3
-37286.3
-37263.9
-37310.2
-37284.2
-37262.2
-37311.1
-37285
-37262.8
-37312.2
-37286.1
-37263.7
-37312.2
-37286.1
-37263.8
-37312.2
-37286
-37263.8
-37312.8
-37286.6
-37264.1
-37311.7
-37285.6
-37263.4
-37311.6
-37285.5
-37263.3
-37312.7
-37286.5
-37264.2
-37312
-37286
-37263.7
-37311.6
-37285.5
-37263.3
-37312.8
-37286.7
-37264.2
-37311.7
-37285.7
-37263.4
-37312
-37286
-37263.6
-37313
-37286.9
-37264.4
-37310.7
-37284.7
-37262.7
-37310.7
-37284.7
-37262.4
-37310.1
-37284.1
-37262.2
-37311.7
-37285.5
-37263.2
-37312.4
-37286.4
-37264
-37310.1
-37284.1
-37262.1
-37311.4
-37285.2
-37263
-37312.5
-37286.5
-37264
-37312.1
-37286
-37263.7
-37312
-37285.9
-37263.6
-37312.4
-37286.3
-37263.8
-37312.4
-37286.2
-37263.8
-37311.1
-37285
-37262.9
-37313.3
-37287.1
-37264.5
-37311.9
-37285.9
-37263.5
-37311.4
-37285.3
-37263.1
-37312.8
-37286.7
-37264.2
-37310.3
-37284.3
-37262.3
-37310.5
-37284.4
-37262.3
-37311.6
-37285.5
-37263.3
-37311.8
-37285.7
-37263.4
-37312.5
-37286.3
-37264
-37312.1
-37286
-37263.7
-37312.8
-37286.6
-37264.1
-37311.9
-37285.7
-37263.5
-37312
-37285.8
-37263.5
-37312.1
-37285.9
-37263.7
-37312
-37285.9
-37263.7
-37312.8
-37286.6
-37264.1
-37311.7
-37285.5
-37263.4
-37312.4
-37286.2
-37263.9
-37311.5
-37285.3
-37263.1
-37311.7
-37285.5
-37263.2
-37311.7
-37285.6
-37263.4
-37311.7
-37285.5
-37263.3
-37312.6
-37286.5
-37264.1
-37312.3
-37286.1
-37263.6
-37311.9
-37285.6
-37263.3
-37311.3
-37285.1
-37262.9
-37311.8
-37285.6
-37263.3
-37312.1
-37285.9
-37263.7
-37312.6
-37286.2
-37264
-37312.8
-37286.4
-37264.1
-37312.8
-37286.5
-37264.2
-37312.9
-37286.7
-37264.2
-37312.4
-37286.2
-37263.8
-37311.9
-37285.7
-37263.5
-37312.3
-37286.1
-37263.8
-37312.2
-37286.1
-37263.8
-37312.3
-37286.2
-37263.9
-37312.4
-37286.3
-37263.9
-37311.1
-37284.9
-37262.9
-37311
-37284.9
-37262.8
-37310.9
-37284.9
-37262.8
-37311.3
-37285.2
-37263.1
-37312.4
-37286.4
-37264
-37312.2
-37286.1
-37263.6
-37311.6
-37285.4
-37263.2
-37310.8
-37284.7
-37262.5
-37311.6
-37285.4
-37263.2
-37311.5
-37285.5
-37263.4
-37311.4
-37285.3
-37263.2
-37312.3
-37286.2
-37263.9
-37312.4
-37286.3
-37264
-37313.1
-37286.9
-37264.4
-37312.5
-37286.3
-37263.8
-37311.7
-37285.5
-37263.2
-37311.4
-37285.2
-37263
-37311.6
-37285.5
-37263.2
-37311.6
-37285.5
-37263.2
-37312.7
-37286.5
-37264.1
-37311.1
-37285.1
-37263
-37311.8
-37285.6
-37263.4
-37312.5
-37286.5
-37264.1
-37311.5
-37285.5
-37263.3
-37311.7
-37285.5
-37263.2
-37311.7
-37285.6
-37263.5
-37311.8
-37285.7
-37263.4
-37312.8
-37286.6
-37264.1
-37311.4
-37285.3
-37263.2
-37311.1
-37285.1
-37262.9
-37311.2
-37285.1
-37263.1
-37312.3
-37286.2
-37263.7
-37312
-37285.8
-37263.5
-37311.5
-37285.3
-37263.1
-37311.8
-37285.6
-37263.3
-37311.9
-37285.8
-37263.6
-37312.3
-37286
-37263.8
-37312.4
-37286.1
-37263.9
-37312.7
-37286.4
-37264
-37311.8
-37285.5
-37263.4
-37312.5
-37286.4
-37263.9
-37312
-37285.8
-37263.4
-37311.5
-37285.2
-37263
-37311.8
-37285.5
-37263.2
-37311.6
-37285.4
-37263.1
-37311.2
-37285.2
-37263.2
-37311.6
-37285.4
-37263.2
-37311.7
-37285.5
-37263.3
-37312.3
-37286
-37263.7
-37312.2
-37285.9
-37263.8
-37312.8
-37286.5
-37264.3
-37312.7
-37286.4
-37264.1
-37311.5
-37285.4
-37263.3
-37311.6
-37285.5
-37263.4
-37311.3
-37285.2
-37263.1
-37311.3
-37285.2
-37263.1
-37310.9
-37284.8
-37262.8
-37310.5
-37284.4
-37262.4
-37311.2
-37285.1
-37263
-37310.6
-37284.5
-37262.4
-37311.1
-37285
-37262.9
-37310.3
-37284.4
-37262.3
-37311.8
-37285.7
-37263.5
-37311.8
-37285.7
-37263.5
-37312.9
-37286.7
-37264.3
-37312.5
-37286.4
-37264
-37313
-37286.9
-37264.4
-37310.6
-37284.5
-37262.5
-37310.8
-37284.7
-37262.7
-37311.4
-37285.3
-37263.2
-37312.2
-37285.9
-37263.7
-37312
-37285.6
-37263.4
-37312
-37285.6
-37263.4
-37312.2
-37286
-37263.7
-37311.9
-37285.7
-37263.5
-37311.8
-37285.6
-37263.4
-37312.3
-37286.1
-37263.7
-37312
-37285.8
-37263.5
-37311.8
-37285.6
-37263.4
-37312.3
-37286
-37263.7
-37312.2
-37286
-37263.7
-37312.1
-37285.8
-37263.6
-37311.9
-37285.7
-37263.4
-37312
-37285.8
-37263.5
-37312.1
-37285.9
-37263.7
-37312.2
-37286
-37263.7
-37312.4
-37286.2
-37263.7
-37311.8
-37285.5
-37263.4
-37312.1
-37285.9
-37263.6
-37312
-37285.8
-37263.6
-37312.4
-37286.3
-37263.9
-37311.1
-37284.9
-37262.9
-37311.8
-37285.6
-37263.4
-37312.1
-37286
-37263.7
-37312.1
-37286
-37263.6
-37312.5
-37286.3
-37263.9
-37312.3
-37286.1
-37263.9
-37312.2
-37286.1
-37263.8
-37313
-37286.8
-37264.3
-37312.6
-37286.4
-37264
-37312.3
-37286
-37263.8
-37313.1
-37286.8
-37264.4
-37312.8
-37286.5
-37264.1
-37311.7
-37285.4
-37263.3
-37311.8
-37285.5
-37263.5
-37312.7
-37286.5
-37264.2
-37312.7
-37286.3
-37264
-37312.5
-37286.1
-37263.9
-37310.3
-37284.2
-37262.2
-37312.6
-37286.4
-37263.9
-37311.7
-37285.4
-37263.1
-37312
-37285.8
-37263.5
-37311.7
-37285.5
-37263.2
-37311.7
-37285.5
-37263.2
-37311.8
-37285.7
-37263.4
-37311.8
-37285.6
-37263.4
-37312
-37285.8
-37263.5
-37311.9
-37285.8
-37263.4
-37310.8
-37284.6
-37262.5
-37311.9
-37285.6
-37263.4
-37312.1
-37285.9
-37263.5
-37312.7
-37286.6
-37264.2
-37312.3
-37286.1
-37263.8
-37312.3
-37286.2
-37264
-37312.7
-37286.5
-37264.1
-37312.2
-37286
-37263.7
-37312.4
-37286.2
-37263.9
-37312.4
-37286.3
-37264
-37310.3
-37284.2
-37262.3
-37312.1
-37285.9
-37263.5
-37312.2
-37286
-37263.5
-37311.9
-37285.6
-37263.3
-37312
-37285.8
-37263.5
-37311.9
-37285.7
-37263.4
-37311.8
-37285.7
-37263.3
-37311.3
-37285
-37262.9
-37311.9
-37285.7
-37263.4
-37312.3
-37286.1
-37263.8
-37312.5
-37286.3
-37264.1
-37313
-37286.8
-37264.3
-37312.4
-37286.2
-37263.9
-37312.4
-37286.2
-37263.9
-37312.8
-37286.6
-37264.2
-37312.6
-37286.3
-37264
-37312.8
-37286.5
-37264.1
-37311.9
-37285.7
-37263.6
-37311.7
-37285.4
-37263.3
-37312.3
-37286
-37263.7
-37311.8
-37285.5
-37263.3
-37311.9
-37285.6
-37263.4
-37312.1
-37285.9
-37263.6
-37312.1
-37285.9
-37263.5
-37312.2
-37286
-37263.8
-37312.3
-37286.1
-37263.7
-37311.6
-37285.4
-37263.3
-37311.7
-37285.5
-37263.4
-37312.2
-37286
-37263.7
-37312.7
-37286.5
-37264
-37312.6
-37286.3
-37264
-37312
-37285.9
-37263.6
-37312.1
-37286
-37263.8
-37312.3
-37286.1
-37263.8
-37312.7
-37286.5
-37264
-37312.2
-37285.9
-37263.6
-37312.1
-37285.8
-37263.7
-37312.5
-37286.2
-37264
-37312.7
-37286.4
-37264
-37310.7
-37284.7
-37262.7
-37312.2
-37286.2
-37263.8
-37311
-37284.9
-37262.7
-37312.6
-37286.4
-37263.9
-37312
-37285.9
-37263.6
-37311
-37284.8
-37262.7
-37312.5
-37286.4
-37263.9
-37310.4
-37284.4
-37262.3
-37312.2
-37285.9
-37263.6
-37311.9
-37285.9
-37263.7
-37312.1
-37286
-37263.7
-37311.2
-37285
-37263
-37312.4
-37286.3
-37263.9
-37311.3
-37285.3
-37263.1
-37310.6
-37284.6
-37262.6
-37311.2
-37285
-37262.9
-37312
-37286
-37263.6
-37311.2
-37285.1
-37263.1
-37310.3
-37284.2
-37262.2
-37312.8
-37286.7
-37264.2
-37311.6
-37285.4
-37263.2
-37311.9
-37285.7
-37263.4
-37312.3
-37286.1
-37263.7
-37311
-37284.8
-37262.7
-37311.9
-37285.6
-37263.3
-37311.7
-37285.5
-37263.2
-37311.8
-37285.5
-37263.2
-37311.7
-37285.5
-37263.3
-37311.7
-37285.5
-37263.3
-37311.7
-37285.6
-37263.3
-37311.7
-37285.5
-37263.2
-37313.1
-37286.9
-37264.3
-37312.1
-37285.8
-37263.6
-37312.4
-37286.1
-37263.9
-37312.1
-37286
-37263.7
-37312
-37285.8
-37263.6
-37312.3
-37286.1
-37263.9
-37312.3
-37286.2
-37263.9
-37311.8
-37285.7
-37263.4
-37310.7
-37284.6
-37262.5
-37312.3
-37286.2
-37263.7
-37311.6
-37285.5
-37263.2
-37311.1
-37285
-37262.7
-37312.4
-37286.2
-37263.7
-37310.1
-37284
-37262
-37310.5
-37284.5
-37262.6
-37311.6
-37285.5
-37263.3
-37310.7
-37284.7
-37262.7
-37311.2
-37285
-37263
-37311.4
-37285.4
-37263.1
-37311
-37284.9
-37262.6
-37311.3
-37285.2
-37263
-37311.1
-37284.9
-37262.9
-37311.7
-37285.6
-37263.3
-37310.3
-37284.2
-37262.1
-37311.6
-37285.5
-37263.1
-37312
-37285.8
-37263.4
-37311.6
-37285.4
-37263.3
-37311.6
-37285.6
-37263.3
-37310.9
-37284.9
-37262.9
-37311.2
-37285.1
-37263.1
-37310
-37284
-37262
-37312.3
-37286.2
-37263.8
-37311.3
-37285.1
-37262.9
-37311.8
-37285.6
-37263.3
-37311.7
-37285.5
-37263.2
-37311.7
-37285.5
-37263.2
-37311.8
-37285.7
-37263.4
-37311.7
-37285.5
-37263.2
-37313
-37286.8
-37264.3
-37311.9
-37285.7
-37263.6
-37312.7
-37286.5
-37264.1
-37311.3
-37285.2
-37263.1
-37312.2
-37286.1
-37263.8
-37312.5
-37286.4
-37264
-37312
-37285.8
-37263.5
-37311.6
-37285.4
-37263.2
-37310.9
-37284.9
-37262.8
-37311.3
-37285.1
-37263
-37311.2
-37285.2
-37263
-37310.2
-37284.3
-37262.3
-37311.3
-37285.1
-37262.9
-37310.7
-37284.5
-37262.4
-37312.1
-37286
-37263.6
-37310.9
-37284.9
-37262.8
-37311.4
-37285.3
-37263.2
-37311.5
-37285.4
-37263.3
-37312.1
-37286.1
-37263.8
-37312.1
-37286
-37263.7
-37312.9
-37286.7
-37264.2
-37311.2
-37285.2
-37263
-37310.4
-37284.4
-37262.4
-37311.1
-37285
-37262.8
-37312.1
-37286.1
-37263.7
-37312.5
-37286.4
-37264.1
-37312.9
-37286.6
-37264.2
-37312.1
-37286
-37263.7
-37311.9
-37285.8
-37263.6
-37312.4
-37286.2
-37263.9
-37309.5
-37283.5
-37261.6
-37311.7
-37285.5
-37263.2
-37311.7
-37285.5
-37263.1
-37312
-37285.8
-37263.4
-37311.5
-37285.3
-37263.1
-37311.9
-37285.7
-37263.4
-37312.2
-37286.1
-37263.6
-37311.5
-37285.2
-37263
-37311.9
-37285.7
-37263.4
-37312.3
-37286.1
-37263.8
-37312.5
-37286.3
-37264
-37312.4
-37286.2
-37263.9
-37312.5
-37286.3
-37263.8
-37312.5
-37286.2
-37263.9
-37313
-37286.8
-37264.4
-37312.6
-37286.3
-37264
-37311
-37284.8
-37262.7
-37310.5
-37284.4
-37262.3
-37311
-37284.9
-37262.8
-37311.1
-37285
-37263
-37311.8
-37285.7
-37263.4
-37311.6
-37285.5
-37263.2
-37312.3
-37286.1
-37263.6
-37311.5
-37285.5
-37263.3
-37311.6
-37285.4
-37263.3
-37310.8
-37284.8
-37262.8
-37311.5
-37285.4
-37263.2
-37310.2
-37284.2
-37262
-37311.8
-37285.6
-37263.2
-37312.3
-37286.1
-37263.6
-37311.7
-37285.6
-37263.3
-37312.5
-37286.3
-37263.8
-37310.9
-37284.8
-37262.7
-37311.2
-37285.1
-37263
-37311.9
-37285.8
-37263.5
-37311
-37285
-37263
-37311.7
-37285.6
-37263.5
-37310.7
-37284.7
-37262.7
-37311.6
-37285.5
-37263.3
-37311.5
-37285.3
-37263
-37311.7
-37285.5
-37263.3
-37311.8
-37285.6
-37263.3
-37311.9
-37285.8
-37263.3
-37311.7
-37285.5
-37263.2
-37312.3
-37286.2
-37263.8
-37312.1
-37285.9
-37263.6
-37312.4
-37286.3
-37264
-37312.4
-37286.2
-37263.9
-37312.8
-37286.6
-37264.2
-37312.9
-37286.7
-37264.3
-37310.8
-37284.8
-37262.8
-37310.1
-37284.1
-37262.2
-37310.9
-37284.7
-37262.7
-37310.8
-37284.7
-37262.7
-37311.9
-37285.7
-37263.5
-37311.7
-37285.5
-37263.3
-37311.9
-37285.7
-37263.5
-37312
-37285.7
-37263.5
-37312.2
-37285.9
-37263.6
-37312
-37285.7
-37263.4
-37312.1
-37286
-37263.7
-37311.8
-37285.7
-37263.4
-37312
-37285.9
-37263.6
-37312.3
-37286.1
-37263.6
-37310.8
-37284.6
-37262.5
-37311.8
-37285.5
-37263.2
-37312.1
-37286
-37263.6
-37312.5
-37286.4
-37263.9
-37312.5
-37286.2
-37263.9
-37311.9
-37285.7
-37263.5
-37312
-37285.9
-37263.6
-37312.2
-37286.1
-37263.7
-37312.5
-37286.4
-37263.9
-37312.1
-37285.8
-37263.6
-37312.3
-37286
-37263.8
-37312.5
-37286.3
-37263.9
-37310.4
-37284.3
-37262.3
-37311.7
-37285.5
-37263.2
-37312.3
-37286.1
-37263.6
-37311.4
-37285.1
-37263
-37311.8
-37285.5
-37263.2
-37311.5
-37285.3
-37263
-37311.7
-37285.6
-37263.3
-37311.8
-37285.6
-37263.3
-37312.9
-37286.7
-37264.2
-37312.1
-37285.9
-37263.6
-37312.2
-37286.1
-37263.8
-37312.6
-37286.4
-37264
-37311.5
-37285.3
-37263.2
-37312.4
-37286.3
-37264
-37312.7
-37286.6
-37264
-37311.7
-37285.5
-37263.2
-37311.5
-37285.3
-37263
-37311.6
-37285.5
-37263.2
-37311.8
-37285.6
-37263.3
-37312.4
-37286.1
-37263.6
-37312
-37285.7
-37263.4
-37312.5
-37286.4
-37264.1
-37312.7
-37286.5
-37264.1
-37312.1
-37286
-37263.8
-37313.1
-37286.9
-37264.3
-37312
-37285.7
-37263.5
-37312.2
-37285.8
-37263.5
-37311.9
-37285.8
-37263.5
-37310.7
-37284.6
-37262.5
-37311.9
-37285.8
-37263.5
-37312.4
-37286.2
-37263.7
-37311.1
-37284.9
-37262.8
-37311.9
-37285.7
-37263.5
-37312.1
-37285.9
-37263.7
-37312.6
-37286.4
-37264
-37312
-37285.9
-37263.6
-37312.7
-37286.5
-37264
)
;

boundaryField
{
    sphere_to_oil
    {
        type            calculated;
        value           nonuniform List<scalar> 
1536
(
-37261.9
-37262.1
-37262.1
-37262.5
-37262.3
-37262.6
-37262.8
-37262.4
-37262.5
-37262.9
-37262.3
-37262.1
-37262.5
-37262.8
-37262.3
-37262.9
-37261.1
-37261.4
-37262.3
-37262.4
-37262.4
-37261.7
-37261.9
-37262.1
-37262.2
-37262.1
-37261.9
-37262.1
-37262.2
-37262.4
-37262.3
-37262.4
-37262.4
-37261.8
-37261.8
-37262.2
-37261.8
-37261.9
-37262.2
-37261.9
-37262.1
-37261.9
-37262.4
-37262.3
-37262.2
-37262.6
-37261.9
-37261.9
-37262.9
-37262.8
-37262.8
-37262.8
-37262
-37262
-37262.4
-37262.2
-37262.7
-37262.8
-37262.2
-37262.3
-37262.5
-37262.4
-37262.6
-37262.1
-37262.3
-37262.1
-37261.7
-37262.6
-37262.6
-37262.6
-37261.4
-37263.2
-37263
-37262.9
-37261.3
-37262.6
-37262.8
-37263.1
-37262.9
-37261.4
-37261.8
-37261.9
-37262.7
-37262.2
-37262.5
-37262.2
-37263
-37262.8
-37262.7
-37262.4
-37262.5
-37262.1
-37262.3
-37262.1
-37262.3
-37261.9
-37261.4
-37262.5
-37262.4
-37262.7
-37262.7
-37261.4
-37262.4
-37262.6
-37263
-37262.9
-37261.3
-37263.3
-37263.1
-37262.5
-37262.7
-37262.8
-37261.9
-37262
-37262.7
-37262.8
-37263
-37262.5
-37262.2
-37262.4
-37262.8
-37262.6
-37262.2
-37262.3
-37261.7
-37261.9
-37262.2
-37262.5
-37261.8
-37261.9
-37262.1
-37262.5
-37262.5
-37262.8
-37262.8
-37262
-37262.1
-37262
-37262.9
-37262.6
-37262.2
-37262.2
-37262.3
-37262.3
-37262.6
-37262.5
-37261.7
-37261.9
-37261.9
-37261
-37261.3
-37262
-37262.1
-37262
-37262.1
-37262.2
-37261.5
-37262
-37260.9
-37261.6
-37261.4
-37261.9
-37261.8
-37261.8
-37262.1
-37261.7
-37261.9
-37261.8
-37261.3
-37261.7
-37262.6
-37262.7
-37262.7
-37262.6
-37262.8
-37262.6
-37261.5
-37262.3
-37261.7
-37260.9
-37261.7
-37261.5
-37261.7
-37261.5
-37262
-37261.4
-37261.9
-37262.5
-37262.5
-37262.7
-37263.1
-37262.6
-37262.6
-37262.4
-37262.6
-37262.9
-37262.5
-37262.4
-37262.8
-37262.7
-37262.7
-37263.1
-37262.1
-37262
-37262
-37262.3
-37262.6
-37262.2
-37262.2
-37262.4
-37262.6
-37262.7
-37262.8
-37262.6
-37262.6
-37262.3
-37262.6
-37262.9
-37263.1
-37263.4
-37262.7
-37262.7
-37262.5
-37262.8
-37263
-37261.9
-37262.2
-37262.3
-37262.3
-37262.8
-37262.1
-37262.4
-37262.3
-37262.4
-37261.9
-37261.9
-37261.8
-37262.2
-37262.3
-37263
-37262.9
-37262.4
-37261.8
-37262.3
-37262.8
-37262.9
-37262.7
-37262.2
-37261.9
-37261.9
-37263
-37262.3
-37262.6
-37262.5
-37262.4
-37262.7
-37262.6
-37262.2
-37262.2
-37261.4
-37261.2
-37261.6
-37262.4
-37261.2
-37261.7
-37262.1
-37262.1
-37262.5
-37262
-37262
-37261.9
-37262.3
-37262.3
-37262.7
-37262.6
-37262.3
-37262.5
-37262.6
-37262.7
-37261.9
-37261.7
-37261.7
-37262.2
-37262.2
-37263.1
-37262.8
-37262.9
-37262
-37262.2
-37261.7
-37261.6
-37262.1
-37262.3
-37262.7
-37262.5
-37262.6
-37263.4
-37263.3
-37263.2
-37263.5
-37263.2
-37263.3
-37263.1
-37262.7
-37262.7
-37261.2
-37261.5
-37261.7
-37261.6
-37262.1
-37261.1
-37261.8
-37262.9
-37262.8
-37262.8
-37262.7
-37262.8
-37262.7
-37262.3
-37262.3
-37262.1
-37262.5
-37262.3
-37262.4
-37262
-37262
-37262
-37262.4
-37262.3
-37261.8
-37261.9
-37262.2
-37262.6
-37262.9
-37263
-37262.6
-37262.7
-37262.4
-37262.7
-37262.3
-37262.5
-37262.5
-37262.5
-37262.4
-37262.8
-37262.9
-37263.2
-37263.3
-37263.3
-37263.2
-37263.3
-37263.1
-37262.5
-37262.1
-37262.1
-37262
-37262.4
-37261.7
-37262.3
-37262
-37261.9
-37261.9
-37262.3
-37262.2
-37261.7
-37262.3
-37262.7
-37262.7
-37263.1
-37263.1
-37262.8
-37262.7
-37262.6
-37263
-37262.9
-37262.5
-37262.6
-37262.1
-37261.6
-37261.8
-37262
-37262
-37261.8
-37262.4
-37262.8
-37262.1
-37261.7
-37261.5
-37261.8
-37261.8
-37261.8
-37262.3
-37262.3
-37262.9
-37262.8
-37262.5
-37262.6
-37262.7
-37262.5
-37263
-37262.8
-37262.4
-37262.5
-37262.4
-37262.9
-37263.2
-37262.7
-37262.7
-37262.5
-37262.8
-37263
-37263.1
-37262.8
-37263.1
-37263.1
-37262.8
-37262.9
-37262.6
-37262.4
-37262.5
-37261.7
-37262.8
-37262.4
-37262.1
-37262.1
-37262
-37262.4
-37262.5
-37262.2
-37262.1
-37262.6
-37262.8
-37262.5
-37263
-37262.8
-37263
-37262.8
-37262.3
-37262.3
-37262.1
-37262.6
-37262.6
-37262.4
-37262.8
-37263
-37263.4
-37263.2
-37263.2
-37263.2
-37263.2
-37263.3
-37262.6
-37262.7
-37261.5
-37261.7
-37261.8
-37261
-37261.9
-37261.6
-37262
-37262.6
-37262.2
-37262.3
-37262.1
-37262
-37262
-37261.9
-37262.4
-37261.9
-37261.9
-37261.9
-37262.3
-37262.2
-37261.9
-37262.1
-37261.5
-37263
-37262.7
-37262.7
-37262.4
-37263
-37262.7
-37262.7
-37262.3
-37262.9
-37262.8
-37262.4
-37262.4
-37261.2
-37260.5
-37261.5
-37260.9
-37261.2
-37261.3
-37263.2
-37263
-37262.3
-37262.5
-37262.6
-37262.7
-37260.7
-37261.5
-37261.3
-37261.2
-37261.6
-37261.3
-37260.3
-37263.1
-37263.1
-37263
-37263.2
-37263
-37262.7
-37262.7
-37262.4
-37262.4
-37262
-37262
-37261.8
-37262.4
-37262.1
-37262.2
-37261.4
-37262.5
-37262.1
-37261.8
-37261.8
-37262.7
-37263
-37262.5
-37262.8
-37262.6
-37262.7
-37262.8
-37262.9
-37262.9
-37262.7
-37262.7
-37262.5
-37263
-37262.5
-37262.6
-37262.4
-37262.8
-37262.8
-37262.8
-37262.5
-37262.6
-37262.9
-37262.8
-37262.7
-37262.2
-37261.9
-37262.9
-37262.2
-37261.6
-37261.8
-37261.2
-37262
-37261.6
-37262.1
-37262.1
-37261.8
-37261.1
-37261.8
-37261.7
-37261.9
-37262.3
-37261.3
-37262.2
-37262.2
-37262.1
-37262.3
-37261.9
-37262.1
-37261.4
-37262.2
-37262.1
-37261.6
-37261.7
-37262
-37261.1
-37261.4
-37261.9
-37261.9
-37261.7
-37262.3
-37262.4
-37261.8
-37262
-37261.8
-37262.4
-37262.3
-37262.5
-37262.5
-37262.6
-37262.9
-37262.7
-37262.9
-37262.7
-37262.5
-37262.6
-37262.3
-37262.8
-37262.9
-37262.5
-37262.4
-37262.3
-37262.8
-37263
-37260.8
-37261.6
-37261.2
-37261.2
-37261.8
-37261.4
-37260.6
-37263
-37262.8
-37262.8
-37263.1
-37263
-37262.7
-37262.6
-37262.3
-37261.1
-37261
-37261.6
-37261.8
-37260.5
-37261.4
-37260.6
-37261.4
-37261.9
-37262.5
-37263.3
-37263.2
-37263
-37262.8
-37263.1
-37263
-37263.1
-37262.4
-37262.4
-37262.3
-37262.1
-37262.1
-37261.9
-37262.1
-37261.9
-37261.6
-37261.6
-37261.6
-37262.1
-37262.3
-37262.4
-37262
-37262.1
-37261.8
-37262.4
-37262.5
-37262.4
-37262.5
-37262.2
-37263
-37262.5
-37263
-37262.7
-37263.4
-37263.7
-37262.9
-37262.8
-37262.8
-37262.6
-37263.1
-37262.9
-37262.9
-37262.5
-37262.6
-37263
-37262.8
-37262.8
-37262.4
-37262.6
-37262.9
-37263.1
-37262.9
-37262.8
-37262.9
-37262.6
-37263.1
-37263.1
-37262.5
-37262.4
-37262.5
-37262.8
-37263
-37261.7
-37262
-37262.3
-37262
-37261.4
-37261.8
-37262
-37262.4
-37261.5
-37262.7
-37262.7
-37262.7
-37262.7
-37262.8
-37262.9
-37262.8
-37262.5
-37262.5
-37262
-37262.7
-37262.5
-37262.1
-37262.2
-37262
-37262.4
-37261.4
-37261.2
-37262.3
-37262.5
-37262.7
-37262.4
-37262.9
-37262.8
-37263.1
-37262.3
-37262.4
-37262.1
-37262.6
-37262.6
-37262.8
-37262.5
-37262.5
-37262.3
-37263.2
-37263.2
-37263.1
-37263.3
-37263.3
-37263.1
-37262.6
-37262.3
-37262.1
-37262.1
-37261.6
-37262.3
-37261.8
-37261.8
-37261.7
-37262.2
-37261.9
-37261.8
-37262.1
-37262.4
-37262.3
-37262.1
-37262.7
-37262.5
-37262.6
-37262.3
-37262.3
-37263.1
-37262.8
-37262.6
-37262.4
-37262.2
-37262.5
-37262.3
-37262.7
-37262.7
-37263.2
-37261.9
-37261.9
-37261.9
-37262.1
-37262.3
-37262.6
-37261.8
-37262.2
-37261.9
-37262.2
-37262
-37262
-37261.9
-37262.2
-37262.3
-37262.5
-37263
-37262.8
-37262.6
-37262.5
-37263.1
-37263.1
-37262.9
-37262.9
-37262.9
-37262.6
-37263.2
-37263.2
-37262.5
-37262.9
-37262.8
-37262.8
-37263.1
-37262.8
-37262.9
-37262.6
-37262.6
-37262.5
-37262.6
-37262.7
-37262.6
-37262.7
-37262.6
-37262.8
-37262.8
-37262.8
-37262.4
-37262.3
-37262.2
-37262.5
-37262.4
-37262.5
-37261.6
-37261.6
-37262.8
-37262.3
-37262.3
-37262.2
-37262.6
-37261.9
-37261.9
-37262.4
-37262.5
-37262.7
-37263
-37263.1
-37262.7
-37262.7
-37262.3
-37262.3
-37262.9
-37262.6
-37262.6
-37262.5
-37262.9
-37262.9
-37262.2
-37262.5
-37262.6
-37262.7
-37262.9
-37262.9
-37262.9
-37262.6
-37262.5
-37262.4
-37262.2
-37262.8
-37261.9
-37262.3
-37262.7
-37263.2
-37262.6
-37262.4
-37262.8
-37262.8
-37262.3
-37262.4
-37262.3
-37262.9
-37262.4
-37262.4
-37262.8
-37262
-37263.1
-37262.7
-37262.9
-37262.2
-37261.5
-37262.4
-37262.5
-37262.5
-37262.7
-37262.6
-37261.8
-37262.6
-37262.1
-37262.7
-37261.7
-37262.7
-37262.4
-37261.5
-37261.9
-37263
-37262.6
-37262.1
-37262.9
-37262.4
-37262.8
-37262.4
-37262.9
-37262.2
-37262.1
-37262.4
-37261.2
-37262.2
-37261.5
-37263
-37262.6
-37263.1
-37262.2
-37262
-37262.7
-37262.1
-37262.3
-37261.3
-37261.7
-37262.9
-37262
-37261.8
-37261.9
-37261.9
-37262.4
-37262.2
-37261.7
-37262.5
-37261.8
-37261.4
-37261.7
-37262.9
-37261.9
-37262.1
-37262.3
-37262.5
-37262.4
-37262.7
-37262.7
-37262.5
-37262.8
-37261.6
-37262.4
-37262.4
-37262.4
-37262.9
-37261.7
-37261.9
-37262.4
-37262.4
-37262.8
-37262.7
-37262.9
-37262.6
-37262.8
-37262.3
-37262.7
-37261.9
-37262.6
-37261.8
-37262.3
-37261.5
-37262.2
-37262.3
-37262.6
-37262.2
-37262.4
-37261.5
-37262.7
-37262.5
-37262.6
-37263
-37262.5
-37261.2
-37262.1
-37261.3
-37262.7
-37262.7
-37261.3
-37262
-37260.8
-37262.4
-37262.9
-37262.4
-37262.6
-37261.1
-37262.6
-37263
-37262.6
-37262.6
-37263.1
-37262.9
-37262
-37261.5
-37262.4
-37261.8
-37261.3
-37262.7
-37261.8
-37262.6
-37262.1
-37262.9
-37261.7
-37262.2
-37261.2
-37262.4
-37262.6
-37262.4
-37262.6
-37263
-37262.8
-37262.7
-37263
-37261.3
-37261.9
-37261
-37262.3
-37263.3
-37262.5
-37262.5
-37262.1
-37260.9
-37262
-37261.1
-37261.9
-37262.1
-37262.7
-37262.8
-37262.7
-37262.2
-37262.6
-37262.6
-37263
-37262.6
-37263.1
-37262.9
-37261.8
-37262.2
-37262.1
-37262.1
-37262
-37262.3
-37262.7
-37262.6
-37261.6
-37261.9
-37262.3
-37262.7
-37262.8
-37262.4
-37261.9
-37262.2
-37263.1
-37262.8
-37262.6
-37262.5
-37262.8
-37262.7
-37262.4
-37262.3
-37262.9
-37261.4
-37261.8
-37262.6
-37262.9
-37262
-37263.2
-37261.7
-37262
-37262.7
-37262.6
-37262
-37262.9
-37261.8
-37262.2
-37262.9
-37262.7
-37262.8
-37262.2
-37263
-37261.7
-37262.2
-37263.2
-37261.8
-37262.2
-37263
-37261.4
-37261.9
-37262.8
-37262.8
-37262.8
-37263
-37262.5
-37262.4
-37263.1
-37262.7
-37262.2
-37263
-37262.5
-37262.5
-37263.2
-37261.8
-37261.6
-37261.4
-37262.2
-37263
-37261.3
-37262
-37263
-37262.7
-37262.6
-37262.7
-37262.8
-37262
-37263.4
-37262.5
-37262.1
-37263
-37261.5
-37261.5
-37262.4
-37262.5
-37262.9
-37262.7
-37263
-37262.5
-37262.6
-37262.7
-37262.7
-37263
-37262.5
-37263
-37262.1
-37262.2
-37262.4
-37262.4
-37263.1
-37262.6
-37262.3
-37262
-37262.4
-37262.7
-37263.1
-37263.1
-37263.3
-37263.2
-37262.8
-37262.6
-37262.8
-37262.9
-37262.9
-37262.9
-37262
-37262
-37262
-37262.2
-37263
-37262.6
-37262.2
-37261.6
-37262.3
-37262.5
-37262.3
-37262.9
-37263
-37263.2
-37262.7
-37262.2
-37262
-37262.3
-37262.2
-37263.1
-37262.2
-37262.5
-37263.2
-37262.4
-37262.1
-37262.6
-37262.5
-37263
-37262.2
-37262
-37262.2
-37262.7
-37262.5
-37262.1
-37262.4
-37262.6
-37262.9
-37262.9
-37263.1
-37262.6
-37262.8
-37262.4
-37262
-37262.3
-37262.1
-37262.3
-37262.3
-37262.3
-37262.7
-37262.9
-37263.3
-37263.2
-37262.4
-37262.5
-37262.2
-37262.2
-37261.9
-37261.6
-37262.2
-37261.6
-37261.9
-37261.5
-37262.5
-37262.5
-37263.2
-37263
-37263.2
-37261.7
-37261.9
-37262.3
-37262.7
-37262.5
-37262.5
-37262.7
-37262.6
-37262.5
-37262.8
-37262.6
-37262.5
-37262.7
-37262.7
-37262.6
-37262.5
-37262.5
-37262.7
-37262.8
-37262.7
-37262.4
-37262.6
-37262.6
-37262.8
-37262
-37262.5
-37262.7
-37262.7
-37262.8
-37262.9
-37262.8
-37263.2
-37262.9
-37262.9
-37263.4
-37263.1
-37262.5
-37262.6
-37263.2
-37263.1
-37263
-37261.4
-37262.8
-37262.1
-37262.5
-37262.3
-37262.3
-37262.5
-37262.5
-37262.4
-37262.4
-37261.6
-37262.4
-37262.5
-37263.2
-37262.9
-37263
-37263.1
-37262.7
-37262.9
-37263
-37261.4
-37262.5
-37262.5
-37262.3
-37262.5
-37262.4
-37262.3
-37262
-37262.4
-37262.8
-37263.1
-37263.3
-37263
-37263
-37263.1
-37263
-37263
-37262.6
-37262.4
-37262.7
-37262.4
-37262.5
-37262.6
-37262.6
-37262.8
-37262.7
-37262.3
-37262.5
-37262.8
-37263
-37263
-37262.7
-37262.8
-37262.8
-37263
-37262.7
-37262.8
-37263
-37263.1
-37261.8
-37262.8
-37261.8
-37262.9
-37262.6
-37261.8
-37262.8
-37261.5
-37262.6
-37262.8
-37262.8
-37262.1
-37262.9
-37262.2
-37261.8
-37262
-37262.7
-37262.2
-37261.4
-37263.1
-37262.3
-37262.4
-37262.7
-37261.8
-37262.4
-37262.3
-37262.2
-37262.3
-37262.3
-37262.3
-37262.2
-37263.3
-37262.7
-37262.9
-37262.8
-37262.7
-37262.9
-37262.9
-37262.4
-37261.5
-37262.6
-37262.2
-37261.7
-37262.6
-37261.1
-37261.8
-37262.4
-37261.9
-37262.1
-37262.3
-37261.6
-37262.1
-37262
-37262.3
-37261.2
-37262.1
-37262.3
-37262.4
-37262.4
-37262
-37262.3
-37261.2
-37262.8
-37262
-37262.4
-37262.2
-37262.2
-37262.4
-37262.3
-37263.3
-37262.7
-37263.1
-37262.2
-37262.9
-37263
-37262.5
-37262.2
-37261.9
-37262.1
-37262.1
-37261.6
-37262
-37261.6
-37262.5
-37261.9
-37262.3
-37262.4
-37262.8
-37262.7
-37263.1
-37262.1
-37261.6
-37261.9
-37262.7
-37263.1
-37263.1
-37262.7
-37262.7
-37262.9
-37260.9
-37262.2
-37262.1
-37262.4
-37262.2
-37262.4
-37262.6
-37262
-37262.4
-37262.8
-37263.1
-37263
-37262.8
-37262.9
-37263.3
-37263
-37261.7
-37261.4
-37261.9
-37262.1
-37262.5
-37262.2
-37262.5
-37262.4
-37262.3
-37262
-37262.3
-37261.2
-37262.2
-37262.5
-37262.3
-37262.6
-37261.8
-37262.1
-37262.5
-37262.2
-37262.6
-37261.9
-37262.4
-37262.1
-37262.3
-37262.3
-37262.3
-37262.2
-37262.8
-37262.6
-37263
-37262.9
-37263.2
-37263.2
-37261.9
-37261.5
-37261.8
-37261.9
-37262.5
-37262.4
-37262.6
-37262.6
-37262.6
-37262.5
-37262.7
-37262.4
-37262.7
-37262.6
-37261.6
-37262.3
-37262.6
-37262.9
-37262.9
-37262.5
-37262.7
-37262.7
-37262.9
-37262.7
-37262.9
-37263
-37261.5
-37262.2
-37262.6
-37262.1
-37262.3
-37262.1
-37262.3
-37262.3
-37263.2
-37262.6
-37262.8
-37263
-37262.3
-37263
-37262.9
-37262.3
-37262.1
-37262.3
-37262.3
-37262.6
-37262.4
-37263.1
-37263.1
-37262.9
-37263.3
-37262.6
-37262.6
-37262.5
-37261.7
-37262.6
-37262.7
-37261.9
-37262.6
-37262.7
-37262.9
-37262.7
-37263
)
;
    }
}


// ************************************************************************* //
