/*--------------------------------*- C++ -*----------------------------------*\
| =========                 |                                                 |
| \\      /  F ield         | OpenFOAM: The Open Source CFD Toolbox           |
|  \\    /   O peration     | Version:  v1912                                 |
|   \\  /    A nd           | Website:  www.openfoam.com                      |
|    \\/     M anipulation  |                                                 |
\*---------------------------------------------------------------------------*/
FoamFile
{
    version     2.0;
    format      ascii;
    class       volScalarField;
    location    "536/sphere";
    object      ddt0((betavSolid*thermo:rho),h);
}
// * * * * * * * * * * * * * * * * * * * * * * * * * * * * * * * * * * * * * //

dimensions      [1 -1 -3 0 0 0 0];


internalField   nonuniform List<scalar> 
6600
(
-12026.6
-12028.9
-12028.6
-12033.7
-12027.4
-12027.3
-12028.8
-12043.7
-12046.8
-12037.7
-12028.5
-12046.7
-12049.8
-12041.1
-12036.4
-12041
-12033.8
-12028.6
-12033.5
-12027.4
-12028.6
-12046.6
-12049.8
-12041.2
-12033.1
-12049.8
-12052.9
-12044.3
-12028.8
-12026.9
-12040.9
-12044
-12038.6
-12028.4
-12027.2
-12037.3
-12041.2
-12033.2
-12027
-12040.9
-12044.1
-12038.5
-12032.8
-12038.4
-12030.2
-12028.5
-12028.5
-12028.5
-12028.3
-12028.5
-12026.7
-12033.7
-12029.1
-12041.1
-12037.8
-12044.2
-12041.3
-12037.8
-12044.1
-12041.1
-12028.9
-12026.7
-12033.7
-12029
-12041.2
-12041.1
-12037.7
-12033.7
-12028.9
-12028.9
-12026.7
-12028.3
-12028.2
-12028.2
-12028
-12027.4
-12028.1
-12028.2
-12027.5
-12028
-12028.2
-12027.4
-12028.3
-12029.5
-12027.2
-12027.2
-12032.9
-12038.4
-12027.2
-12027.3
-12038.5
-12033.2
-12030.2
-12027.1
-12032.9
-12027
-12038.4
-12028.7
-12028.6
-12033.4
-12037.6
-12041.1
-12041
-12044
-12028.3
-12030.8
-12030.1
-12035.4
-12033.8
-12032.6
-12036
-12027.3
-12033.2
-12038.6
-12027.4
-12027.1
-12027.1
-12038.4
-12032.9
-12033.4
-12026.5
-12028.8
-12041
-12044
-12037.6
-12041
-12029.1
-12029
-12026.7
-12044.2
-12041.3
-12041.1
-12037.8
-12038.6
-12027.4
-12033.2
-12029.5
-12027.2
-12032.8
-12038.4
-12027.2
-12038.5
-12033.2
-12027.3
-12030.2
-12028.3
-12028.4
-12032.8
-12027.1
-12027
-12038.3
-12028.7
-12036.4
-12040.9
-12028.6
-12033.3
-12040.9
-12043.9
-12026.7
-12041.1
-12037.8
-12033.5
-12028.9
-12044
-12041.2
-12033.8
-12027.3
-12038.5
-12027.3
-12028.1
-12036.4
-12028.6
-12040.8
-12028.5
-12040.9
-12033.1
-12043.7
-12026.8
-12041.2
-12029.1
-12041.1
-12029
-12044.3
-12034
-12028.8
-12028.1
-12040.8
-12036.4
-12033.1
-12043.9
-12028.6
-12041
-12029
-12037.8
-12026.8
-12044.2
-12034.1
-12041.2
-12029
-12028.8
-12032.8
-12026.9
-12038.3
-12027.1
-12041
-12028.7
-12040.9
-12043.9
-12028.6
-12033.3
-12037.7
-12028.8
-12026.7
-12044
-12041.2
-12033.5
-12029
-12038.6
-12027.4
-12027.3
-12028.3
-12028.4
-12028.3
-12028.4
-12027.1
-12026.9
-12038.3
-12032.8
-12033.3
-12040.9
-12043.9
-12028.7
-12036.4
-12041
-12028.9
-12044
-12041.1
-12028.8
-12026.7
-12041.1
-12037.8
-12038.6
-12027.3
-12033.7
-12028.1
-12040.8
-12033.1
-12043.8
-12036.3
-12028.5
-12040.9
-12029.1
-12044.3
-12034
-12037.7
-12026.8
-12041.2
-12029
-12028.8
-12028
-12043.8
-12028.6
-12040.8
-12028.5
-12041
-12036.4
-12034.1
-12041.3
-12029.1
-12041.2
-12029.1
-12037.8
-12026.8
-12038.3
-12027.1
-12032.8
-12043.9
-12028.6
-12033.3
-12036.3
-12040.9
-12028.7
-12041.2
-12033.5
-12029
-12041
-12037.8
-12028.8
-12026.7
-12027.4
-12027.3
-12033.8
-12028.3
-12029.5
-12027.1
-12032.8
-12038.4
-12027.1
-12038.4
-12033.2
-12027.3
-12030.2
-12032.9
-12027
-12038.3
-12027.1
-12041
-12040.8
-12043.9
-12026.5
-12028.8
-12028.6
-12033.4
-12038.5
-12027.3
-12027.4
-12038.3
-12032.8
-12027.1
-12044
-12037.4
-12041
-12028.7
-12033.3
-12026.5
-12028.8
-12027.4
-12033.1
-12027.3
-12029.5
-12038.4
-12027.2
-12027.2
-12033.2
-12027.2
-12027.2
-12026.9
-12026.5
-12026.4
-12026.8
-12026.5
-12027.2
-12026.6
-12027.1
-12026.6
-12027.1
-12026.6
-12027
-12026.5
-12026.2
-12026.4
-12027.5
-12027.5
-12026.7
-12028.2
-12028
-12027.4
-12027.1
-12026.5
-12026.9
-12026.5
-12027.5
-12027.5
-12029
-12033.9
-12029.1
-12031.2
-12031.2
-12028.3
-12031
-12030.2
-12035.4
-12034
-12032.6
-12036.3
-12028.2
-12030.7
-12030
-12035.3
-12033.8
-12032.6
-12036
-12027.5
-12027.5
-12029
-12033.8
-12029
-12031.1
-12031.1
-12028.3
-12030.9
-12030.2
-12035.4
-12033.9
-12032.6
-12036.2
-12030.9
-12028.3
-12030.1
-12035.4
-12033.9
-12036.2
-12032.6
-12030.8
-12028.2
-12030.1
-12035.3
-12033.8
-12036
-12032.6
-12027.5
-12027.5
-12029
-12033.8
-12029.1
-12031.2
-12031.2
-12026.5
-12026.3
-12027.5
-12027.4
-12026.6
-12027.5
-12027.4
-12026.6
-12026.5
-12027.3
-12027.3
-12028.7
-12033.5
-12028.9
-12031
-12030.9
-12027.3
-12028.5
-12026.8
-12030.2
-12034.9
-12028
-12033.6
-12029.5
-12035.7
-12032.3
-12026.9
-12030.9
-12027.5
-12027.9
-12029.9
-12026.7
-12027.1
-12028.4
-12026.8
-12027.5
-12030.7
-12029.9
-12027.7
-12032.6
-12027
-12028.5
-12026.9
-12030.5
-12028.2
-12030.6
-12035.2
-12028.2
-12033.7
-12030.3
-12032.6
-12029.7
-12035.8
-12026.9
-12027.3
-12028.5
-12032.6
-12028.4
-12026.8
-12026.9
-12030.3
-12030.5
-12028.1
-12034.7
-12033.4
-12027.8
-12030.1
-12032.1
-12035.6
-12029.3
-12027.2
-12026.6
-12026.6
-12026.9
-12028.2
-12029
-12030.2
-12030.1
-12036.2
-12027.6
-12032.5
-12032.3
-12026.6
-12034.7
-12030.2
-12033.4
-12027.8
-12035.6
-12029.3
-12032.1
-12036.7
-12032.8
-12038.2
-12032.1
-12037.5
-12031.3
-12037.3
-12027.6
-12030.8
-12026.7
-12027.8
-12030
-12034.7
-12033.4
-12030.1
-12027.9
-12035.6
-12032.1
-12029.3
-12027.3
-12026.7
-12036.2
-12037.8
-12031.7
-12031.7
-12037
-12037
-12030.5
-12028.4
-12028.3
-12027.6
-12027.3
-12030.5
-12026.5
-12027.6
-12029.6
-12026.3
-12028.1
-12027.6
-12027.1
-12026.6
-12026.9
-12028.2
-12027.4
-12026.8
-12030.6
-12029.8
-12027.7
-12026.6
-12027
-12028.3
-12036.1
-12029.8
-12032.4
-12028.9
-12029.7
-12032.2
-12027.3
-12027.3
-12030.4
-12026.6
-12029.7
-12027.6
-12028.7
-12035.9
-12029.4
-12029.4
-12032.1
-12032.1
-12027.1
-12027.4
-12027.8
-12027.7
-12026.8
-12026.3
-12027.4
-12027.5
-12026.6
-12026.4
-12027.3
-12027.2
-12027.2
-12026.7
-12027.1
-12028.4
-12026.8
-12030.6
-12027.4
-12027.7
-12029.8
-12026.7
-12027
-12028.2
-12027.4
-12026.6
-12030.6
-12027.7
-12029.7
-12028.8
-12029.6
-12029.4
-12036
-12027.2
-12032.2
-12031.9
-12026.7
-12030.7
-12029.9
-12027.4
-12027.7
-12027.3
-12028.5
-12026.9
-12027.4
-12026.8
-12030.7
-12027.7
-12029.9
-12026.8
-12027.3
-12028.5
-12029.8
-12036.1
-12032.3
-12028.9
-12029.8
-12027.3
-12032.3
-12027.5
-12027.7
-12027.7
-12026.8
-12026.7
-12027.1
-12028.4
-12026.6
-12027.4
-12030.6
-12029.8
-12027.7
-12026.6
-12026.9
-12028.1
-12028.8
-12029.5
-12029.4
-12036
-12027.1
-12032.2
-12031.9
-12027.4
-12026.5
-12030.6
-12027.7
-12029.7
-12030.3
-12028
-12033.6
-12029.6
-12035.8
-12035
-12032.4
-12028
-12030.2
-12029.5
-12035
-12033.6
-12032.4
-12035.7
-12026.8
-12030.8
-12029.9
-12027.5
-12027.9
-12029.8
-12036.1
-12032.3
-12028.9
-12029.7
-12027.3
-12032.3
-12026.9
-12027.3
-12028.5
-12027.5
-12026.9
-12030.8
-12027.8
-12030
-12027.3
-12026.6
-12030.6
-12027.7
-12029.8
-12026.7
-12027.1
-12028.3
-12027.3
-12030.5
-12026.5
-12027.6
-12029.6
-12026.6
-12026.9
-12028.1
-12028.7
-12029.6
-12035.9
-12029.4
-12032.2
-12027.1
-12031.9
-12031.9
-12032
-12038.1
-12036.4
-12030.8
-12037.2
-12037.3
-12033.5
-12027.3
-12027.3
-12028.9
-12028.7
-12030.9
-12031
-12030.4
-12035
-12028.1
-12033.7
-12029.6
-12035.9
-12032.4
-12031
-12028.3
-12034
-12030.1
-12036.3
-12035.4
-12032.7
-12030.9
-12028.3
-12030.2
-12035.4
-12033.9
-12036.1
-12032.7
-12027.5
-12027.4
-12029
-12033.9
-12029.1
-12031.2
-12031.2
-12026.9
-12027.3
-12028.6
-12027.5
-12030.8
-12026.8
-12027.8
-12029.9
-12029
-12029.8
-12036.2
-12029.8
-12032.4
-12027.3
-12032.3
-12026.9
-12027.3
-12028.5
-12027.4
-12027.3
-12027.2
-12027.4
-12026.6
-12030.7
-12029.8
-12027.7
-12028.7
-12029.6
-12035.9
-12029.4
-12032.1
-12027
-12031.9
-12026.7
-12027
-12028.2
-12027.4
-12030.6
-12026.7
-12027.7
-12029.7
-12026.9
-12027.3
-12028.5
-12028.9
-12029.8
-12036.1
-12029.8
-12032.4
-12027.3
-12032.2
-12027.5
-12030.7
-12026.8
-12027.8
-12029.9
-12026.8
-12027.3
-12028.5
-12027.5
-12027.8
-12027.8
-12026.8
-12026.4
-12026.3
-12027.5
-12027.4
-12026.5
-12026.6
-12027.6
-12028.1
-12027.1
-12027
-12026.5
-12026.6
-12027
-12028.3
-12026.6
-12026.9
-12028.2
-12028.7
-12029.4
-12029.4
-12035.9
-12027.1
-12032.1
-12031.9
-12027.3
-12026.6
-12030.5
-12029.7
-12027.6
-12027.3
-12026.5
-12030.5
-12029.6
-12027.6
-12034.7
-12027.9
-12033.5
-12030.2
-12032.2
-12029.4
-12035.7
-12034.7
-12028
-12030.1
-12033.5
-12029.3
-12032.4
-12035.6
-12036.3
-12031.9
-12031.8
-12038
-12030.6
-12037.2
-12037.1
-12033.7
-12027.4
-12029.1
-12027.5
-12031.1
-12028.8
-12031.1
-12036.7
-12032.1
-12032.8
-12038.2
-12031.3
-12037.3
-12037.5
-12035.2
-12028.2
-12030.8
-12033.9
-12029.9
-12032.6
-12036.1
-12029
-12030.1
-12030.1
-12036.2
-12027.6
-12032.4
-12032.4
-12026.9
-12027.3
-12028.6
-12027.5
-12026.8
-12030.7
-12029.9
-12027.7
-12027.5
-12026.8
-12030.8
-12029.9
-12027.8
-12026.2
-12026.3
-12027.3
-12027.3
-12026.5
-12034.6
-12027.9
-12033.5
-12030.1
-12032.1
-12029.3
-12035.5
-12034.7
-12027.8
-12033.4
-12030.1
-12032.2
-12029.3
-12035.6
-12036.2
-12031.7
-12031.7
-12037.8
-12030.6
-12037
-12037
-12033.9
-12029.1
-12027.5
-12027.5
-12031.2
-12031.2
-12029
-12035.5
-12028.4
-12034
-12031.1
-12032.7
-12030.2
-12036.3
-12035.4
-12028.3
-12034
-12031
-12032.7
-12030.1
-12036.3
-12037
-12033.2
-12033.2
-12038.7
-12031.8
-12037.8
-12037.8
-12027.2
-12026.6
-12027.2
-12026.6
-12028.3
-12028.3
-12027.6
-12026.3
-12027.3
-12027.3
-12026.6
-12026.2
-12032.7
-12026.9
-12028.4
-12026.9
-12030.4
-12028.1
-12030.5
-12036.2
-12031.8
-12037.8
-12031.7
-12037
-12030.6
-12037
-12034.7
-12027.9
-12030.1
-12033.5
-12029.3
-12032.2
-12035.6
-12035.4
-12034
-12028.3
-12031
-12032.7
-12036.3
-12030.2
-12033.9
-12027.6
-12029.2
-12027.5
-12031.2
-12029.1
-12031.2
-12037
-12033.2
-12038.7
-12033.2
-12037.8
-12031.9
-12037.8
-12035.4
-12028.3
-12031
-12034
-12030.2
-12032.7
-12036.3
-12028.3
-12028.3
-12027.6
-12027.2
-12026.6
-12028.7
-12029.3
-12029.5
-12035.9
-12027.1
-12031.9
-12032
-12026.6
-12027
-12028.2
-12027.4
-12026.5
-12030.5
-12029.7
-12027.7
-12027.3
-12026.6
-12030.5
-12029.7
-12027.6
-12032.6
-12028.4
-12026.9
-12026.9
-12030.5
-12030.4
-12028.1
-12034.8
-12033.6
-12027.9
-12030.3
-12032.3
-12035.7
-12029.4
-12034.7
-12027.9
-12033.5
-12030.1
-12032.2
-12029.3
-12035.6
-12036.3
-12032
-12038
-12031.8
-12037.2
-12030.8
-12037.1
-12035.1
-12033.7
-12028.1
-12030.4
-12032.5
-12035.9
-12029.7
-12033.7
-12029.1
-12027.4
-12027.4
-12031
-12031.1
-12028.8
-12036.7
-12032.1
-12038.2
-12032.8
-12037.4
-12031.3
-12037.5
-12035.2
-12028.2
-12033.9
-12030.9
-12032.6
-12030
-12036.1
-12026.9
-12027.3
-12028.6
-12026.8
-12027.3
-12028.5
-12027.5
-12026.8
-12030.7
-12029.9
-12027.8
-12027.5
-12026.7
-12030.8
-12029.9
-12027.8
-12026.5
-12026.4
-12027.5
-12027.4
-12026.7
-12027.6
-12028.1
-12027.2
-12027
-12026.5
-12026.3
-12027.4
-12027.5
-12026.7
-12026.4
-12028.1
-12027.6
-12027.1
-12027
-12026.5
-12026.5
-12027.3
-12030.5
-12026.5
-12027.6
-12029.6
-12027.3
-12030.5
-12026.4
-12027.6
-12029.6
-12026.6
-12026.9
-12028.1
-12026.6
-12027
-12028.2
-12028.7
-12035.9
-12029.3
-12029.4
-12031.9
-12032
-12027.1
-12036.3
-12031.9
-12038
-12032
-12037.1
-12030.8
-12037.2
-12032.6
-12026.9
-12027
-12028.4
-12028.1
-12030.4
-12030.5
-12034.8
-12030.3
-12028
-12033.6
-12029.4
-12035.7
-12032.3
-12035.2
-12030.8
-12033.9
-12028.2
-12036.1
-12029.9
-12032.6
-12035.1
-12030.4
-12028.2
-12033.6
-12029.7
-12035.9
-12032.5
-12033.7
-12027.4
-12027.4
-12029.1
-12028.8
-12031.1
-12031.1
-12027.5
-12030.8
-12026.9
-12027.8
-12029.9
-12026.8
-12027.3
-12028.5
-12029
-12036.2
-12030.1
-12030
-12032.4
-12032.3
-12027.5
-12026.8
-12027.3
-12028.5
-12026.3
-12027.3
-12027.3
-12026.5
-12026.2
-12036.2
-12031.8
-12037.8
-12031.7
-12037.1
-12030.6
-12037
-12032.6
-12026.8
-12028.4
-12026.9
-12030.4
-12028.1
-12030.5
-12034.7
-12030
-12027.9
-12033.4
-12029.3
-12035.5
-12032.3
-12035.5
-12034
-12031.1
-12028.4
-12036.3
-12032.7
-12030.2
-12037
-12033.2
-12038.7
-12033.2
-12037.8
-12031.9
-12037.8
-12033.9
-12027.5
-12029.1
-12027.5
-12031.3
-12029
-12031.2
-12035.4
-12031
-12028.3
-12034
-12030.2
-12036.3
-12032.7
-12028.4
-12028.3
-12027.6
-12027.2
-12026.6
-12027.3
-12027.2
-12026.5
-12026.2
-12026.2
-12034.6
-12030.1
-12033.5
-12027.9
-12035.6
-12029.3
-12032.2
-12034.7
-12030
-12033.4
-12027.9
-12035.5
-12029.3
-12032.3
-12032.5
-12026.8
-12026.9
-12028.4
-12028.1
-12030.4
-12030.5
-12037
-12038.7
-12033.2
-12033.2
-12037.8
-12037.8
-12031.9
-12035.5
-12031.1
-12034
-12028.3
-12036.3
-12030.2
-12032.7
-12035.5
-12031.1
-12034
-12028.3
-12036.3
-12030.2
-12032.7
-12033.9
-12027.5
-12027.6
-12029.2
-12029
-12031.2
-12031.2
-12027.2
-12026.7
-12027.2
-12026.6
-12027.3
-12030.5
-12026.7
-12027.6
-12029.7
-12026.5
-12026.9
-12028.1
-12028.7
-12035.9
-12029.4
-12029.5
-12031.9
-12032
-12027
-12026.7
-12027
-12028.2
-12034.8
-12033.5
-12030.1
-12027.9
-12035.6
-12032.3
-12029.4
-12036.3
-12038
-12031.8
-12031.9
-12037.1
-12037.2
-12030.7
-12032.7
-12027
-12028.4
-12026.9
-12030.5
-12028.2
-12030.4
-12034.7
-12030.3
-12033.6
-12027.9
-12035.7
-12029.4
-12032.2
-12036.6
-12038.1
-12032.8
-12032.1
-12037.5
-12037.3
-12031.2
-12035.2
-12033.9
-12030.9
-12028.2
-12036.1
-12032.6
-12029.9
-12035.1
-12030.4
-12033.7
-12028.2
-12035.8
-12029.7
-12032.5
-12033.7
-12027.4
-12029
-12027.4
-12031.1
-12028.8
-12031
-12027.5
-12030.8
-12026.8
-12027.8
-12029.9
-12027.5
-12030.8
-12026.8
-12027.8
-12029.9
-12029
-12036.3
-12030.2
-12030
-12032.5
-12032.3
-12027.6
-12026.9
-12027.3
-12028.6
-12026.8
-12027.3
-12028.5
-12027.4
-12027.5
-12026.6
-12026.4
-12027
-12026.4
-12026.5
-12027.2
-12027.2
-12027.3
-12027.4
-12026.7
-12030.6
-12029.8
-12027.7
-12028.7
-12029.4
-12035.9
-12029.4
-12032
-12027.1
-12032
-12026.7
-12027.1
-12028.3
-12030.7
-12026.5
-12027.4
-12027.7
-12029.8
-12026.8
-12027.3
-12028.5
-12036.1
-12029.7
-12032.2
-12028.9
-12029.8
-12032.4
-12027.3
-12026.8
-12030.7
-12029.9
-12027.4
-12027.7
-12027.2
-12028.4
-12026.8
-12027.4
-12027.7
-12027.7
-12026.8
-12028.7
-12029.5
-12035.9
-12029.5
-12032.1
-12027.1
-12032
-12027.3
-12026.6
-12030.5
-12029.7
-12027.6
-12026.6
-12027.1
-12028.3
-12026.6
-12027.3
-12030.5
-12029.7
-12027.6
-12027.3
-12027.2
-12028.6
-12033.4
-12028.8
-12030.9
-12030.9
-12030.4
-12033.7
-12028.1
-12035.9
-12029.6
-12035
-12032.4
-12028
-12030.2
-12029.5
-12034.9
-12033.5
-12032.3
-12035.7
-12026.8
-12027.2
-12028.5
-12027.5
-12026.8
-12030.8
-12029.9
-12027.8
-12027.3
-12028.5
-12026.8
-12026.8
-12030.8
-12029.9
-12027.5
-12027.8
-12026.6
-12026.9
-12028.3
-12028.7
-12035.8
-12029.4
-12029.4
-12032
-12032
-12027.1
-12026.6
-12027.3
-12030.5
-12027.6
-12029.7
-12026.7
-12027
-12028.3
-12030.2
-12028
-12029.5
-12034.9
-12033.5
-12035.7
-12032.3
-12027.2
-12027.3
-12028.6
-12033.4
-12028.9
-12030.9
-12030.9
-12030.4
-12033.7
-12028
-12035.8
-12029.5
-12034.9
-12032.4
-12027.6
-12030.8
-12026.8
-12030
-12027.8
-12036.1
-12029.7
-12032.3
-12029
-12029.7
-12032.3
-12027.3
-12026.9
-12027.3
-12028.5
-12026.9
-12030.7
-12029.9
-12027.5
-12027.8
-12027.2
-12028.5
-12026.8
-12027.2
-12027.1
-12027.3
-12026.7
-12027
-12028.2
-12027.4
-12030.6
-12026.5
-12029.6
-12027.7
-12026.7
-12027.1
-12028.3
-12030.6
-12026.6
-12027.4
-12029.7
-12027.7
-12036.1
-12029.7
-12032.3
-12028.9
-12029.8
-12032.2
-12027.3
-12027.5
-12030.6
-12026.7
-12029.8
-12027.7
-12026.8
-12027.3
-12028.4
-12026.8
-12030.6
-12029.8
-12027.4
-12027.7
-12027.2
-12028.5
-12026.8
-12033
-12032.8
-12038.4
-12031.7
-12037.7
-12036.9
-12037.5
-12046.8
-12046.7
-12049.8
-12046.7
-12049.7
-12049.6
-12052.7
-12043.7
-12049.9
-12047
-12049.8
-12046.8
-12052.8
-12049.9
-12049.7
-12043.6
-12046.7
-12049.8
-12052.7
-12046.8
-12049.7
-12046.9
-12046.8
-12043.8
-12052.8
-12049.9
-12049.9
-12046.9
-12037.6
-12038.9
-12032.4
-12038.9
-12035.2
-12041.1
-12035.3
-12049.7
-12049.6
-12052.6
-12043.6
-12046.8
-12046.6
-12049.7
-12046.8
-12052.8
-12049.9
-12046.9
-12043.8
-12049.9
-12046.9
-12052.7
-12046.7
-12049.7
-12046.8
-12049.7
-12043.7
-12046.7
-12050
-12049.9
-12047
-12049.9
-12046.9
-12046.8
-12043.8
-12030.4
-12035.1
-12035.1
-12037.8
-12030.9
-12034.3
-12034.3
-12037.7
-12035.1
-12034.2
-12030.4
-12035.1
-12034.3
-12031
-12037.6
-12035
-12034.2
-12030.3
-12035
-12034.1
-12030.9
-12032.8
-12033.1
-12031.8
-12036.9
-12038.4
-12037.5
-12037.7
-12032.8
-12033
-12031.7
-12036.8
-12038.3
-12037.5
-12037.6
-12033
-12032.8
-12031.7
-12036.8
-12038.3
-12037.6
-12037.5
-12035
-12030.2
-12035
-12037.6
-12030.8
-12034.1
-12034
-12035
-12037.7
-12034.2
-12030.3
-12035
-12030.9
-12034.2
-12030.2
-12035
-12037.5
-12034.9
-12034.1
-12030.8
-12034
-12032.1
-12032
-12038.2
-12030.9
-12037.3
-12036.5
-12037.3
-12035.2
-12037.7
-12034.3
-12030.4
-12035.2
-12031
-12034.3
-12030.2
-12035
-12034.9
-12037.5
-12030.8
-12034.1
-12033.9
-12035.2
-12030.4
-12035.2
-12037.8
-12031
-12034.3
-12034.3
-12030.2
-12035
-12037.5
-12035
-12034.1
-12030.9
-12034
-12030.4
-12035
-12037.7
-12035.1
-12034.2
-12030.9
-12034.2
-12030.1
-12037.4
-12034.9
-12034.9
-12034
-12033.9
-12030.7
-12037.6
-12032.5
-12038.9
-12039
-12035.3
-12035.4
-12041.1
-12030.4
-12037.8
-12035.1
-12035.1
-12034.3
-12034.3
-12030.9
-12037.5
-12032.4
-12038.9
-12038.9
-12035.2
-12035.2
-12041.1
-12037.6
-12038.9
-12032.4
-12038.9
-12035.2
-12041.1
-12035.3
-12030.2
-12037.5
-12034.9
-12034.9
-12034
-12034
-12030.8
-12030.4
-12037.8
-12035.1
-12035.1
-12034.3
-12034.3
-12030.9
-12030.1
-12034.9
-12034.9
-12037.4
-12030.7
-12033.9
-12034
-12037.5
-12038.8
-12032.4
-12038.9
-12035.2
-12041.1
-12035.3
-12030.4
-12035.2
-12035.1
-12037.8
-12031
-12034.3
-12034.2
-12037.5
-12038.9
-12032.3
-12038.9
-12035.2
-12041
-12035.3
-12037.5
-12038.9
-12039
-12032.5
-12041.1
-12035.2
-12035.3
-12030.1
-12034.9
-12034.9
-12037.5
-12030.8
-12034
-12034
-12037.6
-12038.9
-12038.9
-12032.4
-12041.1
-12035.3
-12035.3
-12035
-12030.2
-12035
-12037.5
-12034.1
-12030.9
-12034.1
-12037.7
-12035
-12034.2
-12030.3
-12035
-12034.2
-12030.9
-12030.1
-12037.5
-12034.9
-12034.9
-12034
-12034
-12030.7
-12032.1
-12038.1
-12031.9
-12037.3
-12030.8
-12036.4
-12037.2
-12037.7
-12035.1
-12034.3
-12030.4
-12035.1
-12034.2
-12031
-12030.1
-12034.9
-12037.4
-12034.9
-12034
-12030.7
-12034
-12032
-12038.1
-12031.8
-12037.3
-12030.7
-12036.4
-12037.1
-12035
-12030.2
-12037.5
-12035
-12034
-12034
-12030.8
-12020.9
-12012.5
-12005.5
-12021.2
-12012.7
-12005.5
-12021.2
-12012.7
-12005.6
-12021.4
-12013
-12005.8
-12021.3
-12012.9
-12005.7
-12021.2
-12012.8
-12005.7
-12021.4
-12013
-12005.8
-12021.3
-12012.8
-12005.7
-12021.3
-12012.9
-12005.7
-12021.5
-12013.1
-12005.9
-12021.6
-12012.9
-12005.7
-12021.2
-12012.8
-12005.6
-12021.3
-12012.9
-12005.7
-12021.5
-12013.1
-12005.9
-12021.4
-12012.9
-12005.7
-12021.5
-12013
-12005.9
-12020.8
-12012.4
-12005.2
-12020.9
-12012.4
-12005.3
-12021.3
-12012.9
-12005.7
-12021.3
-12012.9
-12005.7
-12021.3
-12012.8
-12005.7
-12021
-12012.6
-12005.4
-12021.1
-12012.7
-12005.5
-12021.2
-12012.8
-12005.6
-12021.3
-12012.8
-12005.6
-12021.2
-12012.8
-12005.6
-12021.2
-12012.8
-12005.6
-12021.3
-12012.8
-12005.6
-12021.2
-12012.7
-12005.6
-12021.3
-12012.8
-12005.7
-12021.2
-12012.8
-12005.6
-12021.3
-12012.8
-12005.6
-12021.3
-12012.8
-12005.6
-12021.1
-12012.7
-12005.5
-12021.1
-12012.7
-12005.5
-12021.3
-12012.8
-12005.6
-12021.1
-12012.7
-12005.5
-12021.2
-12012.8
-12005.6
-12021.3
-12012.9
-12005.7
-12021.1
-12012.7
-12005.5
-12021.3
-12012.8
-12005.6
-12021.2
-12012.8
-12005.6
-12021.3
-12012.9
-12005.7
-12021.3
-12012.8
-12005.7
-12021.2
-12012.8
-12005.6
-12021.4
-12012.9
-12005.7
-12021.1
-12012.7
-12005.5
-12021.1
-12012.7
-12005.5
-12021.5
-12013.1
-12005.9
-12021.4
-12013
-12005.8
-12021.4
-12013
-12005.8
-12021.4
-12013
-12005.8
-12021.2
-12012.7
-12005.5
-12021.2
-12012.8
-12005.6
-12021.3
-12012.8
-12005.6
-12021.2
-12012.7
-12005.6
-12021.3
-12012.9
-12005.8
-12021.4
-12013
-12005.8
-12021.2
-12012.8
-12005.6
-12021.2
-12012.8
-12005.6
-12021.3
-12012.9
-12005.7
-12021.3
-12012.8
-12005.7
-12021.4
-12012.9
-12005.7
-12021.2
-12012.8
-12005.6
-12021.3
-12012.9
-12005.7
-12021.2
-12012.8
-12005.6
-12021.1
-12012.6
-12005.4
-12021.3
-12012.9
-12005.7
-12021.3
-12012.9
-12005.7
-12021.3
-12012.9
-12005.7
-12021.1
-12012.6
-12005.4
-12021.7
-12013.2
-12006
-12021.6
-12013.2
-12005.9
-12021.5
-12013
-12005.9
-12021
-12012.6
-12005.4
-12021.3
-12012.9
-12005.7
-12021.4
-12012.9
-12005.8
-12021.6
-12013.1
-12005.9
-12021.5
-12013
-12005.9
-12020.9
-12012.4
-12005.3
-12021
-12012.6
-12005.5
-12021.1
-12012.7
-12005.5
-12021.4
-12013
-12005.8
-12021.3
-12012.9
-12005.7
-12021.3
-12012.8
-12005.7
-12021.1
-12012.7
-12005.6
-12021.6
-12013.2
-12005.9
-12021.4
-12013
-12005.8
-12021.4
-12012.9
-12005.8
-12021.2
-12012.8
-12005.6
-12021.3
-12012.9
-12005.7
-12021.2
-12012.8
-12005.6
-12021.3
-12012.9
-12005.7
-12021.2
-12012.8
-12005.6
-12021.3
-12012.9
-12005.7
-12021.2
-12012.7
-12005.5
-12020.9
-12012.5
-12005.3
-12021.3
-12012.8
-12005.7
-12021.3
-12012.8
-12005.6
-12021.3
-12012.9
-12005.8
-12021.3
-12012.9
-12005.8
-12021
-12012.6
-12005.4
-12021.1
-12012.7
-12005.6
-12021.4
-12012.9
-12005.7
-12021.6
-12013.1
-12005.9
-12021.5
-12013
-12005.9
-12021
-12012.5
-12005.3
-12021.7
-12013.2
-12006
-12021.7
-12013.2
-12006
-12021.2
-12012.8
-12005.7
-12021.4
-12012.9
-12005.8
-12021.5
-12013
-12005.8
-12021.1
-12012.7
-12005.5
-12021.2
-12012.7
-12005.6
-12021.4
-12013
-12005.8
-12021.6
-12013.1
-12005.9
-12021.6
-12013.1
-12005.9
-12021.3
-12012.8
-12005.7
-12021.1
-12012.7
-12005.6
-12021.3
-12012.8
-12005.6
-12021.4
-12013
-12005.8
-12021.3
-12012.9
-12005.7
-12021.3
-12012.9
-12005.6
-12021.2
-12012.8
-12005.6
-12020.9
-12012.5
-12005.4
-12021.1
-12012.7
-12005.5
-12021.2
-12012.8
-12005.6
-12021.4
-12012.9
-12005.7
-12021.1
-12012.6
-12005.4
-12021.1
-12012.7
-12005.5
-12021.2
-12012.8
-12005.6
-12021.2
-12012.8
-12005.7
-12021.3
-12012.9
-12005.7
-12021.4
-12013
-12005.8
-12021.5
-12013
-12005.8
-12021.1
-12012.6
-12005.5
-12021.2
-12012.7
-12005.6
-12021.1
-12012.6
-12005.5
-12021.5
-12013
-12005.8
-12021.3
-12012.9
-12005.7
-12021.2
-12012.8
-12005.6
-12021.2
-12012.8
-12005.6
-12021.2
-12012.8
-12005.6
-12021.3
-12012.8
-12005.6
-12021.4
-12012.9
-12005.7
-12021.3
-12012.9
-12005.7
-12021
-12012.6
-12005.4
-12021.1
-12012.6
-12005.5
-12021.2
-12012.7
-12005.5
-12020.6
-12012.1
-12005.1
-12020.8
-12012.4
-12005.3
-12021.1
-12012.7
-12005.6
-12021.2
-12012.8
-12005.6
-12021.1
-12012.7
-12005.5
-12021.2
-12012.8
-12005.6
-12021.3
-12012.8
-12005.6
-12020.9
-12012.5
-12005.4
-12021.2
-12012.7
-12005.6
-12020.5
-12012.2
-12005.1
-12021
-12012.5
-12005.4
-12020.8
-12012.4
-12005.3
-12021.1
-12012.6
-12005.5
-12021.1
-12012.7
-12005.5
-12021.1
-12012.7
-12005.5
-12021.2
-12012.8
-12005.6
-12021.1
-12012.7
-12005.5
-12021.1
-12012.7
-12005.5
-12021.1
-12012.6
-12005.5
-12020.8
-12012.4
-12005.3
-12021.1
-12012.6
-12005.5
-12021.5
-12013
-12005.8
-12021.5
-12013
-12005.8
-12021.5
-12013
-12005.8
-12021.4
-12012.9
-12005.8
-12021.5
-12013
-12005.8
-12021.4
-12013
-12005.8
-12020.8
-12012.4
-12005.3
-12021.3
-12012.9
-12005.7
-12021
-12012.6
-12005.4
-12020.5
-12012.1
-12005.1
-12021
-12012.6
-12005.4
-12020.9
-12012.6
-12005.3
-12021
-12012.6
-12005.4
-12021
-12012.6
-12005.4
-12021.2
-12012.7
-12005.6
-12020.7
-12012.4
-12005.3
-12021.1
-12012.6
-12005.5
-12021.4
-12013
-12005.8
-12021.5
-12013
-12005.8
-12021.4
-12012.9
-12005.8
-12021.6
-12013.1
-12005.9
-12021.4
-12012.9
-12005.7
-12021.4
-12012.9
-12005.7
-12021.2
-12012.8
-12005.7
-12021.4
-12013
-12005.8
-12021.6
-12013.1
-12005.9
-12021.3
-12012.8
-12005.7
-12021.2
-12012.8
-12005.7
-12021.5
-12013
-12005.8
-12021.4
-12012.9
-12005.8
-12021.4
-12013
-12005.8
-12021.5
-12013.1
-12005.9
-12021.2
-12012.7
-12005.6
-12021.2
-12012.7
-12005.5
-12021.1
-12012.7
-12005.5
-12021.3
-12012.8
-12005.7
-12021.5
-12013
-12005.8
-12021.2
-12012.7
-12005.6
-12021.2
-12012.7
-12005.6
-12021.3
-12012.9
-12005.7
-12021.3
-12012.9
-12005.7
-12021.4
-12013
-12005.8
-12021.5
-12013
-12005.8
-12021.4
-12012.9
-12005.7
-12021.3
-12012.8
-12005.7
-12021.1
-12012.6
-12005.6
-12021.4
-12012.9
-12005.7
-12021.5
-12013.1
-12005.9
-12021.5
-12013.1
-12005.9
-12021.8
-12013.4
-12006.1
-12021.4
-12012.9
-12005.7
-12021.4
-12012.9
-12005.8
-12021.3
-12012.8
-12005.7
-12021.5
-12013
-12005.8
-12021.6
-12013.1
-12005.9
-12021.1
-12012.7
-12005.5
-12021.2
-12012.7
-12005.6
-12021.3
-12012.9
-12005.7
-12021.2
-12012.8
-12005.6
-12021.5
-12013.1
-12005.8
-12021.2
-12012.8
-12005.6
-12021.4
-12013
-12005.7
-12021.2
-12012.8
-12005.6
-12021.3
-12012.8
-12005.7
-12021.1
-12012.6
-12005.5
-12021.1
-12012.6
-12005.5
-12021
-12012.6
-12005.4
-12021.2
-12012.7
-12005.6
-12021.2
-12012.8
-12005.6
-12021.5
-12013.1
-12005.9
-12021.5
-12013.1
-12005.9
-12021.4
-12012.9
-12005.7
-12021
-12012.6
-12005.4
-12021.3
-12012.9
-12005.7
-12021.6
-12013.2
-12005.9
-12021.5
-12013.1
-12005.9
-12021.4
-12012.9
-12005.8
-12021.2
-12012.8
-12005.6
-12021
-12012.6
-12005.5
-12021.1
-12012.6
-12005.5
-12021.5
-12013
-12005.9
-12021.3
-12012.9
-12005.7
-12021.5
-12013.1
-12005.8
-12021.2
-12012.8
-12005.7
-12021.3
-12012.8
-12005.7
-12021.4
-12013
-12005.8
-12021.4
-12013
-12005.8
-12021.3
-12012.8
-12005.6
-12021.3
-12012.8
-12005.6
-12020.9
-12012.5
-12005.3
-12020.8
-12012.4
-12005.3
-12021.1
-12012.6
-12005.4
-12021.3
-12012.9
-12005.7
-12020.7
-12012.4
-12005.3
-12021
-12012.6
-12005.5
-12021.2
-12012.8
-12005.6
-12021.2
-12012.9
-12005.6
-12021.4
-12012.9
-12005.7
-12021.1
-12012.6
-12005.5
-12021.1
-12012.6
-12005.5
-12021.1
-12012.6
-12005.5
-12021.3
-12012.8
-12005.6
-12021.3
-12012.8
-12005.6
-12021.4
-12013
-12005.8
-12021.4
-12013
-12005.8
-12021.2
-12012.8
-12005.6
-12021.3
-12012.8
-12005.7
-12021.3
-12012.8
-12005.7
-12021.4
-12013
-12005.8
-12021.1
-12012.6
-12005.5
-12021
-12012.6
-12005.4
-12021
-12012.5
-12005.4
-12021.2
-12012.7
-12005.6
-12021.2
-12012.7
-12005.6
-12021.6
-12013.1
-12005.9
-12021.5
-12013
-12005.8
-12021.5
-12013
-12005.8
-12021.2
-12012.7
-12005.5
-12021.3
-12012.8
-12005.6
-12021
-12012.6
-12005.4
-12020.9
-12012.5
-12005.4
-12021.3
-12012.8
-12005.6
-12021.3
-12012.8
-12005.6
-12021.4
-12013
-12005.8
-12021.4
-12012.9
-12005.7
-12021.4
-12012.9
-12005.7
-12021.7
-12013.2
-12006
-12021.7
-12013.2
-12006
-12021.6
-12013.2
-12006
-12021.8
-12013.3
-12006.1
-12021.6
-12013.1
-12005.9
-12021.7
-12013.2
-12006
-12021.6
-12013.1
-12005.9
-12021.3
-12012.9
-12005.7
-12021.4
-12012.9
-12005.7
-12020.7
-12012.3
-12005.2
-12020.9
-12012.4
-12005.4
-12021
-12012.6
-12005.4
-12021
-12012.6
-12005.4
-12021.2
-12012.7
-12005.6
-12020.6
-12012.2
-12005.2
-12021
-12012.5
-12005.4
-12021.5
-12013
-12005.8
-12021.5
-12013
-12005.8
-12021.5
-12013
-12005.8
-12021.4
-12012.9
-12005.7
-12021.5
-12013
-12005.8
-12021.4
-12012.9
-12005.7
-12021.3
-12012.8
-12005.6
-12021.3
-12012.8
-12005.6
-12021.1
-12012.7
-12005.5
-12021.4
-12012.9
-12005.7
-12021.2
-12012.8
-12005.6
-12021.3
-12012.9
-12005.7
-12021.1
-12012.7
-12005.5
-12021.1
-12012.7
-12005.5
-12021.1
-12012.7
-12005.5
-12021.3
-12012.8
-12005.7
-12021.3
-12012.8
-12005.7
-12021
-12012.6
-12005.5
-12021
-12012.6
-12005.5
-12021.2
-12012.8
-12005.6
-12021.4
-12012.9
-12005.7
-12021.5
-12013.1
-12005.9
-12021.6
-12013.1
-12005.9
-12021.4
-12012.9
-12005.7
-12021.4
-12012.9
-12005.8
-12021.3
-12012.8
-12005.7
-12021.4
-12013
-12005.8
-12021.2
-12012.8
-12005.6
-12021.3
-12012.9
-12005.7
-12021.3
-12012.9
-12005.7
-12021.3
-12012.8
-12005.7
-12021.3
-12012.8
-12005.7
-12021.5
-12013
-12005.8
-12021.5
-12013
-12005.9
-12021.7
-12013.2
-12006
-12021.6
-12013.1
-12006
-12021.6
-12013.1
-12006
-12021.7
-12013.2
-12006
-12021.7
-12013.2
-12006
-12021.6
-12013.1
-12005.9
-12021.3
-12012.8
-12005.7
-12021.2
-12012.7
-12005.6
-12021.2
-12012.7
-12005.5
-12021.1
-12012.7
-12005.5
-12021.3
-12012.8
-12005.7
-12021
-12012.6
-12005.4
-12021.3
-12012.8
-12005.6
-12021.1
-12012.6
-12005.5
-12021.1
-12012.7
-12005.5
-12021.1
-12012.7
-12005.5
-12021.3
-12012.8
-12005.7
-12021.3
-12012.8
-12005.6
-12021
-12012.5
-12005.4
-12021.2
-12012.8
-12005.6
-12021.4
-12013
-12005.8
-12021.4
-12012.9
-12005.8
-12021.5
-12013.1
-12005.9
-12021.6
-12013.1
-12005.9
-12021.5
-12013
-12005.8
-12021.4
-12012.9
-12005.8
-12021.4
-12012.9
-12005.8
-12021.6
-12013.1
-12005.9
-12021.5
-12013
-12005.8
-12021.3
-12012.8
-12005.7
-12021.3
-12012.9
-12005.7
-12021.2
-12012.8
-12005.6
-12021
-12012.5
-12005.4
-12021.1
-12012.7
-12005.5
-12021.2
-12012.7
-12005.5
-12021.1
-12012.7
-12005.5
-12021.1
-12012.6
-12005.5
-12021.3
-12012.8
-12005.7
-12021.6
-12013.1
-12005.8
-12021.3
-12012.8
-12005.6
-12021
-12012.6
-12005.4
-12020.9
-12012.5
-12005.4
-12021
-12012.6
-12005.4
-12021
-12012.5
-12005.4
-12021
-12012.6
-12005.4
-12021.3
-12012.8
-12005.7
-12021.2
-12012.8
-12005.6
-12021.5
-12013.1
-12005.9
-12021.5
-12013.1
-12005.8
-12021.3
-12012.9
-12005.7
-12021.3
-12012.9
-12005.7
-12021.4
-12012.9
-12005.8
-12021.3
-12012.8
-12005.7
-12021.6
-12013.1
-12005.9
-12021.4
-12013
-12005.8
-12021.2
-12012.8
-12005.7
-12021.3
-12012.9
-12005.7
-12021.2
-12012.8
-12005.7
-12021.5
-12013
-12005.8
-12021.6
-12013.1
-12005.9
-12021.4
-12012.9
-12005.8
-12021.4
-12012.9
-12005.7
-12021.3
-12012.8
-12005.7
-12021.5
-12013
-12005.8
-12021.6
-12013.1
-12005.9
-12021.6
-12013.1
-12005.9
-12021.5
-12013
-12005.8
-12021.6
-12013.1
-12005.9
-12021.6
-12013.1
-12005.9
-12021.5
-12013
-12005.8
-12021.5
-12013.1
-12005.9
-12021.4
-12012.9
-12005.8
-12021.3
-12012.9
-12005.7
-12021.4
-12012.9
-12005.7
-12021
-12012.6
-12005.4
-12021.4
-12013
-12005.8
-12021.3
-12012.9
-12005.7
-12021.2
-12012.7
-12005.5
-12021.2
-12012.7
-12005.6
-12021.1
-12012.7
-12005.5
-12021.4
-12012.9
-12005.7
-12021.4
-12012.9
-12005.7
-12021.2
-12012.7
-12005.6
-12021.1
-12012.7
-12005.5
-12021.3
-12012.9
-12005.7
-12021.4
-12012.9
-12005.8
-12021.2
-12012.8
-12005.6
-12021.5
-12013
-12005.9
-12021.5
-12013
-12005.8
-12021.5
-12013
-12005.9
-12021.5
-12013
-12005.8
-12021.2
-12012.8
-12005.6
-12021.2
-12012.8
-12005.6
-12021.1
-12012.7
-12005.6
-12021.3
-12012.8
-12005.7
-12021.4
-12012.9
-12005.7
-12021.2
-12012.8
-12005.6
-12021.5
-12013
-12005.8
-12021.6
-12013.1
-12005.9
-12021.7
-12013.2
-12006
-12021.6
-12013.1
-12006
-12021.6
-12013.2
-12006
-12021.6
-12013.2
-12005.9
-12021.6
-12013.1
-12005.9
-12021.7
-12013.2
-12006
-12021.3
-12012.8
-12005.7
-12021.4
-12012.9
-12005.7
-12020.8
-12012.5
-12005.3
-12020.9
-12012.5
-12005.4
-12021.1
-12012.7
-12005.5
-12020.6
-12012.3
-12005.2
-12021.1
-12012.7
-12005.5
-12021
-12012.6
-12005.4
-12021
-12012.6
-12005.5
-12021.4
-12013
-12005.8
-12021.2
-12012.8
-12005.6
-12021.3
-12012.8
-12005.7
-12021.2
-12012.8
-12005.6
-12021.1
-12012.6
-12005.5
-12021.1
-12012.7
-12005.5
-12021.1
-12012.7
-12005.5
-12021.3
-12012.8
-12005.7
-12021.1
-12012.6
-12005.5
-12021.1
-12012.7
-12005.5
-12021.1
-12012.7
-12005.5
-12021.3
-12012.8
-12005.6
-12021.2
-12012.8
-12005.6
-12021.1
-12012.6
-12005.5
-12021.2
-12012.8
-12005.6
-12020.9
-12012.5
-12005.3
-12021.6
-12013.1
-12005.9
-12021.4
-12012.9
-12005.7
-12021.3
-12012.9
-12005.7
-12021.2
-12012.8
-12005.6
-12021.6
-12013.1
-12005.9
-12021.4
-12013
-12005.8
-12021.4
-12013
-12005.8
-12021.2
-12012.8
-12005.6
-12021.4
-12013
-12005.8
-12021.5
-12013.1
-12005.8
-12021.2
-12012.8
-12005.7
-12021.2
-12012.8
-12005.6
-12020.8
-12012.4
-12005.3
-12020.4
-12012
-12005
-12021
-12012.6
-12005.4
-12020.6
-12012.2
-12005.1
-12020.9
-12012.6
-12005.3
-12020.9
-12012.5
-12005.3
-12021.6
-12013.2
-12006
-12021.5
-12013.1
-12005.9
-12021.2
-12012.8
-12005.6
-12021.3
-12012.9
-12005.7
-12021.4
-12012.9
-12005.8
-12021.4
-12013
-12005.8
-12020.5
-12012.1
-12005.1
-12021.1
-12012.6
-12005.4
-12021
-12012.6
-12005.3
-12020.9
-12012.6
-12005.3
-12021.1
-12012.6
-12005.4
-12021
-12012.5
-12005.3
-12020.3
-12011.9
-12004.9
-12021.6
-12013.1
-12005.9
-12021.5
-12013.1
-12005.9
-12021.6
-12013.1
-12005.9
-12021.7
-12013.2
-12006
-12021.5
-12013.1
-12005.9
-12021.4
-12013
-12005.8
-12021.4
-12013
-12005.8
-12021.2
-12012.8
-12005.7
-12021.3
-12012.9
-12005.7
-12021.1
-12012.7
-12005.5
-12021.1
-12012.7
-12005.5
-12021.1
-12012.6
-12005.5
-12021.3
-12012.8
-12005.7
-12021.2
-12012.8
-12005.6
-12021.3
-12012.8
-12005.6
-12020.9
-12012.5
-12005.3
-12021.4
-12012.9
-12005.7
-12021.2
-12012.8
-12005.6
-12021.1
-12012.6
-12005.5
-12021
-12012.5
-12005.4
-12021.4
-12013
-12005.8
-12021.6
-12013.2
-12005.9
-12021.3
-12012.9
-12005.7
-12021.6
-12013.1
-12005.9
-12021.3
-12012.9
-12005.8
-12021.5
-12013
-12005.8
-12021.5
-12013
-12005.8
-12021.5
-12013.1
-12005.9
-12021.5
-12013.1
-12005.8
-12021.4
-12012.9
-12005.7
-12021.4
-12012.9
-12005.7
-12021.3
-12012.8
-12005.7
-12021.5
-12013
-12005.9
-12021.3
-12012.8
-12005.7
-12021.4
-12012.9
-12005.7
-12021.2
-12012.8
-12005.7
-12021.5
-12013
-12005.8
-12021.4
-12013
-12005.8
-12021.4
-12013
-12005.8
-12021.3
-12012.8
-12005.7
-12021.3
-12012.9
-12005.7
-12021.5
-12013
-12005.8
-12021.5
-12013.1
-12005.8
-12021.4
-12012.9
-12005.8
-12021.1
-12012.7
-12005.6
-12020.9
-12012.6
-12005.5
-12021.4
-12013
-12005.8
-12021.3
-12012.8
-12005.6
-12020.9
-12012.5
-12005.4
-12021.1
-12012.7
-12005.5
-12020.7
-12012.4
-12005.3
-12021.1
-12012.7
-12005.5
-12021
-12012.6
-12005.4
-12021.2
-12012.8
-12005.6
-12021.2
-12012.8
-12005.6
-12021
-12012.6
-12005.5
-12020.6
-12012.3
-12005.2
-12021.1
-12012.7
-12005.5
-12021
-12012.6
-12005.3
-12021.1
-12012.8
-12005.6
-12021.3
-12012.9
-12005.7
-12020.7
-12012.3
-12005.3
-12021.3
-12012.9
-12005.7
-12021.3
-12012.8
-12005.6
-12021.2
-12012.8
-12005.6
-12021.3
-12012.9
-12005.7
-12021.1
-12012.7
-12005.5
-12021.2
-12012.7
-12005.6
-12020.8
-12012.4
-12005.3
-12021.3
-12012.8
-12005.6
-12021.3
-12012.8
-12005.6
-12021
-12012.5
-12005.4
-12021
-12012.6
-12005.4
-12021.2
-12012.8
-12005.5
-12020.7
-12012.3
-12005.2
-12020.9
-12012.5
-12005.3
-12021.1
-12012.6
-12005.5
-12021.1
-12012.6
-12005.5
-12021
-12012.6
-12005.4
-12021.3
-12012.8
-12005.6
-12021.3
-12012.8
-12005.7
-12021.1
-12012.6
-12005.5
-12021.2
-12012.7
-12005.5
-12021
-12012.6
-12005.4
-12021.3
-12012.8
-12005.7
-12021.2
-12012.7
-12005.6
-12021.4
-12012.9
-12005.7
-12021.4
-12012.9
-12005.7
-12021.4
-12013
-12005.8
-12021.5
-12013.1
-12005.9
-12021.3
-12012.9
-12005.7
-12021.5
-12013
-12005.8
-12021.3
-12012.9
-12005.7
-12021.3
-12012.8
-12005.7
-12021.3
-12012.9
-12005.7
-12021.2
-12012.7
-12005.6
-12021.5
-12013
-12005.8
-12021.5
-12013.1
-12005.8
-12021.3
-12012.8
-12005.7
-12021.3
-12012.8
-12005.7
-12021.2
-12012.8
-12005.6
-12021.5
-12013
-12005.8
-12021.5
-12013
-12005.8
-12020.5
-12012.1
-12005.1
-12021.1
-12012.6
-12005.4
-12020.9
-12012.6
-12005.3
-12020.9
-12012.5
-12005.3
-12021.1
-12012.6
-12005.4
-12021
-12012.6
-12005.4
-12020.5
-12012
-12005
-12021.5
-12013.1
-12005.9
-12021.5
-12013
-12005.8
-12021.5
-12013
-12005.8
-12021.6
-12013.2
-12006
-12021.5
-12013.1
-12005.9
-12021.4
-12013
-12005.8
-12021.4
-12013
-12005.8
-12021.2
-12012.8
-12005.6
-12020.9
-12012.4
-12005.3
-12020.8
-12012.5
-12005.1
-12021.1
-12012.6
-12005.5
-12021.1
-12012.7
-12005.5
-12020.5
-12012.1
-12005
-12021.1
-12012.6
-12005.4
-12020.5
-12012
-12005
-12021
-12012.5
-12005.4
-12021.1
-12012.6
-12005.5
-12021.5
-12013
-12005.8
-12021.6
-12013.2
-12006
-12021.6
-12013.2
-12006
-12021.5
-12013.1
-12005.9
-12021.4
-12013
-12005.8
-12021.5
-12013.1
-12005.9
-12021.6
-12013.1
-12005.9
-12021.6
-12013.2
-12006
-12021.2
-12012.8
-12005.7
-12021.3
-12012.8
-12005.7
-12021.2
-12012.8
-12005.6
-12021.1
-12012.7
-12005.6
-12021.2
-12012.8
-12005.6
-12021.1
-12012.6
-12005.5
-12021.2
-12012.7
-12005.6
-12021
-12012.6
-12005.5
-12021
-12012.5
-12005.4
-12021
-12012.5
-12005.4
-12020.9
-12012.5
-12005.4
-12021.2
-12012.7
-12005.6
-12021.3
-12012.8
-12005.6
-12021.3
-12012.8
-12005.7
-12021.2
-12012.7
-12005.5
-12021.3
-12012.8
-12005.6
-12021.1
-12012.6
-12005.5
-12021.3
-12012.8
-12005.6
-12021.3
-12012.9
-12005.7
-12021.2
-12012.8
-12005.7
-12021.3
-12012.8
-12005.7
-12021.2
-12012.8
-12005.6
-12021.5
-12013.1
-12005.9
-12021.3
-12012.9
-12005.7
-12021.6
-12013.2
-12005.9
-12021.4
-12013
-12005.8
-12021.7
-12013.3
-12006
-12021.9
-12013.5
-12006.2
-12021.5
-12013.1
-12005.8
-12021.4
-12013
-12005.8
-12021.4
-12013
-12005.8
-12021.4
-12012.9
-12005.8
-12021.6
-12013.1
-12005.9
-12021.5
-12013.1
-12005.9
-12021.5
-12013
-12005.8
-12021.3
-12012.8
-12005.7
-12021.3
-12012.9
-12005.7
-12021.5
-12013.1
-12005.9
-12021.4
-12013
-12005.8
-12021.4
-12013
-12005.8
-12021.2
-12012.8
-12005.6
-12021.4
-12012.9
-12005.7
-12021.4
-12013
-12005.8
-12021.6
-12013.1
-12005.9
-12021.5
-12013
-12005.8
-12021.4
-12012.9
-12005.8
-12021.5
-12013
-12005.8
-12021.4
-12012.9
-12005.7
-12021.6
-12013.1
-12005.9
-12021.5
-12013
-12005.9
-12021.3
-12012.9
-12005.7
-12021.2
-12012.8
-12005.6
-12021.2
-12012.8
-12005.6
-12021.5
-12013
-12005.8
-12021.6
-12013.1
-12005.9
-12021
-12012.6
-12005.4
-12021.2
-12012.8
-12005.6
-12021.2
-12012.8
-12005.6
-12021.2
-12012.7
-12005.5
-12020.7
-12012.3
-12005.3
-12021
-12012.6
-12005.5
-12021.1
-12012.6
-12005.5
-12021.3
-12012.9
-12005.7
-12020.8
-12012.3
-12005.3
-12021.5
-12013
-12005.8
-12021.4
-12012.9
-12005.8
-12021.5
-12013
-12005.8
-12021.5
-12013
-12005.8
-12021.5
-12013
-12005.8
-12021.6
-12013.1
-12005.9
-12021.5
-12013
-12005.8
-12021.4
-12012.9
-12005.7
-12021.4
-12012.9
-12005.7
-12021.1
-12012.7
-12005.5
-12021.4
-12013
-12005.8
-12021.4
-12012.9
-12005.7
-12021.2
-12012.7
-12005.5
-12021.2
-12012.8
-12005.6
-12021.1
-12012.7
-12005.5
-12021.4
-12012.9
-12005.7
-12020.9
-12012.4
-12005.3
-12020.8
-12012.3
-12005.2
-12021.3
-12012.9
-12005.7
-12021.3
-12012.8
-12005.7
-12021.4
-12012.9
-12005.7
-12021.2
-12012.8
-12005.6
-12021.6
-12013.1
-12005.9
-12021.4
-12013
-12005.8
-12021.6
-12013.1
-12005.9
-12021.3
-12012.8
-12005.6
-12021.3
-12012.8
-12005.7
-12021.1
-12012.7
-12005.6
-12021.4
-12012.9
-12005.7
-12021.3
-12012.9
-12005.7
-12021.4
-12013
-12005.8
-12021.3
-12012.8
-12005.7
-12021.3
-12012.9
-12005.7
-12021.2
-12012.8
-12005.6
-12021.6
-12013.2
-12006
-12021.6
-12013.1
-12006
-12021.6
-12013.1
-12005.9
-12021.7
-12013.2
-12006
-12021.7
-12013.2
-12006
-12021.6
-12013.1
-12005.9
-12021.4
-12012.9
-12005.7
-12021.3
-12012.8
-12005.6
-12021.2
-12012.8
-12005.6
-12021.2
-12012.8
-12005.6
-12021
-12012.5
-12005.4
-12021.3
-12012.8
-12005.6
-12021.1
-12012.6
-12005.5
-12021.1
-12012.6
-12005.5
-12021
-12012.5
-12005.4
-12021.3
-12012.8
-12005.6
-12021.1
-12012.6
-12005.5
-12021
-12012.5
-12005.4
-12021.2
-12012.8
-12005.6
-12021.3
-12012.8
-12005.7
-12021.2
-12012.8
-12005.6
-12021.1
-12012.6
-12005.5
-12021.4
-12012.9
-12005.8
-12021.3
-12012.9
-12005.7
-12021.3
-12012.9
-12005.7
-12021.2
-12012.8
-12005.6
-12021.1
-12012.7
-12005.6
-12021.6
-12013.1
-12005.9
-12021.5
-12013
-12005.8
-12021.4
-12012.9
-12005.7
-12021.3
-12012.8
-12005.7
-12021.2
-12012.7
-12005.6
-12021.3
-12012.8
-12005.7
-12021.2
-12012.7
-12005.6
-12021.4
-12013
-12005.8
-12021.4
-12013
-12005.8
-12021.6
-12013.2
-12006
-12021.1
-12012.6
-12005.5
-12021.1
-12012.6
-12005.5
-12021.1
-12012.6
-12005.5
-12021.2
-12012.7
-12005.6
-12021.3
-12012.9
-12005.7
-12021.4
-12012.9
-12005.7
-12021.1
-12012.6
-12005.5
-12021.2
-12012.7
-12005.6
-12021
-12012.6
-12005.5
-12021.2
-12012.8
-12005.6
-12021.2
-12012.7
-12005.5
-12021.2
-12012.7
-12005.5
-12021.1
-12012.6
-12005.5
-12021.2
-12012.7
-12005.6
-12021.3
-12012.8
-12005.6
-12021.4
-12012.9
-12005.7
-12021.5
-12013.1
-12005.9
-12021.4
-12013
-12005.8
-12021.3
-12012.9
-12005.7
-12021.2
-12012.8
-12005.7
-12021.5
-12013.1
-12005.9
-12021.6
-12013.1
-12005.9
-12021.5
-12013
-12005.8
-12021.4
-12013
-12005.8
-12021.5
-12013
-12005.8
-12021.4
-12012.9
-12005.7
-12021.6
-12013.1
-12005.9
-12021.6
-12013.1
-12005.9
-12021.3
-12012.8
-12005.7
-12021.6
-12013.1
-12005.9
-12021.4
-12013
-12005.8
-12021.4
-12013
-12005.8
-12021.5
-12013.1
-12005.9
-12021.4
-12012.9
-12005.8
-12021.5
-12013
-12005.8
-12021.3
-12012.8
-12005.7
-12021.4
-12012.9
-12005.8
-12021.2
-12012.8
-12005.7
-12021.4
-12012.9
-12005.8
-12021.4
-12012.9
-12005.8
-12021.3
-12012.9
-12005.7
-12021.4
-12012.9
-12005.8
-12021.4
-12012.9
-12005.7
-12021.5
-12013
-12005.8
-12021.5
-12013
-12005.8
-12021.5
-12013
-12005.8
-12021.3
-12012.8
-12005.6
-12021.3
-12012.8
-12005.6
-12021.2
-12012.8
-12005.6
-12021.3
-12012.8
-12005.7
-12021.3
-12012.9
-12005.7
-12021.4
-12012.9
-12005.7
-12020.9
-12012.5
-12005.4
-12020.9
-12012.5
-12005.4
-12021.5
-12013
-12005.8
-12021.2
-12012.7
-12005.6
-12021.3
-12012.8
-12005.6
-12021.2
-12012.7
-12005.6
-12021.4
-12012.9
-12005.7
-12021.1
-12012.6
-12005.5
-12021
-12012.6
-12005.5
-12021.3
-12012.9
-12005.7
-12021.3
-12012.9
-12005.7
-12021.4
-12013
-12005.8
-12021.5
-12013.1
-12005.9
-12021.6
-12013.1
-12005.9
-12021.4
-12013
-12005.8
-12021.4
-12013
-12005.8
-12021.2
-12012.8
-12005.6
-12021.2
-12012.7
-12005.6
-12021.5
-12013
-12005.9
-12021.4
-12012.9
-12005.7
-12021.3
-12012.9
-12005.7
-12021.3
-12012.8
-12005.6
-12021.5
-12013
-12005.8
-12021.5
-12013
-12005.8
-12021.2
-12012.7
-12005.6
-12021.3
-12012.9
-12005.7
-12021.4
-12012.9
-12005.7
-12021.4
-12013
-12005.8
-12021.5
-12013
-12005.8
-12021.5
-12013
-12005.8
-12021.5
-12013
-12005.8
-12021.4
-12012.9
-12005.7
-12021.3
-12012.8
-12005.7
-12021.2
-12012.8
-12005.6
-12021.2
-12012.7
-12005.6
-12021.4
-12013
-12005.8
-12021.1
-12012.6
-12005.5
-12021.3
-12012.8
-12005.7
-12021.4
-12012.9
-12005.7
-12021.6
-12013.2
-12005.9
-12021.3
-12012.9
-12005.7
-12021.3
-12012.8
-12005.7
-12021.5
-12013
-12005.8
-12021.5
-12013
-12005.8
-12021.3
-12012.8
-12005.6
-12021.3
-12012.9
-12005.7
-12021.1
-12012.7
-12005.6
-12021.5
-12013.1
-12005.9
-12021.3
-12012.8
-12005.7
-12021.3
-12012.9
-12005.7
-12021.5
-12013.1
-12005.8
-12021.1
-12012.7
-12005.5
-12021.6
-12013.2
-12006
-12021.4
-12013
-12005.8
-12021.4
-12013
-12005.8
-12021.3
-12012.8
-12005.6
-12020.9
-12012.5
-12005.4
-12021.2
-12012.8
-12005.7
-12021.4
-12012.9
-12005.7
-12021.4
-12012.9
-12005.7
-12021.3
-12012.9
-12005.7
-12021.3
-12012.9
-12005.7
-12020.9
-12012.5
-12005.4
-12021.5
-12013
-12005.8
-12021.3
-12012.8
-12005.6
-12021.5
-12013
-12005.8
-12021
-12012.6
-12005.4
-12021.3
-12012.9
-12005.8
-12021.3
-12012.8
-12005.7
-12020.9
-12012.5
-12005.4
-12020.9
-12012.5
-12005.5
-12021.6
-12013.2
-12005.9
-12021.4
-12013
-12005.8
-12021
-12012.6
-12005.5
-12021.5
-12013.1
-12005.9
-12021.2
-12012.8
-12005.6
-12021.5
-12013
-12005.8
-12021.3
-12012.8
-12005.7
-12021.6
-12013.1
-12005.9
-12021.3
-12012.8
-12005.6
-12021
-12012.6
-12005.5
-12021.3
-12012.9
-12005.7
-12020.7
-12012.3
-12005.2
-12021.3
-12012.9
-12005.6
-12020.9
-12012.5
-12005.4
-12021.6
-12013.2
-12005.9
-12021.4
-12013
-12005.8
-12021.7
-12013.2
-12006
-12021.3
-12012.9
-12005.6
-12021
-12012.6
-12005.5
-12021.5
-12013.1
-12005.8
-12021.2
-12012.8
-12005.6
-12021.3
-12012.9
-12005.7
-12020.8
-12012.3
-12005.2
-12020.9
-12012.5
-12005.4
-12021.5
-12013.1
-12005.9
-12021.2
-12012.7
-12005.6
-12021
-12012.6
-12005.5
-12021.2
-12012.7
-12005.6
-12021.1
-12012.7
-12005.5
-12021.3
-12012.9
-12005.7
-12021.2
-12012.8
-12005.6
-12021
-12012.6
-12005.4
-12021.2
-12012.8
-12005.7
-12021
-12012.6
-12005.5
-12020.9
-12012.4
-12005.3
-12020.9
-12012.5
-12005.4
-12021.5
-12013.1
-12005.9
-12021.1
-12012.6
-12005.5
-12021.1
-12012.7
-12005.6
-12021.2
-12012.8
-12005.6
-12021.3
-12012.9
-12005.7
-12021.3
-12012.8
-12005.7
-12021.4
-12013
-12005.8
-12021.4
-12012.9
-12005.8
-12021.3
-12012.8
-12005.7
-12021.5
-12013
-12005.8
-12020.9
-12012.5
-12005.4
-12021.3
-12012.9
-12005.7
-12021.3
-12012.9
-12005.7
-12021.2
-12012.8
-12005.7
-12021.5
-12013
-12005.8
-12021
-12012.6
-12005.4
-12021.1
-12012.6
-12005.5
-12021.3
-12012.9
-12005.7
-12021.3
-12012.8
-12005.7
-12021.4
-12013
-12005.8
-12021.4
-12012.9
-12005.8
-12021.5
-12013
-12005.8
-12021.4
-12012.9
-12005.7
-12021.5
-12013
-12005.8
-12021.2
-12012.8
-12005.6
-12021.5
-12013
-12005.8
-12021.1
-12012.7
-12005.5
-12021.4
-12013
-12005.8
-12021
-12012.6
-12005.5
-12021.4
-12013
-12005.7
-12021
-12012.5
-12005.4
-12021.2
-12012.7
-12005.6
-12021.1
-12012.7
-12005.6
-12021.4
-12013
-12005.8
-12021.3
-12012.8
-12005.6
-12021.3
-12012.9
-12005.7
-12021
-12012.5
-12005.4
-12021.4
-12013
-12005.8
-12021.4
-12012.9
-12005.7
-12021.3
-12012.9
-12005.7
-12021.6
-12013.1
-12005.9
-12021.5
-12013
-12005.7
-12020.9
-12012.4
-12005.3
-12021.3
-12012.8
-12005.6
-12020.9
-12012.4
-12005.3
-12021.5
-12013
-12005.8
-12021.4
-12013
-12005.8
-12020.9
-12012.5
-12005.3
-12021.3
-12012.9
-12005.6
-12020.7
-12012.2
-12005.1
-12021.4
-12012.9
-12005.7
-12021.5
-12013.1
-12005.9
-12021.3
-12012.9
-12005.7
-12021.3
-12012.9
-12005.7
-12020.8
-12012.4
-12005.2
-12021.4
-12012.9
-12005.8
-12021.6
-12013.1
-12005.9
-12021.4
-12012.9
-12005.7
-12021.3
-12012.9
-12005.7
-12021.6
-12013.1
-12005.9
-12021.5
-12013
-12005.9
-12021.1
-12012.7
-12005.5
-12021
-12012.5
-12005.4
-12021.4
-12012.9
-12005.7
-12021.1
-12012.6
-12005.5
-12020.9
-12012.4
-12005.3
-12021.5
-12013.1
-12005.8
-12021
-12012.6
-12005.5
-12021.4
-12013
-12005.8
-12021.2
-12012.7
-12005.6
-12021.5
-12013.1
-12005.9
-12020.9
-12012.5
-12005.4
-12021.1
-12012.7
-12005.6
-12020.8
-12012.4
-12005.3
-12021.3
-12012.9
-12005.7
-12021.4
-12013
-12005.8
-12021.3
-12012.8
-12005.7
-12021.4
-12012.9
-12005.8
-12021.6
-12013.1
-12005.9
-12021.5
-12013
-12005.8
-12021.3
-12012.9
-12005.7
-12021.6
-12013.1
-12005.9
-12020.9
-12012.5
-12005.3
-12021.2
-12012.8
-12005.5
-12020.8
-12012.3
-12005.2
-12021.3
-12012.8
-12005.6
-12021.7
-12013.3
-12006
-12021.3
-12012.9
-12005.7
-12021.3
-12012.9
-12005.7
-12021.3
-12012.9
-12005.6
-12020.7
-12012.3
-12005.2
-12021.2
-12012.8
-12005.5
-12020.8
-12012.3
-12005.2
-12021.1
-12012.5
-12005.5
-12021.2
-12012.7
-12005.6
-12021.4
-12013
-12005.8
-12021.4
-12013
-12005.8
-12021.4
-12013
-12005.8
-12021.3
-12012.8
-12005.6
-12021.4
-12012.9
-12005.7
-12021.3
-12012.9
-12005.7
-12021.6
-12013.1
-12005.9
-12021.4
-12012.9
-12005.8
-12021.6
-12013.1
-12005.9
-12021.5
-12013.1
-12005.9
-12021
-12012.5
-12005.4
-12021.3
-12012.8
-12005.6
-12021.1
-12012.7
-12005.5
-12021.1
-12012.7
-12005.6
-12021.1
-12012.7
-12005.5
-12021.3
-12012.8
-12005.7
-12021.4
-12012.9
-12005.8
-12021.4
-12012.9
-12005.7
-12020.9
-12012.5
-12005.4
-12021.1
-12012.6
-12005.5
-12021.3
-12012.8
-12005.7
-12021.5
-12013
-12005.8
-12021.5
-12013
-12005.8
-12021.3
-12012.8
-12005.7
-12021
-12012.6
-12005.5
-12021.2
-12012.8
-12005.6
-12021.5
-12013.1
-12005.9
-12021.5
-12013
-12005.8
-12021.4
-12012.9
-12005.7
-12021.4
-12012.9
-12005.7
-12021.5
-12013
-12005.8
-12021.4
-12013
-12005.8
-12021.3
-12012.9
-12005.7
-12021.2
-12012.8
-12005.6
-12021.5
-12013.1
-12005.9
-12020.8
-12012.4
-12005.3
-12021
-12012.6
-12005.5
-12021.4
-12013
-12005.7
-12021.5
-12013.1
-12005.9
-12021.1
-12012.7
-12005.5
-12021.7
-12013.3
-12006
-12020.9
-12012.5
-12005.4
-12021.2
-12012.7
-12005.5
-12021.5
-12013
-12005.8
-12021.4
-12012.9
-12005.8
-12021.1
-12012.7
-12005.6
-12021.6
-12013.2
-12005.9
-12021
-12012.6
-12005.5
-12021.2
-12012.8
-12005.6
-12021.5
-12013.1
-12005.9
-12021.4
-12013
-12005.8
-12021.5
-12013
-12005.8
-12021.2
-12012.8
-12005.6
-12021.6
-12013.2
-12005.9
-12020.9
-12012.5
-12005.4
-12021.2
-12012.8
-12005.6
-12021.6
-12013.2
-12005.9
-12021
-12012.6
-12005.4
-12021.2
-12012.7
-12005.6
-12021.5
-12013.1
-12005.9
-12020.8
-12012.4
-12005.3
-12021.1
-12012.7
-12005.5
-12021.4
-12013
-12005.8
-12021.5
-12013
-12005.8
-12021.5
-12013
-12005.8
-12021.6
-12013.2
-12005.9
-12021.3
-12012.9
-12005.7
-12021.3
-12012.8
-12005.7
-12021.6
-12013.2
-12006
-12021.4
-12013
-12005.8
-12021.3
-12012.8
-12005.7
-12021.7
-12013.2
-12006
-12021.3
-12012.9
-12005.7
-12021.4
-12013
-12005.8
-12021.7
-12013.3
-12006
-12021
-12012.6
-12005.5
-12021
-12012.6
-12005.4
-12020.8
-12012.4
-12005.3
-12021.3
-12012.8
-12005.6
-12021.5
-12013.1
-12005.9
-12020.8
-12012.4
-12005.3
-12021.2
-12012.8
-12005.6
-12021.6
-12013.1
-12005.9
-12021.4
-12013
-12005.8
-12021.4
-12013
-12005.8
-12021.5
-12013.1
-12005.8
-12021.4
-12013.1
-12005.8
-12021.1
-12012.7
-12005.5
-12021.8
-12013.4
-12006.1
-12021.4
-12013
-12005.7
-12021.2
-12012.8
-12005.6
-12021.6
-12013.1
-12005.9
-12020.8
-12012.5
-12005.3
-12020.9
-12012.5
-12005.4
-12021.3
-12012.8
-12005.7
-12021.3
-12012.9
-12005.7
-12021.5
-12013.1
-12005.9
-12021.4
-12013
-12005.8
-12021.6
-12013.2
-12005.9
-12021.3
-12012.9
-12005.7
-12021.4
-12012.9
-12005.8
-12021.4
-12013
-12005.8
-12021.4
-12013
-12005.8
-12021.6
-12013.2
-12005.9
-12021.3
-12012.8
-12005.7
-12021.5
-12013.1
-12005.9
-12021.2
-12012.8
-12005.6
-12021.3
-12012.8
-12005.6
-12021.3
-12012.9
-12005.7
-12021.3
-12012.8
-12005.7
-12021.6
-12013.2
-12005.9
-12021.5
-12013
-12005.8
-12021.4
-12012.9
-12005.7
-12021.2
-12012.7
-12005.5
-12021.3
-12012.9
-12005.7
-12021.4
-12013
-12005.8
-12021.6
-12013.1
-12005.9
-12021.6
-12013.1
-12005.9
-12021.6
-12013.2
-12006
-12021.7
-12013.2
-12006
-12021.5
-12013.1
-12005.8
-12021.4
-12012.9
-12005.7
-12021.5
-12013
-12005.8
-12021.5
-12013
-12005.8
-12021.5
-12013.1
-12005.9
-12021.5
-12013.1
-12005.9
-12021.1
-12012.7
-12005.5
-12021.1
-12012.6
-12005.5
-12021
-12012.6
-12005.5
-12021.2
-12012.7
-12005.6
-12021.5
-12013.1
-12005.9
-12021.4
-12013
-12005.8
-12021.3
-12012.8
-12005.6
-12021
-12012.6
-12005.4
-12021.2
-12012.8
-12005.6
-12021.2
-12012.8
-12005.7
-12021.2
-12012.8
-12005.6
-12021.5
-12013.1
-12005.9
-12021.5
-12013.1
-12005.9
-12021.8
-12013.3
-12006
-12021.6
-12013.1
-12005.8
-12021.3
-12012.8
-12005.6
-12021.2
-12012.7
-12005.6
-12021.3
-12012.8
-12005.6
-12021.3
-12012.8
-12005.6
-12021.6
-12013.2
-12006
-12021.1
-12012.7
-12005.6
-12021.3
-12012.9
-12005.7
-12021.6
-12013.2
-12005.9
-12021.2
-12012.8
-12005.7
-12021.3
-12012.8
-12005.6
-12021.3
-12012.9
-12005.7
-12021.3
-12012.9
-12005.7
-12021.6
-12013.2
-12005.9
-12021.2
-12012.8
-12005.6
-12021.1
-12012.7
-12005.5
-12021.1
-12012.7
-12005.6
-12021.5
-12013.1
-12005.8
-12021.4
-12012.9
-12005.7
-12021.2
-12012.8
-12005.6
-12021.3
-12012.9
-12005.7
-12021.4
-12012.9
-12005.8
-12021.5
-12013
-12005.8
-12021.5
-12013
-12005.8
-12021.6
-12013.1
-12005.9
-12021.3
-12012.8
-12005.7
-12021.6
-12013.1
-12005.8
-12021.4
-12012.9
-12005.7
-12021.2
-12012.7
-12005.6
-12021.3
-12012.8
-12005.6
-12021.2
-12012.8
-12005.6
-12021.1
-12012.7
-12005.6
-12021.3
-12012.8
-12005.6
-12021.3
-12012.8
-12005.7
-12021.5
-12013
-12005.8
-12021.5
-12013
-12005.8
-12021.6
-12013.2
-12006
-12021.6
-12013.1
-12005.9
-12021.2
-12012.8
-12005.7
-12021.3
-12012.8
-12005.7
-12021.2
-12012.7
-12005.6
-12021.2
-12012.7
-12005.6
-12021
-12012.6
-12005.5
-12020.9
-12012.5
-12005.4
-12021.1
-12012.7
-12005.6
-12020.9
-12012.5
-12005.4
-12021.1
-12012.7
-12005.5
-12020.9
-12012.5
-12005.4
-12021.3
-12012.9
-12005.7
-12021.3
-12012.9
-12005.7
-12021.7
-12013.2
-12006
-12021.5
-12013.1
-12005.9
-12021.7
-12013.3
-12006
-12021
-12012.5
-12005.4
-12021
-12012.6
-12005.5
-12021.2
-12012.8
-12005.6
-12021.5
-12013
-12005.8
-12021.4
-12012.9
-12005.7
-12021.4
-12012.9
-12005.7
-12021.5
-12013
-12005.8
-12021.4
-12012.9
-12005.7
-12021.3
-12012.8
-12005.7
-12021.5
-12013
-12005.8
-12021.4
-12012.9
-12005.7
-12021.3
-12012.9
-12005.7
-12021.5
-12013
-12005.8
-12021.5
-12013
-12005.8
-12021.4
-12012.9
-12005.7
-12021.4
-12012.9
-12005.7
-12021.4
-12012.9
-12005.7
-12021.4
-12013
-12005.8
-12021.4
-12013
-12005.8
-12021.5
-12013.1
-12005.8
-12021.3
-12012.8
-12005.7
-12021.4
-12013
-12005.8
-12021.4
-12012.9
-12005.8
-12021.5
-12013.1
-12005.8
-12021.1
-12012.7
-12005.5
-12021.3
-12012.9
-12005.7
-12021.4
-12013
-12005.8
-12021.4
-12013
-12005.8
-12021.6
-12013.1
-12005.9
-12021.5
-12013
-12005.8
-12021.5
-12013
-12005.8
-12021.7
-12013.3
-12006
-12021.6
-12013.1
-12005.9
-12021.5
-12013
-12005.8
-12021.7
-12013.3
-12006
-12021.7
-12013.2
-12005.9
-12021.3
-12012.8
-12005.7
-12021.3
-12012.8
-12005.7
-12021.6
-12013.1
-12005.9
-12021.6
-12013.1
-12005.9
-12021.6
-12013
-12005.9
-12020.8
-12012.4
-12005.3
-12021.6
-12013.1
-12005.9
-12021.3
-12012.8
-12005.6
-12021.4
-12012.9
-12005.7
-12021.3
-12012.8
-12005.6
-12021.3
-12012.8
-12005.6
-12021.3
-12012.9
-12005.7
-12021.3
-12012.9
-12005.7
-12021.4
-12012.9
-12005.7
-12021.4
-12012.9
-12005.7
-12021
-12012.5
-12005.4
-12021.4
-12012.9
-12005.7
-12021.4
-12013
-12005.7
-12021.6
-12013.2
-12006
-12021.5
-12013
-12005.8
-12021.5
-12013.1
-12005.9
-12021.6
-12013.2
-12005.9
-12021.5
-12013
-12005.8
-12021.5
-12013.1
-12005.9
-12021.5
-12013.1
-12005.9
-12020.8
-12012.4
-12005.3
-12021.4
-12013
-12005.7
-12021.5
-12013
-12005.8
-12021.4
-12012.9
-12005.7
-12021.4
-12012.9
-12005.7
-12021.4
-12012.9
-12005.7
-12021.3
-12012.9
-12005.7
-12021.2
-12012.7
-12005.5
-12021.4
-12012.9
-12005.7
-12021.5
-12013
-12005.8
-12021.5
-12013.1
-12005.9
-12021.7
-12013.3
-12006
-12021.5
-12013.1
-12005.9
-12021.5
-12013.1
-12005.9
-12021.7
-12013.2
-12006
-12021.6
-12013.1
-12005.9
-12021.6
-12013.1
-12005.9
-12021.4
-12012.9
-12005.7
-12021.3
-12012.8
-12005.7
-12021.5
-12013
-12005.8
-12021.3
-12012.8
-12005.7
-12021.4
-12012.9
-12005.7
-12021.4
-12013
-12005.8
-12021.4
-12013
-12005.8
-12021.5
-12013
-12005.8
-12021.5
-12013
-12005.8
-12021.3
-12012.8
-12005.6
-12021.3
-12012.8
-12005.7
-12021.4
-12013
-12005.8
-12021.6
-12013.2
-12005.9
-12021.6
-12013.1
-12005.9
-12021.4
-12013
-12005.8
-12021.4
-12013
-12005.8
-12021.5
-12013
-12005.8
-12021.6
-12013.2
-12005.9
-12021.4
-12013
-12005.8
-12021.4
-12012.9
-12005.8
-12021.6
-12013.1
-12005.9
-12021.6
-12013.1
-12005.9
-12021
-12012.6
-12005.5
-12021.4
-12013.2
-12006
-12021.1
-12012.6
-12005.5
-12021.6
-12013.2
-12005.9
-12021.4
-12013
-12005.8
-12021.1
-12012.6
-12005.5
-12021.6
-12013.1
-12005.9
-12020.9
-12012.5
-12005.4
-12021.4
-12013
-12005.8
-12021.4
-12013
-12005.8
-12021.4
-12013
-12005.8
-12021.1
-12012.7
-12005.6
-12021.5
-12013.1
-12005.9
-12021.2
-12012.8
-12005.6
-12020.9
-12012.5
-12005.4
-12021.1
-12012.7
-12005.5
-12021.4
-12013
-12005.8
-12021.1
-12012.7
-12005.6
-12020.8
-12012.4
-12005.3
-12021.7
-12013.2
-12005.9
-12021.2
-12012.8
-12005.6
-12021.3
-12012.9
-12005.7
-12021.5
-12013
-12005.8
-12021.1
-12012.6
-12005.5
-12021.3
-12012.9
-12005.7
-12021.3
-12012.8
-12005.6
-12021.3
-12012.8
-12005.6
-12021.3
-12012.8
-12005.7
-12021.3
-12012.8
-12005.7
-12021.3
-12012.9
-12005.7
-12021.3
-12012.8
-12005.6
-12021.7
-12013.3
-12006
-12021.4
-12012.9
-12005.8
-12021.5
-12013
-12005.9
-12021.4
-12013
-12005.8
-12021.4
-12012.9
-12005.8
-12021.5
-12013
-12005.9
-12021.5
-12013.1
-12005.9
-12021.3
-12012.9
-12005.7
-12021
-12012.5
-12005.4
-12021.5
-12013
-12005.8
-12021.2
-12012.8
-12005.6
-12021.1
-12012.7
-12005.5
-12021.5
-12013.1
-12005.8
-12020.8
-12012.4
-12005.2
-12020.9
-12012.5
-12005.4
-12021.3
-12012.9
-12005.7
-12021
-12012.6
-12005.5
-12021.1
-12012.7
-12005.6
-12021.2
-12012.8
-12005.6
-12021.1
-12012.6
-12005.5
-12021.2
-12012.7
-12005.6
-12021.1
-12012.7
-12005.5
-12021.3
-12012.9
-12005.7
-12020.9
-12012.5
-12005.3
-12021.3
-12012.8
-12005.6
-12021.4
-12012.9
-12005.7
-12021.2
-12012.8
-12005.7
-12021.3
-12012.9
-12005.7
-12021
-12012.7
-12005.5
-12021.1
-12012.7
-12005.6
-12020.8
-12012.3
-12005.2
-12021.5
-12013.1
-12005.8
-12021.2
-12012.7
-12005.5
-12021.3
-12012.8
-12005.7
-12021.3
-12012.8
-12005.6
-12021.3
-12012.9
-12005.7
-12021.3
-12012.9
-12005.7
-12021.3
-12012.8
-12005.7
-12021.7
-12013.3
-12006
-12021.4
-12012.9
-12005.8
-12021.6
-12013.2
-12005.9
-12021.2
-12012.7
-12005.6
-12021.5
-12013
-12005.8
-12021.6
-12013.1
-12005.9
-12021.4
-12012.9
-12005.7
-12021.3
-12012.8
-12005.6
-12021.1
-12012.7
-12005.5
-12021.1
-12012.7
-12005.6
-12021.2
-12012.7
-12005.6
-12020.8
-12012.4
-12005.4
-12021.2
-12012.7
-12005.6
-12021
-12012.5
-12005.4
-12021.4
-12013
-12005.8
-12021.1
-12012.7
-12005.6
-12021.2
-12012.8
-12005.6
-12021.2
-12012.8
-12005.7
-12021.4
-12013
-12005.8
-12021.4
-12013
-12005.8
-12021.7
-12013.2
-12006
-12021.2
-12012.7
-12005.6
-12020.9
-12012.5
-12005.4
-12021.1
-12012.7
-12005.5
-12021.4
-12013
-12005.8
-12021.6
-12013.1
-12005.9
-12021.7
-12013.2
-12006
-12021.4
-12013
-12005.8
-12021.4
-12012.9
-12005.8
-12021.5
-12013.1
-12005.9
-12020.6
-12012.2
-12005.1
-12021.3
-12012.8
-12005.6
-12021.3
-12012.8
-12005.6
-12021.4
-12012.9
-12005.7
-12021.2
-12012.8
-12005.6
-12021.4
-12012.9
-12005.7
-12021.5
-12013
-12005.8
-12021.2
-12012.7
-12005.6
-12021.4
-12012.9
-12005.7
-12021.5
-12013
-12005.8
-12021.5
-12013.1
-12005.9
-12021.5
-12013.1
-12005.9
-12021.6
-12013.1
-12005.9
-12021.5
-12013.1
-12005.9
-12021.7
-12013.3
-12006
-12021.6
-12013.1
-12005.9
-12021.1
-12012.6
-12005.4
-12020.9
-12012.5
-12005.3
-12021.1
-12012.6
-12005.5
-12021.1
-12012.7
-12005.5
-12021.3
-12012.9
-12005.7
-12021.2
-12012.8
-12005.6
-12021.5
-12013
-12005.7
-12021.2
-12012.8
-12005.7
-12021.3
-12012.8
-12005.7
-12021
-12012.6
-12005.5
-12021.2
-12012.8
-12005.6
-12020.8
-12012.4
-12005.4
-12021.3
-12012.9
-12005.7
-12021.5
-12013
-12005.8
-12021.3
-12012.9
-12005.7
-12021.5
-12013.1
-12005.8
-12021
-12012.6
-12005.5
-12021.1
-12012.7
-12005.6
-12021.4
-12013
-12005.8
-12021.1
-12012.7
-12005.6
-12021.3
-12012.9
-12005.7
-12021
-12012.6
-12005.5
-12021.3
-12012.8
-12005.7
-12021.2
-12012.8
-12005.6
-12021.3
-12012.8
-12005.7
-12021.3
-12012.9
-12005.7
-12021.4
-12012.9
-12005.7
-12021.3
-12012.8
-12005.6
-12021.5
-12013.1
-12005.8
-12021.4
-12013
-12005.8
-12021.5
-12013.1
-12005.9
-12021.5
-12013.1
-12005.9
-12021.6
-12013.2
-12006
-12021.7
-12013.2
-12006
-12021
-12012.6
-12005.5
-12020.8
-12012.4
-12005.3
-12021
-12012.6
-12005.5
-12021
-12012.6
-12005.5
-12021.4
-12012.9
-12005.7
-12021.3
-12012.8
-12005.7
-12021.4
-12012.9
-12005.7
-12021.4
-12012.9
-12005.7
-12021.5
-12013
-12005.8
-12021.4
-12012.9
-12005.7
-12021.4
-12013
-12005.8
-12021.3
-12012.9
-12005.7
-12021.4
-12013
-12005.8
-12021.5
-12013
-12005.8
-12021
-12012.6
-12005.4
-12021.3
-12012.9
-12005.7
-12021.4
-12013
-12005.8
-12021.6
-12013.1
-12005.9
-12021.5
-12013.1
-12005.9
-12021.4
-12012.9
-12005.7
-12021.4
-12013
-12005.8
-12021.5
-12013
-12005.8
-12021.6
-12013.1
-12005.9
-12021.4
-12012.9
-12005.8
-12021.5
-12013
-12005.8
-12021.6
-12013.1
-12005.9
-12020.9
-12012.5
-12005.3
-12021.3
-12012.8
-12005.6
-12021.5
-12013
-12005.8
-12021.2
-12012.7
-12005.5
-12021.3
-12012.8
-12005.6
-12021.2
-12012.8
-12005.6
-12021.3
-12012.8
-12005.7
-12021.3
-12012.9
-12005.7
-12021.7
-12013.2
-12006
-12021.4
-12013
-12005.8
-12021.4
-12013
-12005.8
-12021.6
-12013.1
-12005.9
-12021.2
-12012.8
-12005.6
-12021.5
-12013.1
-12005.9
-12021.6
-12013.2
-12005.9
-12021.3
-12012.8
-12005.6
-12021.2
-12012.8
-12005.6
-12021.3
-12012.8
-12005.6
-12021.3
-12012.9
-12005.7
-12021.5
-12013
-12005.8
-12021.4
-12012.9
-12005.7
-12021.6
-12013.1
-12005.9
-12021.6
-12013.2
-12005.9
-12021.4
-12013
-12005.8
-12021.7
-12013.3
-12006
-12021.4
-12012.9
-12005.7
-12021.4
-12012.9
-12005.7
-12021.4
-12012.9
-12005.7
-12020.9
-12012.5
-12005.4
-12021.4
-12012.9
-12005.7
-12021.5
-12013.1
-12005.8
-12021.1
-12012.6
-12005.5
-12021.3
-12012.9
-12005.7
-12021.4
-12013
-12005.8
-12021.6
-12013.1
-12005.9
-12021.4
-12013
-12005.8
-12021.6
-12013.2
-12005.9
)
;

boundaryField
{
    sphere_to_oil
    {
        type            calculated;
        value           nonuniform List<scalar> 
1536
(
-12005.2
-12005.3
-12005.3
-12005.4
-12005.3
-12005.4
-12005.5
-12005.4
-12005.4
-12005.5
-12005.3
-12005.3
-12005.4
-12005.5
-12005.3
-12005.5
-12005
-12005
-12005.4
-12005.4
-12005.4
-12005.2
-12005.2
-12005.3
-12005.3
-12005.3
-12005.3
-12005.3
-12005.3
-12005.4
-12005.4
-12005.4
-12005.4
-12005.2
-12005.2
-12005.3
-12005.2
-12005.3
-12005.3
-12005.2
-12005.3
-12005.3
-12005.4
-12005.4
-12005.3
-12005.4
-12005.2
-12005.2
-12005.5
-12005.5
-12005.5
-12005.5
-12005.2
-12005.3
-12005.4
-12005.3
-12005.5
-12005.5
-12005.3
-12005.4
-12005.4
-12005.4
-12005.4
-12005.3
-12005.4
-12005.3
-12005.2
-12005.4
-12005.4
-12005.4
-12005.1
-12005.7
-12005.6
-12005.5
-12005.1
-12005.5
-12005.5
-12005.6
-12005.6
-12005
-12005.2
-12005.2
-12005.5
-12005.3
-12005.4
-12005.3
-12005.6
-12005.5
-12005.5
-12005.4
-12005.4
-12005.3
-12005.4
-12005.3
-12005.4
-12005.2
-12005
-12005.4
-12005.4
-12005.5
-12005.5
-12005.1
-12005.4
-12005.4
-12005.6
-12005.5
-12005
-12005.7
-12005.6
-12005.4
-12005.5
-12005.5
-12005.2
-12005.3
-12005.5
-12005.5
-12005.6
-12005.4
-12005.3
-12005.4
-12005.5
-12005.4
-12005.3
-12005.3
-12005.2
-12005.2
-12005.3
-12005.4
-12005.2
-12005.2
-12005.3
-12005.4
-12005.4
-12005.5
-12005.5
-12005.2
-12005.3
-12005.2
-12005.5
-12005.4
-12005.3
-12005.3
-12005.3
-12005.4
-12005.4
-12005.4
-12005.1
-12005.2
-12005.2
-12004.9
-12005
-12005.3
-12005.3
-12005.3
-12005.3
-12005.3
-12005.1
-12005.3
-12004.9
-12005.1
-12005.1
-12005.2
-12005.2
-12005.2
-12005.3
-12005.2
-12005.2
-12005.2
-12005
-12005.2
-12005.5
-12005.5
-12005.5
-12005.5
-12005.5
-12005.5
-12005.1
-12005.3
-12005.1
-12004.8
-12005.2
-12005.1
-12005.2
-12005.1
-12005.2
-12005
-12005.2
-12005.4
-12005.4
-12005.5
-12005.6
-12005.4
-12005.4
-12005.4
-12005.4
-12005.5
-12005.4
-12005.4
-12005.5
-12005.5
-12005.5
-12005.6
-12005.3
-12005.3
-12005.2
-12005.4
-12005.5
-12005.3
-12005.3
-12005.4
-12005.4
-12005.5
-12005.5
-12005.4
-12005.4
-12005.3
-12005.4
-12005.6
-12005.6
-12005.7
-12005.4
-12005.5
-12005.4
-12005.5
-12005.6
-12005.2
-12005.3
-12005.4
-12005.3
-12005.5
-12005.3
-12005.4
-12005.4
-12005.4
-12005.2
-12005.2
-12005.2
-12005.3
-12005.3
-12005.6
-12005.5
-12005.4
-12005.2
-12005.4
-12005.5
-12005.6
-12005.5
-12005.3
-12005.2
-12005.2
-12005.6
-12005.3
-12005.4
-12005.4
-12005.4
-12005.5
-12005.5
-12005.3
-12005.3
-12005.1
-12005
-12005.1
-12005.4
-12005
-12005.2
-12005.3
-12005.3
-12005.4
-12005.2
-12005.2
-12005.2
-12005.3
-12005.3
-12005.5
-12005.5
-12005.4
-12005.4
-12005.4
-12005.5
-12005.2
-12005.2
-12005.1
-12005.3
-12005.3
-12005.6
-12005.5
-12005.5
-12005.3
-12005.3
-12005.1
-12005.1
-12005.3
-12005.3
-12005.5
-12005.4
-12005.4
-12005.7
-12005.7
-12005.6
-12005.7
-12005.6
-12005.7
-12005.6
-12005.5
-12005.5
-12005
-12005.1
-12005.2
-12005.2
-12005.3
-12004.9
-12005.2
-12005.5
-12005.5
-12005.5
-12005.4
-12005.5
-12005.5
-12005.3
-12005.3
-12005.3
-12005.4
-12005.3
-12005.4
-12005.3
-12005.2
-12005.2
-12005.4
-12005.4
-12005.2
-12005.2
-12005.3
-12005.4
-12005.5
-12005.6
-12005.4
-12005.5
-12005.4
-12005.5
-12005.4
-12005.4
-12005.4
-12005.4
-12005.4
-12005.5
-12005.6
-12005.6
-12005.7
-12005.6
-12005.6
-12005.7
-12005.6
-12005.4
-12005.3
-12005.3
-12005.2
-12005.4
-12005.2
-12005.3
-12005.2
-12005.2
-12005.2
-12005.4
-12005.3
-12005.1
-12005.3
-12005.5
-12005.5
-12005.6
-12005.6
-12005.5
-12005.5
-12005.5
-12005.6
-12005.6
-12005.4
-12005.4
-12005.3
-12005.1
-12005.2
-12005.2
-12005.2
-12005.2
-12005.4
-12005.5
-12005.3
-12005.1
-12005.1
-12005.2
-12005.2
-12005.2
-12005.3
-12005.3
-12005.5
-12005.5
-12005.4
-12005.5
-12005.5
-12005.4
-12005.6
-12005.5
-12005.4
-12005.4
-12005.4
-12005.5
-12005.6
-12005.5
-12005.4
-12005.4
-12005.5
-12005.6
-12005.6
-12005.5
-12005.6
-12005.6
-12005.5
-12005.5
-12005.5
-12005.4
-12005.4
-12005.2
-12005.5
-12005.4
-12005.3
-12005.3
-12005.2
-12005.4
-12005.4
-12005.3
-12005.3
-12005.4
-12005.5
-12005.4
-12005.5
-12005.5
-12005.6
-12005.5
-12005.3
-12005.3
-12005.3
-12005.4
-12005.4
-12005.4
-12005.5
-12005.6
-12005.7
-12005.6
-12005.6
-12005.6
-12005.6
-12005.7
-12005.4
-12005.5
-12005.1
-12005.2
-12005.2
-12004.9
-12005.2
-12005.1
-12005.2
-12005.4
-12005.3
-12005.4
-12005.3
-12005.2
-12005.2
-12005.2
-12005.4
-12005.2
-12005.2
-12005.2
-12005.3
-12005.3
-12005.2
-12005.3
-12005.1
-12005.6
-12005.4
-12005.4
-12005.4
-12005.6
-12005.5
-12005.5
-12005.4
-12005.5
-12005.5
-12005.4
-12005.4
-12005
-12004.8
-12005.1
-12004.9
-12005
-12005
-12005.7
-12005.6
-12005.4
-12005.4
-12005.5
-12005.5
-12004.8
-12005.1
-12005.1
-12005
-12005.1
-12005
-12004.7
-12005.6
-12005.6
-12005.6
-12005.6
-12005.6
-12005.5
-12005.5
-12005.4
-12005.4
-12005.2
-12005.2
-12005.2
-12005.4
-12005.3
-12005.3
-12005.1
-12005.4
-12005.3
-12005.2
-12005.2
-12005.5
-12005.6
-12005.4
-12005.5
-12005.5
-12005.5
-12005.5
-12005.5
-12005.5
-12005.5
-12005.5
-12005.4
-12005.5
-12005.4
-12005.4
-12005.4
-12005.5
-12005.5
-12005.5
-12005.4
-12005.4
-12005.5
-12005.5
-12005.5
-12005.3
-12005.2
-12005.5
-12005.3
-12005.1
-12005.2
-12005
-12005.3
-12005.2
-12005.3
-12005.3
-12005.2
-12004.9
-12005.2
-12005
-12005.3
-12005.4
-12005
-12005.3
-12005.3
-12005.3
-12005.4
-12005.2
-12005.3
-12005.1
-12005.3
-12005.3
-12005.1
-12005.2
-12005.2
-12004.9
-12005
-12005.2
-12005.2
-12005.1
-12005.3
-12005.4
-12005.2
-12005.3
-12005.2
-12005.4
-12005.3
-12005.4
-12005.4
-12005.5
-12005.6
-12005.5
-12005.5
-12005.5
-12005.4
-12005.4
-12005.3
-12005.5
-12005.5
-12005.4
-12005.4
-12005.3
-12005.5
-12005.5
-12004.8
-12005.1
-12005
-12005
-12005.1
-12005
-12004.8
-12005.6
-12005.5
-12005.5
-12005.6
-12005.6
-12005.5
-12005.5
-12005.3
-12005
-12004.8
-12005.2
-12005.2
-12004.8
-12005.1
-12004.7
-12005
-12005.2
-12005.4
-12005.7
-12005.6
-12005.6
-12005.5
-12005.6
-12005.6
-12005.6
-12005.4
-12005.4
-12005.4
-12005.3
-12005.3
-12005.2
-12005.3
-12005.2
-12005.1
-12005.1
-12005.1
-12005.3
-12005.3
-12005.4
-12005.3
-12005.3
-12005.2
-12005.3
-12005.4
-12005.4
-12005.4
-12005.3
-12005.6
-12005.4
-12005.6
-12005.5
-12005.7
-12005.8
-12005.5
-12005.5
-12005.5
-12005.5
-12005.6
-12005.6
-12005.5
-12005.4
-12005.4
-12005.6
-12005.5
-12005.5
-12005.4
-12005.4
-12005.5
-12005.6
-12005.5
-12005.5
-12005.5
-12005.4
-12005.6
-12005.6
-12005.4
-12005.4
-12005.4
-12005.5
-12005.6
-12005.2
-12005.3
-12005.3
-12005.2
-12005
-12005.2
-12005.3
-12005.4
-12005.1
-12005.5
-12005.5
-12005.5
-12005.5
-12005.5
-12005.5
-12005.5
-12005.4
-12005.4
-12005.2
-12005.5
-12005.4
-12005.3
-12005.3
-12005.2
-12005.4
-12005.1
-12005
-12005.4
-12005.4
-12005.4
-12005.4
-12005.6
-12005.5
-12005.6
-12005.4
-12005.4
-12005.3
-12005.5
-12005.4
-12005.5
-12005.4
-12005.4
-12005.4
-12005.6
-12005.6
-12005.6
-12005.7
-12005.7
-12005.6
-12005.4
-12005.3
-12005.3
-12005.3
-12005.1
-12005.3
-12005.2
-12005.2
-12005.1
-12005.3
-12005.2
-12005.2
-12005.3
-12005.4
-12005.3
-12005.3
-12005.5
-12005.4
-12005.4
-12005.3
-12005.3
-12005.6
-12005.5
-12005.4
-12005.4
-12005.3
-12005.4
-12005.4
-12005.5
-12005.5
-12005.6
-12005.2
-12005.2
-12005.2
-12005.3
-12005.4
-12005.4
-12005.2
-12005.3
-12005.2
-12005.3
-12005.2
-12005.2
-12005.2
-12005.3
-12005.3
-12005.4
-12005.6
-12005.5
-12005.4
-12005.4
-12005.6
-12005.6
-12005.5
-12005.5
-12005.5
-12005.5
-12005.6
-12005.6
-12005.4
-12005.5
-12005.5
-12005.5
-12005.6
-12005.5
-12005.5
-12005.4
-12005.5
-12005.4
-12005.4
-12005.5
-12005.4
-12005.5
-12005.4
-12005.5
-12005.5
-12005.5
-12005.3
-12005.3
-12005.3
-12005.4
-12005.4
-12005.4
-12005.1
-12005.1
-12005.5
-12005.3
-12005.3
-12005.3
-12005.4
-12005.2
-12005.2
-12005.4
-12005.4
-12005.5
-12005.6
-12005.6
-12005.5
-12005.5
-12005.3
-12005.3
-12005.5
-12005.4
-12005.4
-12005.4
-12005.5
-12005.5
-12005.3
-12005.4
-12005.5
-12005.5
-12005.5
-12005.5
-12005.5
-12005.4
-12005.4
-12005.4
-12005.3
-12005.5
-12005.2
-12005.4
-12005.4
-12005.6
-12005.4
-12005.4
-12005.5
-12005.5
-12005.3
-12005.4
-12005.4
-12005.6
-12005.4
-12005.4
-12005.5
-12005.3
-12005.6
-12005.5
-12005.5
-12005.3
-12005.1
-12005.4
-12005.4
-12005.4
-12005.5
-12005.4
-12005.2
-12005.4
-12005.3
-12005.5
-12005.1
-12005.5
-12005.4
-12005.1
-12005.2
-12005.6
-12005.5
-12005.3
-12005.6
-12005.3
-12005.5
-12005.4
-12005.5
-12005.3
-12005.3
-12005.4
-12005
-12005.3
-12005.1
-12005.6
-12005.5
-12005.6
-12005.3
-12005.3
-12005.5
-12005.3
-12005.3
-12005
-12005.1
-12005.5
-12005.3
-12005.2
-12005.3
-12005.2
-12005.4
-12005.3
-12005.2
-12005.4
-12005.2
-12005.1
-12005.2
-12005.5
-12005.2
-12005.3
-12005.4
-12005.4
-12005.4
-12005.5
-12005.5
-12005.4
-12005.5
-12005.1
-12005.4
-12005.4
-12005.4
-12005.5
-12005.2
-12005.2
-12005.4
-12005.4
-12005.5
-12005.5
-12005.5
-12005.4
-12005.5
-12005.4
-12005.5
-12005.2
-12005.5
-12005.2
-12005.4
-12005.1
-12005.3
-12005.3
-12005.5
-12005.3
-12005.4
-12005.1
-12005.5
-12005.4
-12005.4
-12005.6
-12005.4
-12005
-12005.3
-12005
-12005.5
-12005.5
-12005
-12005.3
-12004.9
-12005.4
-12005.5
-12005.4
-12005.4
-12005
-12005.4
-12005.6
-12005.4
-12005.4
-12005.6
-12005.5
-12005.2
-12005.1
-12005.4
-12005.2
-12005
-12005.5
-12005.2
-12005.5
-12005.3
-12005.5
-12005.2
-12005.3
-12005
-12005.4
-12005.5
-12005.4
-12005.4
-12005.6
-12005.5
-12005.5
-12005.6
-12005
-12005.2
-12004.9
-12005.3
-12005.7
-12005.4
-12005.4
-12005.3
-12004.9
-12005.2
-12004.9
-12005.2
-12005.3
-12005.5
-12005.5
-12005.5
-12005.3
-12005.4
-12005.4
-12005.6
-12005.4
-12005.6
-12005.6
-12005.2
-12005.3
-12005.2
-12005.3
-12005.2
-12005.4
-12005.5
-12005.4
-12005.1
-12005.2
-12005.4
-12005.5
-12005.5
-12005.4
-12005.2
-12005.3
-12005.6
-12005.5
-12005.4
-12005.4
-12005.5
-12005.5
-12005.4
-12005.3
-12005.5
-12005.1
-12005.2
-12005.4
-12005.5
-12005.2
-12005.6
-12005.1
-12005.3
-12005.5
-12005.5
-12005.3
-12005.5
-12005.2
-12005.3
-12005.6
-12005.5
-12005.5
-12005.3
-12005.6
-12005.2
-12005.3
-12005.6
-12005.2
-12005.3
-12005.6
-12005.1
-12005.2
-12005.5
-12005.5
-12005.5
-12005.6
-12005.4
-12005.4
-12005.6
-12005.5
-12005.3
-12005.6
-12005.4
-12005.4
-12005.6
-12005.2
-12005.1
-12005.1
-12005.3
-12005.6
-12005
-12005.3
-12005.6
-12005.5
-12005.5
-12005.5
-12005.5
-12005.2
-12005.7
-12005.4
-12005.3
-12005.5
-12005.1
-12005.1
-12005.4
-12005.4
-12005.5
-12005.5
-12005.6
-12005.4
-12005.5
-12005.5
-12005.5
-12005.6
-12005.4
-12005.6
-12005.3
-12005.3
-12005.4
-12005.4
-12005.6
-12005.4
-12005.4
-12005.3
-12005.4
-12005.5
-12005.6
-12005.6
-12005.7
-12005.6
-12005.5
-12005.4
-12005.5
-12005.5
-12005.6
-12005.5
-12005.3
-12005.2
-12005.3
-12005.3
-12005.6
-12005.4
-12005.3
-12005.1
-12005.3
-12005.4
-12005.4
-12005.5
-12005.6
-12005.7
-12005.5
-12005.3
-12005.3
-12005.3
-12005.3
-12005.6
-12005.3
-12005.4
-12005.6
-12005.4
-12005.3
-12005.4
-12005.4
-12005.6
-12005.3
-12005.3
-12005.3
-12005.5
-12005.4
-12005.3
-12005.4
-12005.4
-12005.5
-12005.5
-12005.6
-12005.4
-12005.5
-12005.4
-12005.2
-12005.3
-12005.3
-12005.4
-12005.3
-12005.4
-12005.5
-12005.5
-12005.7
-12005.6
-12005.4
-12005.4
-12005.3
-12005.3
-12005.2
-12005.1
-12005.3
-12005.1
-12005.2
-12005.1
-12005.4
-12005.4
-12005.6
-12005.6
-12005.6
-12005.2
-12005.3
-12005.4
-12005.5
-12005.4
-12005.4
-12005.5
-12005.4
-12005.4
-12005.5
-12005.4
-12005.4
-12005.5
-12005.5
-12005.4
-12005.4
-12005.4
-12005.5
-12005.5
-12005.5
-12005.4
-12005.4
-12005.5
-12005.5
-12005.3
-12005.4
-12005.5
-12005.5
-12005.5
-12005.5
-12005.5
-12005.6
-12005.6
-12005.5
-12005.7
-12005.6
-12005.4
-12005.5
-12005.6
-12005.6
-12005.6
-12005.1
-12005.5
-12005.3
-12005.4
-12005.3
-12005.3
-12005.4
-12005.4
-12005.4
-12005.4
-12005.1
-12005.4
-12005.4
-12005.6
-12005.5
-12005.6
-12005.6
-12005.5
-12005.6
-12005.6
-12005.1
-12005.4
-12005.4
-12005.4
-12005.4
-12005.4
-12005.4
-12005.2
-12005.4
-12005.5
-12005.6
-12005.7
-12005.6
-12005.6
-12005.6
-12005.6
-12005.6
-12005.4
-12005.4
-12005.5
-12005.4
-12005.4
-12005.5
-12005.5
-12005.5
-12005.5
-12005.3
-12005.4
-12005.5
-12005.6
-12005.6
-12005.5
-12005.5
-12005.5
-12005.6
-12005.5
-12005.5
-12005.6
-12005.6
-12005.2
-12005.7
-12005.2
-12005.6
-12005.5
-12005.2
-12005.5
-12005.1
-12005.5
-12005.5
-12005.5
-12005.3
-12005.6
-12005.3
-12005.2
-12005.3
-12005.5
-12005.3
-12005.1
-12005.6
-12005.3
-12005.4
-12005.5
-12005.2
-12005.4
-12005.3
-12005.3
-12005.4
-12005.4
-12005.4
-12005.3
-12005.7
-12005.5
-12005.5
-12005.5
-12005.5
-12005.6
-12005.6
-12005.4
-12005.1
-12005.4
-12005.3
-12005.2
-12005.5
-12005
-12005.2
-12005.4
-12005.2
-12005.3
-12005.3
-12005.1
-12005.3
-12005.2
-12005.4
-12005
-12005.3
-12005.3
-12005.4
-12005.4
-12005.3
-12005.3
-12005
-12005.5
-12005.3
-12005.4
-12005.3
-12005.4
-12005.4
-12005.3
-12005.7
-12005.5
-12005.6
-12005.3
-12005.5
-12005.6
-12005.4
-12005.3
-12005.2
-12005.3
-12005.3
-12005.1
-12005.3
-12005.1
-12005.5
-12005.3
-12005.3
-12005.4
-12005.5
-12005.5
-12005.6
-12005.3
-12005.1
-12005.2
-12005.5
-12005.6
-12005.6
-12005.5
-12005.5
-12005.5
-12004.9
-12005.3
-12005.3
-12005.4
-12005.3
-12005.4
-12005.4
-12005.3
-12005.4
-12005.5
-12005.6
-12005.6
-12005.5
-12005.5
-12005.7
-12005.6
-12005.1
-12005
-12005.2
-12005.3
-12005.4
-12005.3
-12005.4
-12005.4
-12005.4
-12005.2
-12005.4
-12005.1
-12005.3
-12005.4
-12005.4
-12005.5
-12005.2
-12005.3
-12005.4
-12005.3
-12005.4
-12005.2
-12005.4
-12005.3
-12005.4
-12005.4
-12005.4
-12005.3
-12005.5
-12005.4
-12005.6
-12005.5
-12005.6
-12005.6
-12005.2
-12005.1
-12005.2
-12005.2
-12005.4
-12005.4
-12005.4
-12005.4
-12005.4
-12005.4
-12005.5
-12005.4
-12005.5
-12005.5
-12005.1
-12005.3
-12005.5
-12005.6
-12005.5
-12005.4
-12005.5
-12005.5
-12005.5
-12005.5
-12005.5
-12005.6
-12005.1
-12005.3
-12005.4
-12005.2
-12005.3
-12005.3
-12005.4
-12005.4
-12005.6
-12005.4
-12005.5
-12005.6
-12005.4
-12005.6
-12005.5
-12005.3
-12005.3
-12005.3
-12005.3
-12005.4
-12005.4
-12005.6
-12005.6
-12005.5
-12005.7
-12005.4
-12005.4
-12005.4
-12005.1
-12005.4
-12005.5
-12005.2
-12005.4
-12005.5
-12005.6
-12005.5
-12005.6
)
;
    }
}


// ************************************************************************* //
