/*--------------------------------*- C++ -*----------------------------------*\
| =========                 |                                                 |
| \\      /  F ield         | OpenFOAM: The Open Source CFD Toolbox           |
|  \\    /   O peration     | Version:  v1912                                 |
|   \\  /    A nd           | Website:  www.openfoam.com                      |
|    \\/     M anipulation  |                                                 |
\*---------------------------------------------------------------------------*/
FoamFile
{
    version     2.0;
    format      ascii;
    class       volScalarField;
    location    "458/sphere";
    object      ddt0((betavSolid*thermo:rho),h);
}
// * * * * * * * * * * * * * * * * * * * * * * * * * * * * * * * * * * * * * //

dimensions      [1 -1 -3 0 0 0 0];


internalField   nonuniform List<scalar> 
6600
(
-32102
-32108
-32107.4
-32121
-32104
-32103.8
-32107.8
-32147.5
-32155.9
-32131.6
-32107.3
-32155.7
-32164
-32140.8
-32128.2
-32140.5
-32121.1
-32107.2
-32120.4
-32104.1
-32107.3
-32155.4
-32163.9
-32140.9
-32119.2
-32163.8
-32172
-32149.2
-32107.9
-32102.9
-32140.2
-32148.5
-32133.9
-32106.9
-32103.7
-32130.7
-32140.9
-32119.6
-32103.2
-32140.1
-32148.8
-32133.9
-32118.5
-32133.6
-32111.5
-32107.1
-32107.1
-32107.1
-32106.5
-32107.1
-32102.3
-32121
-32108.6
-32140.7
-32131.9
-32149
-32141.2
-32131.8
-32148.8
-32140.8
-32108.1
-32102.3
-32120.9
-32108.4
-32140.9
-32140.6
-32131.7
-32120.9
-32108.3
-32108.2
-32102.4
-32106.4
-32106.4
-32106.2
-32105.8
-32104.2
-32105.9
-32106.3
-32104.4
-32105.8
-32106.3
-32104.3
-32106.5
-32109.9
-32103.7
-32103.6
-32118.9
-32133.5
-32103.7
-32103.8
-32133.6
-32119.6
-32111.6
-32103.4
-32118.7
-32103.2
-32133.4
-32107.6
-32107.5
-32120.2
-32131.2
-32140.6
-32140.3
-32148.5
-32106.4
-32113.1
-32111.3
-32125.4
-32121.2
-32118
-32127.2
-32104
-32119.5
-32134
-32104.1
-32103.4
-32103.3
-32133.4
-32118.9
-32120.1
-32101.9
-32107.9
-32140.4
-32148.3
-32131.3
-32140.4
-32108.6
-32108.4
-32102.4
-32148.8
-32141.2
-32140.7
-32132
-32133.9
-32104
-32119.7
-32109.8
-32103.6
-32118.7
-32133.5
-32103.7
-32133.7
-32119.6
-32103.8
-32111.6
-32106.5
-32106.9
-32118.5
-32103.4
-32103.1
-32133.2
-32107.6
-32128.2
-32140.2
-32107.4
-32119.9
-32140.3
-32148.2
-32102.5
-32140.6
-32131.8
-32120.4
-32108.2
-32148.5
-32140.8
-32121.2
-32103.9
-32133.9
-32103.9
-32105.9
-32128.1
-32107.4
-32139.9
-32107.2
-32140.1
-32119.2
-32147.7
-32102.5
-32141
-32108.6
-32140.7
-32108.5
-32149.1
-32121.9
-32107.8
-32105.9
-32140
-32128.1
-32119.2
-32148
-32107.3
-32140.4
-32108.4
-32131.9
-32102.7
-32149.1
-32121.9
-32141.1
-32108.5
-32107.9
-32118.6
-32102.9
-32133.3
-32103.3
-32140.3
-32107.6
-32140.1
-32148.2
-32107.3
-32119.9
-32131.7
-32107.8
-32102.4
-32148.5
-32140.9
-32120.4
-32108.4
-32133.9
-32104.1
-32103.9
-32106.5
-32106.9
-32106.5
-32106.9
-32103.2
-32102.9
-32133.2
-32118.5
-32119.9
-32140
-32148.1
-32107.7
-32128.1
-32140.4
-32108.2
-32148.5
-32140.8
-32107.8
-32102.4
-32140.7
-32131.8
-32133.9
-32104
-32121.1
-32105.9
-32140
-32119.2
-32147.7
-32128
-32107.2
-32140.3
-32108.6
-32149.1
-32121.9
-32131.7
-32102.6
-32140.9
-32108.5
-32107.9
-32105.8
-32148
-32107.3
-32140
-32107.1
-32140.4
-32128.2
-32121.9
-32141.2
-32108.6
-32141
-32108.6
-32131.9
-32102.7
-32133.3
-32103.3
-32118.5
-32148
-32107.3
-32119.9
-32128
-32140.3
-32107.6
-32141
-32120.4
-32108.3
-32140.5
-32131.8
-32107.9
-32102.3
-32104.1
-32103.8
-32121.2
-32106.5
-32109.7
-32103.5
-32118.5
-32133.5
-32103.4
-32133.6
-32119.6
-32103.8
-32111.6
-32118.7
-32103.1
-32133.2
-32103.4
-32140.4
-32139.9
-32148.2
-32101.9
-32107.9
-32107.5
-32120.1
-32133.8
-32103.9
-32104.1
-32133.2
-32118.5
-32103.3
-32148.3
-32130.9
-32140.3
-32107.6
-32120
-32101.9
-32107.8
-32104.1
-32119.4
-32103.9
-32109.6
-32133.5
-32103.5
-32103.6
-32119.5
-32103.8
-32103.8
-32103
-32101.6
-32101.4
-32102.7
-32101.8
-32103.6
-32102
-32103.3
-32102
-32103.3
-32101.9
-32103.1
-32101.8
-32101.1
-32101.4
-32104.5
-32104.3
-32102.2
-32106.2
-32105.8
-32104.1
-32103.5
-32101.8
-32103
-32101.8
-32104.4
-32104.3
-32108.4
-32121.4
-32108.7
-32114.2
-32114.2
-32106.5
-32113.9
-32111.5
-32125.5
-32121.7
-32118.1
-32127.8
-32106.3
-32113.1
-32111.2
-32125.2
-32121.2
-32118
-32127.2
-32104.4
-32104.4
-32108.4
-32121.3
-32108.5
-32114.1
-32114
-32106.6
-32113.6
-32111.5
-32125.4
-32121.5
-32118.1
-32127.6
-32113.4
-32106.5
-32111.4
-32125.4
-32121.4
-32127.5
-32118.1
-32113.3
-32106.4
-32111.3
-32125.2
-32121.2
-32127.2
-32118
-32104.4
-32104.4
-32108.3
-32121.3
-32108.7
-32114.3
-32114.2
-32101.9
-32101.2
-32104.5
-32104.2
-32102
-32104.5
-32104.1
-32101.9
-32101.8
-32103.9
-32103.8
-32107.6
-32120.5
-32108.1
-32113.7
-32113.6
-32103.8
-32107.1
-32102.6
-32111.5
-32124.2
-32105.8
-32120.6
-32109.8
-32126.3
-32117.3
-32102.7
-32113.4
-32104.4
-32105.4
-32110.9
-32102.3
-32103.4
-32106.7
-32102.5
-32104.4
-32112.9
-32110.8
-32105.1
-32118.1
-32103.1
-32107.1
-32102.9
-32112.3
-32106.2
-32112.6
-32124.9
-32106.3
-32120.9
-32112
-32118
-32110.3
-32126.7
-32102.7
-32103.8
-32107.2
-32118
-32106.8
-32102.7
-32102.9
-32112
-32112.3
-32106.1
-32123.5
-32120.3
-32105.2
-32111.4
-32116.8
-32126
-32109.2
-32103.5
-32102.1
-32102.1
-32102.8
-32106.2
-32108.5
-32111.6
-32111.3
-32127.7
-32104.6
-32117.7
-32117.2
-32101.9
-32123.5
-32111.6
-32120.2
-32105.3
-32126
-32109.3
-32116.7
-32128.8
-32118.6
-32132.9
-32116.7
-32131
-32114.5
-32130.7
-32104.6
-32113.3
-32102.3
-32105.4
-32111.1
-32123.5
-32120.3
-32111.4
-32105.4
-32126
-32116.7
-32109.2
-32103.8
-32102.3
-32127.5
-32131.8
-32115.7
-32115.6
-32129.8
-32129.6
-32112.5
-32106.7
-32106.6
-32104.7
-32104
-32112.4
-32101.8
-32104.7
-32110.1
-32101.2
-32105.9
-32104.7
-32103.2
-32102.1
-32103
-32106.3
-32104.3
-32102.5
-32112.7
-32110.6
-32104.9
-32102.1
-32103
-32106.4
-32127.4
-32110.5
-32117.4
-32108.3
-32110.4
-32117.1
-32103.9
-32103.8
-32112.3
-32102.1
-32110.4
-32104.6
-32107.8
-32126.9
-32109.6
-32109.6
-32116.6
-32116.6
-32103.4
-32104.3
-32105.1
-32105.1
-32102.6
-32101.3
-32104.2
-32104.5
-32101.9
-32101.5
-32103.9
-32103.7
-32103.7
-32102.4
-32103.4
-32106.8
-32102.4
-32112.7
-32104.2
-32104.9
-32110.6
-32102.2
-32103.2
-32106.3
-32104.1
-32102
-32112.7
-32105
-32110.2
-32107.8
-32110
-32109.5
-32127
-32103.5
-32117
-32116.3
-32102.3
-32112.9
-32110.8
-32104.3
-32105
-32103.8
-32107.1
-32102.7
-32104.3
-32102.5
-32112.9
-32105
-32110.8
-32102.6
-32103.8
-32107.1
-32110.5
-32127.4
-32117.3
-32108.3
-32110.5
-32103.9
-32117.1
-32104.4
-32105.1
-32105
-32102.6
-32102.3
-32103.4
-32106.8
-32102.1
-32104.1
-32112.8
-32110.6
-32104.9
-32102.2
-32102.9
-32106.1
-32107.8
-32109.9
-32109.4
-32127
-32103.4
-32116.9
-32116.2
-32104
-32101.8
-32112.6
-32104.9
-32110.2
-32111.9
-32105.9
-32120.8
-32109.9
-32126.7
-32124.4
-32117.5
-32105.8
-32111.6
-32109.8
-32124.3
-32120.6
-32117.4
-32126.3
-32102.5
-32113.3
-32110.9
-32104.4
-32105.4
-32110.5
-32127.3
-32117.2
-32108.2
-32110.2
-32103.9
-32117.1
-32102.8
-32103.9
-32107.2
-32104.5
-32102.8
-32113.2
-32105.2
-32111
-32104
-32102
-32112.8
-32104.9
-32110.5
-32102.2
-32103.4
-32106.7
-32104
-32112.5
-32101.7
-32104.8
-32110
-32102
-32102.8
-32106
-32107.6
-32110
-32126.9
-32109.4
-32116.8
-32103.4
-32116.2
-32116.2
-32116.5
-32132.8
-32128.2
-32113.1
-32130.4
-32130.6
-32120.4
-32103.9
-32103.9
-32108.1
-32107.6
-32113.5
-32113.7
-32112.2
-32124.4
-32106.1
-32121
-32109.9
-32126.8
-32117.5
-32113.7
-32106.7
-32121.8
-32111.4
-32127.8
-32125.6
-32118.4
-32113.4
-32106.6
-32111.5
-32125.4
-32121.4
-32127.3
-32118.2
-32104.4
-32104.3
-32108.4
-32121.5
-32108.7
-32114.4
-32114.2
-32102.8
-32103.9
-32107.3
-32104.5
-32113.2
-32102.6
-32105.3
-32110.9
-32108.4
-32110.6
-32127.5
-32110.6
-32117.5
-32103.9
-32117.2
-32102.7
-32103.9
-32107.1
-32104.1
-32103.9
-32103.7
-32104.2
-32102.1
-32112.8
-32110.6
-32105
-32107.7
-32110
-32126.9
-32109.4
-32116.7
-32103.2
-32116.2
-32102.3
-32103
-32106.3
-32104.2
-32112.8
-32102.3
-32105
-32110.4
-32102.7
-32103.9
-32107.1
-32108.2
-32110.5
-32127.4
-32110.4
-32117.4
-32103.8
-32117
-32104.5
-32113
-32102.5
-32105.1
-32110.9
-32102.6
-32103.8
-32107
-32104.4
-32105.1
-32105.1
-32102.7
-32101.5
-32101.4
-32104.3
-32104
-32101.8
-32102
-32104.8
-32106
-32103.4
-32103.2
-32101.8
-32102.1
-32103.1
-32106.5
-32102.1
-32102.9
-32106.2
-32107.6
-32109.6
-32109.4
-32126.7
-32103.4
-32116.6
-32116.1
-32103.9
-32102.1
-32112.4
-32110.3
-32104.7
-32103.9
-32101.8
-32112.3
-32110.1
-32104.7
-32123.6
-32105.7
-32120.5
-32111.7
-32116.9
-32109.4
-32126.3
-32123.7
-32105.7
-32111.4
-32120.4
-32109.3
-32117.4
-32126.1
-32127.8
-32116.1
-32115.9
-32132.5
-32112.8
-32130.2
-32130
-32121
-32104.3
-32108.8
-32104.3
-32114.2
-32108
-32114.1
-32128.9
-32116.7
-32118.5
-32132.9
-32114.5
-32130.7
-32131
-32125.1
-32106.3
-32113.2
-32121.4
-32110.9
-32118.1
-32127.3
-32108.5
-32111.4
-32111.3
-32127.7
-32104.6
-32117.5
-32117.5
-32102.8
-32104
-32107.3
-32104.4
-32102.5
-32113.1
-32110.9
-32105.1
-32104.4
-32102.6
-32113.1
-32110.9
-32105.2
-32100.8
-32101.1
-32103.8
-32103.9
-32101.6
-32123.4
-32105.4
-32120.3
-32111.3
-32116.8
-32109.2
-32125.9
-32123.5
-32105.3
-32120.2
-32111.3
-32116.9
-32109.2
-32125.9
-32127.6
-32115.6
-32115.7
-32131.9
-32112.6
-32129.7
-32129.8
-32121.5
-32108.8
-32104.5
-32104.5
-32114.4
-32114.4
-32108.5
-32125.7
-32106.8
-32121.7
-32114
-32118.4
-32111.7
-32127.9
-32125.5
-32106.6
-32121.6
-32113.8
-32118.2
-32111.4
-32127.8
-32129.7
-32119.5
-32119.5
-32134.2
-32116
-32132
-32131.9
-32103.7
-32102
-32103.7
-32101.9
-32106.6
-32106.7
-32104.6
-32101.2
-32104
-32103.9
-32101.9
-32100.9
-32118.2
-32102.8
-32106.9
-32102.8
-32112.1
-32106
-32112.4
-32127.7
-32115.8
-32131.9
-32115.6
-32129.8
-32112.7
-32129.8
-32123.6
-32105.4
-32111.5
-32120.3
-32109.1
-32117.1
-32126
-32125.6
-32121.6
-32106.6
-32113.8
-32118.3
-32127.8
-32111.6
-32121.6
-32104.7
-32109
-32104.5
-32114.3
-32108.6
-32114.4
-32129.7
-32119.5
-32134.2
-32119.6
-32131.9
-32116.1
-32131.9
-32125.6
-32106.6
-32113.8
-32121.7
-32111.6
-32118.2
-32127.8
-32106.6
-32106.7
-32104.7
-32103.6
-32102.1
-32107.6
-32109.3
-32109.8
-32126.8
-32103.3
-32116.1
-32116.5
-32102.2
-32103.1
-32106.3
-32104
-32101.7
-32112.5
-32110.3
-32104.8
-32104
-32102
-32112.5
-32110.2
-32104.7
-32118.1
-32106.8
-32102.9
-32102.8
-32112.3
-32112.3
-32106.1
-32123.8
-32120.6
-32105.6
-32111.9
-32117.1
-32126.4
-32109.5
-32123.5
-32105.5
-32120.3
-32111.3
-32117
-32109.3
-32125.9
-32127.9
-32116.4
-32132.4
-32116
-32130.4
-32113.1
-32130
-32124.7
-32120.8
-32106.1
-32112.2
-32117.7
-32126.7
-32110.3
-32120.9
-32108.7
-32104.1
-32104.3
-32113.8
-32114.1
-32107.9
-32128.9
-32116.7
-32132.8
-32118.6
-32130.7
-32114.5
-32131
-32125.1
-32106.4
-32121.5
-32113.5
-32118
-32111
-32127.4
-32102.8
-32104
-32107.3
-32102.6
-32103.9
-32107.1
-32104.4
-32102.6
-32113.1
-32110.8
-32105.1
-32104.5
-32102.3
-32113.2
-32110.9
-32105.2
-32101.9
-32101.4
-32104.5
-32104.2
-32102.4
-32104.8
-32106
-32103.5
-32103.2
-32101.8
-32101.4
-32104.2
-32104.5
-32102.4
-32101.6
-32106
-32104.8
-32103.4
-32103.1
-32101.7
-32101.7
-32103.9
-32112.4
-32101.9
-32104.6
-32110.1
-32103.8
-32112.3
-32101.4
-32104.6
-32110.1
-32102.1
-32102.9
-32106.1
-32102.1
-32103.1
-32106.3
-32107.6
-32126.7
-32109.3
-32109.6
-32116.1
-32116.4
-32103.3
-32127.9
-32116.1
-32132.5
-32116.3
-32130.1
-32113.1
-32130.3
-32118.1
-32102.7
-32103
-32106.8
-32106.1
-32112.1
-32112.4
-32123.8
-32111.9
-32105.7
-32120.7
-32109.5
-32126.4
-32117.2
-32125
-32113.2
-32121.5
-32106.2
-32127.3
-32110.8
-32117.9
-32124.8
-32112.1
-32106.2
-32120.8
-32110.2
-32126.7
-32117.8
-32120.9
-32104.3
-32104.1
-32108.7
-32107.8
-32114.1
-32113.9
-32104.5
-32113.1
-32102.8
-32105.2
-32110.9
-32102.6
-32103.7
-32107.1
-32108.4
-32127.6
-32111.4
-32111.1
-32117.5
-32117.2
-32104.6
-32102.6
-32103.8
-32107.2
-32101.2
-32103.9
-32103.8
-32101.9
-32101
-32127.7
-32115.8
-32131.9
-32115.6
-32129.8
-32112.8
-32129.7
-32118
-32102.6
-32106.8
-32102.8
-32112.2
-32105.9
-32112.4
-32123.6
-32111.1
-32105.5
-32120.3
-32109.2
-32125.8
-32117.1
-32125.6
-32121.7
-32113.9
-32106.7
-32127.8
-32118.3
-32111.7
-32129.7
-32119.6
-32134.2
-32119.6
-32131.9
-32116.2
-32131.9
-32121.5
-32104.6
-32108.7
-32104.4
-32114.5
-32108.5
-32114.3
-32125.6
-32113.8
-32106.6
-32121.7
-32111.6
-32127.8
-32118.2
-32106.7
-32106.6
-32104.7
-32103.6
-32102.1
-32103.8
-32103.7
-32101.7
-32100.9
-32100.9
-32123.4
-32111.3
-32120.3
-32105.4
-32125.9
-32109.1
-32116.8
-32123.6
-32111.2
-32120.2
-32105.6
-32125.8
-32109.2
-32117.4
-32117.9
-32102.5
-32102.9
-32106.8
-32105.9
-32112.1
-32112.5
-32129.8
-32134.3
-32119.6
-32119.6
-32132
-32132
-32116.2
-32125.7
-32113.9
-32121.7
-32106.7
-32127.9
-32111.6
-32118.2
-32125.6
-32113.9
-32121.7
-32106.7
-32127.9
-32111.7
-32118.3
-32121.6
-32104.5
-32104.6
-32108.9
-32108.5
-32114.4
-32114.3
-32103.7
-32102.2
-32103.7
-32102.1
-32103.9
-32112.5
-32102.2
-32104.7
-32110.4
-32101.9
-32102.8
-32106.1
-32107.6
-32126.8
-32109.4
-32109.7
-32116.2
-32116.5
-32103.2
-32102.2
-32103
-32106.4
-32123.8
-32120.3
-32111.2
-32105.6
-32125.9
-32117.3
-32109.4
-32127.9
-32132.4
-32116
-32116.2
-32130
-32130.2
-32112.9
-32118.2
-32103.1
-32106.8
-32102.9
-32112.5
-32106.3
-32112.2
-32123.7
-32111.8
-32120.6
-32105.5
-32126.3
-32109.4
-32116.9
-32128.8
-32132.8
-32118.5
-32116.6
-32131
-32130.6
-32114.3
-32125.1
-32121.5
-32113.4
-32106.3
-32127.4
-32118.1
-32110.9
-32124.8
-32112.1
-32120.9
-32106.4
-32126.7
-32110.3
-32117.7
-32121
-32104.3
-32108.6
-32104.2
-32114.1
-32108
-32113.9
-32104.5
-32113.1
-32102.6
-32105.2
-32110.8
-32104.5
-32113.1
-32102.5
-32105.1
-32110.9
-32108.5
-32127.8
-32111.6
-32111.2
-32117.8
-32117.2
-32104.7
-32102.9
-32103.9
-32107.3
-32102.6
-32103.8
-32107.1
-32104.2
-32104.5
-32102
-32101.6
-32103.1
-32101.6
-32101.8
-32103.6
-32103.6
-32103.9
-32104.2
-32102.2
-32112.7
-32110.5
-32105
-32107.6
-32109.6
-32126.8
-32109.6
-32116.5
-32103.3
-32116.5
-32102.3
-32103.3
-32106.6
-32112.8
-32101.7
-32104.2
-32105
-32110.5
-32102.7
-32103.7
-32107
-32127.3
-32110.3
-32116.9
-32108.2
-32110.5
-32117.4
-32103.9
-32102.5
-32112.9
-32110.8
-32104.3
-32105
-32103.5
-32107
-32102.5
-32104.3
-32105
-32105.1
-32102.6
-32107.6
-32109.7
-32126.8
-32109.7
-32116.6
-32103.3
-32116.4
-32103.9
-32102
-32112.4
-32110.3
-32104.6
-32102.1
-32103.2
-32106.5
-32102.1
-32103.9
-32112.5
-32110.3
-32104.7
-32103.8
-32103.7
-32107.4
-32120.3
-32108.1
-32113.5
-32113.4
-32112.1
-32120.9
-32106
-32126.8
-32109.9
-32124.4
-32117.5
-32105.7
-32111.7
-32109.7
-32124.2
-32120.5
-32117.3
-32126.3
-32102.5
-32103.7
-32107.1
-32104.3
-32102.6
-32113.1
-32110.9
-32105.3
-32103.8
-32107.1
-32102.7
-32102.5
-32113.1
-32110.9
-32104.5
-32105.3
-32102.1
-32102.9
-32106.5
-32107.5
-32126.7
-32109.6
-32109.6
-32116.5
-32116.4
-32103.3
-32102.1
-32103.9
-32112.5
-32104.7
-32110.3
-32102.2
-32103.2
-32106.6
-32111.6
-32105.9
-32109.8
-32124.2
-32120.5
-32126.3
-32117.3
-32103.8
-32103.9
-32107.4
-32120.3
-32108.2
-32113.5
-32113.6
-32112.1
-32120.8
-32105.8
-32126.7
-32109.8
-32124.2
-32117.4
-32104.6
-32113.3
-32102.7
-32111.1
-32105.3
-32127.3
-32110.3
-32117.2
-32108.3
-32110.4
-32117.2
-32104
-32102.8
-32104
-32107.2
-32102.8
-32113
-32110.8
-32104.3
-32105.1
-32103.7
-32107.1
-32102.7
-32103.7
-32103.5
-32103.8
-32102.4
-32103
-32106.3
-32104.1
-32112.6
-32101.8
-32110.2
-32105
-32102.4
-32103.5
-32106.7
-32112.7
-32102.1
-32104.1
-32110.4
-32104.9
-32127.3
-32110.4
-32117.3
-32108.2
-32110.5
-32117
-32103.9
-32104.3
-32112.7
-32102.4
-32110.6
-32105.1
-32102.6
-32103.8
-32107
-32102.4
-32112.8
-32110.7
-32104.3
-32105
-32103.8
-32107.1
-32102.6
-32119.1
-32118.6
-32133.4
-32115.6
-32131.5
-32129.3
-32131.1
-32155.9
-32155.5
-32163.8
-32155.5
-32163.6
-32163.4
-32171.5
-32147.6
-32164.2
-32156.3
-32163.8
-32155.8
-32171.9
-32164.1
-32163.6
-32147.4
-32155.6
-32163.8
-32171.6
-32155.8
-32163.6
-32156.1
-32155.8
-32147.9
-32171.9
-32164.1
-32164
-32156.3
-32131.2
-32134.7
-32117.5
-32134.9
-32125
-32140.6
-32125.2
-32163.5
-32163.3
-32171.4
-32147.4
-32155.8
-32155.5
-32163.5
-32156
-32171.9
-32164.2
-32156.2
-32147.9
-32164.1
-32156.1
-32171.6
-32155.6
-32163.5
-32155.9
-32163.7
-32147.5
-32155.6
-32164.3
-32164
-32156.4
-32164.2
-32156.2
-32155.9
-32147.9
-32112.2
-32124.7
-32124.8
-32131.9
-32113.6
-32122.6
-32122.5
-32131.6
-32124.6
-32122.4
-32112.1
-32124.8
-32122.5
-32113.7
-32131.5
-32124.5
-32122.3
-32111.9
-32124.5
-32122.2
-32113.5
-32118.7
-32119.3
-32115.9
-32129.4
-32133.4
-32131.2
-32131.6
-32118.6
-32119.1
-32115.7
-32129.3
-32133.3
-32131.1
-32131.4
-32119.1
-32118.6
-32115.8
-32129.3
-32133.3
-32131.4
-32131.1
-32124.4
-32111.7
-32124.4
-32131.2
-32113.4
-32122.1
-32121.8
-32124.5
-32131.6
-32122.3
-32111.9
-32124.5
-32113.4
-32122.3
-32111.7
-32124.4
-32131.2
-32124.2
-32122.1
-32113.2
-32121.7
-32116.6
-32116.3
-32132.8
-32113.4
-32130.6
-32128.4
-32130.4
-32124.8
-32131.7
-32122.4
-32112
-32124.8
-32113.7
-32122.4
-32111.5
-32124.3
-32124.2
-32131.1
-32113.2
-32122
-32121.6
-32124.9
-32112.2
-32124.8
-32131.8
-32113.7
-32122.6
-32122.5
-32111.7
-32124.4
-32131.2
-32124.5
-32122
-32113.4
-32121.9
-32112
-32124.5
-32131.5
-32124.6
-32122.4
-32113.5
-32122.3
-32111.4
-32130.9
-32124.1
-32124
-32121.8
-32121.6
-32113
-32131.3
-32117.7
-32134.8
-32135
-32125.1
-32125.4
-32140.7
-32112.1
-32131.8
-32124.8
-32124.7
-32122.6
-32122.5
-32113.6
-32131.2
-32117.6
-32134.8
-32134.7
-32125
-32125.1
-32140.6
-32131.3
-32134.7
-32117.5
-32134.7
-32125
-32140.6
-32125.1
-32111.6
-32131.1
-32124.2
-32124.2
-32121.8
-32121.8
-32113.2
-32112.1
-32131.8
-32124.7
-32124.8
-32122.6
-32122.4
-32113.6
-32111.4
-32124.1
-32124
-32130.9
-32113
-32121.6
-32121.7
-32131.2
-32134.6
-32117.5
-32134.9
-32124.9
-32140.6
-32125.2
-32112.2
-32124.9
-32124.7
-32131.8
-32113.7
-32122.7
-32122.4
-32131.1
-32134.8
-32117.4
-32134.8
-32125
-32140.5
-32125.1
-32131.2
-32134.7
-32135
-32117.6
-32140.6
-32125
-32125.3
-32111.5
-32124.1
-32124.2
-32131
-32113.1
-32121.7
-32121.8
-32131.3
-32134.8
-32134.9
-32117.4
-32140.6
-32125.2
-32125.1
-32124.4
-32111.7
-32124.4
-32131.2
-32122
-32113.4
-32121.9
-32131.5
-32124.5
-32122.2
-32111.9
-32124.4
-32122.3
-32113.4
-32111.5
-32131
-32124.1
-32124.1
-32121.9
-32121.7
-32113
-32116.6
-32132.7
-32116.2
-32130.6
-32113.2
-32128.3
-32130.2
-32131.7
-32124.7
-32122.5
-32112.2
-32124.8
-32122.4
-32113.7
-32111.4
-32124.1
-32131
-32124.1
-32121.8
-32113
-32121.7
-32116.5
-32132.7
-32116
-32130.5
-32113
-32128.1
-32130.2
-32124.4
-32111.6
-32131.2
-32124.3
-32121.9
-32121.9
-32113.4
-32087
-32064.6
-32045.7
-32087.5
-32065
-32045.9
-32087.6
-32065
-32046
-32088.3
-32065.8
-32046.5
-32088
-32065.5
-32046.2
-32087.7
-32065.4
-32046.3
-32088.2
-32065.8
-32046.6
-32087.8
-32065.4
-32046.3
-32088
-32065.4
-32046.3
-32088.4
-32065.9
-32046.7
-32088.1
-32065.6
-32046.3
-32087.7
-32065.2
-32046
-32087.9
-32065.4
-32046.3
-32088.5
-32066
-32046.7
-32088.1
-32065.6
-32046.2
-32088.3
-32065.9
-32046.7
-32086.4
-32064.1
-32045.1
-32086.7
-32064.3
-32045.3
-32087.9
-32065.4
-32046.2
-32087.8
-32065.4
-32046.3
-32087.8
-32065.3
-32046.2
-32087.2
-32064.8
-32045.7
-32087.5
-32064.9
-32045.8
-32087.7
-32065.2
-32046
-32087.8
-32065.3
-32046.1
-32087.7
-32065.2
-32046
-32087.6
-32065.1
-32045.9
-32087.8
-32065.3
-32046.1
-32087.6
-32065.1
-32046
-32087.9
-32065.4
-32046.3
-32087.7
-32065.2
-32046.1
-32087.8
-32065.2
-32046.2
-32087.8
-32065.2
-32046.2
-32087.5
-32065
-32045.8
-32087.5
-32065
-32045.8
-32087.8
-32065.3
-32046.1
-32087.4
-32065
-32045.8
-32087.7
-32065.2
-32045.9
-32087.8
-32065.4
-32046.2
-32087.5
-32065
-32045.8
-32087.8
-32065.3
-32046.1
-32087.6
-32065.1
-32045.9
-32088
-32065.4
-32046.3
-32087.8
-32065.3
-32046.2
-32087.7
-32065.2
-32046.1
-32088.1
-32065.6
-32046.4
-32087.3
-32064.9
-32045.8
-32087.5
-32065
-32045.8
-32088.5
-32066.1
-32046.7
-32088.3
-32065.8
-32046.6
-32088.1
-32065.7
-32046.6
-32088.3
-32065.8
-32046.6
-32087.5
-32065
-32045.9
-32087.7
-32065.1
-32045.9
-32087.8
-32065.2
-32046.2
-32087.6
-32065
-32046
-32088
-32065.6
-32046.5
-32088.2
-32065.7
-32046.6
-32087.6
-32065.1
-32046
-32087.7
-32065.3
-32046.2
-32088
-32065.5
-32046.4
-32087.8
-32065.4
-32046.3
-32088.1
-32065.6
-32046.4
-32087.7
-32065.2
-32046
-32087.9
-32065.4
-32046.2
-32087.7
-32065.1
-32046
-32087.3
-32064.8
-32045.6
-32088
-32065.5
-32046.4
-32087.8
-32065.4
-32046.4
-32087.9
-32065.4
-32046.4
-32087.2
-32064.6
-32045.4
-32088.9
-32066.4
-32047.1
-32088.7
-32066.2
-32046.9
-32088.3
-32065.9
-32046.7
-32087.1
-32064.6
-32045.4
-32087.9
-32065.4
-32046.4
-32088.2
-32065.6
-32046.6
-32088.6
-32066.1
-32046.9
-32088.3
-32065.9
-32046.7
-32086.8
-32064.3
-32045.3
-32087.2
-32064.8
-32045.7
-32087.4
-32064.9
-32045.8
-32088.3
-32065.8
-32046.6
-32087.9
-32065.4
-32046.2
-32087.9
-32065.3
-32046.3
-32087.4
-32064.9
-32046
-32088.8
-32066.2
-32046.9
-32088.2
-32065.7
-32046.6
-32088.1
-32065.6
-32046.5
-32087.6
-32065.2
-32046.2
-32088
-32065.5
-32046.4
-32087.7
-32065.3
-32046.1
-32087.9
-32065.4
-32046.2
-32087.7
-32065.3
-32046
-32087.9
-32065.4
-32046.2
-32087.5
-32065
-32045.8
-32086.9
-32064.4
-32045.3
-32088
-32065.4
-32046.3
-32087.8
-32065.2
-32046.2
-32088
-32065.6
-32046.5
-32088
-32065.5
-32046.5
-32087.2
-32064.6
-32045.4
-32087.5
-32065.1
-32046.1
-32088.1
-32065.5
-32046.4
-32088.6
-32066.1
-32046.8
-32088.3
-32065.9
-32046.7
-32087
-32064.5
-32045.3
-32088.9
-32066.4
-32047.1
-32088.9
-32066.3
-32047
-32087.7
-32065.2
-32046.3
-32088.1
-32065.5
-32046.5
-32088.3
-32065.7
-32046.6
-32087.4
-32064.9
-32045.8
-32087.6
-32065.1
-32045.9
-32088.3
-32065.8
-32046.6
-32088.6
-32066.1
-32046.8
-32088.6
-32066.2
-32046.9
-32087.8
-32065.3
-32046.3
-32087.4
-32064.9
-32046
-32087.8
-32065.2
-32046.2
-32088.2
-32065.7
-32046.6
-32088
-32065.5
-32046.4
-32087.8
-32065.3
-32046.1
-32087.6
-32065.2
-32046.1
-32086.9
-32064.5
-32045.5
-32087.4
-32064.9
-32045.8
-32087.6
-32065.2
-32046.1
-32088.1
-32065.6
-32046.4
-32087.3
-32064.8
-32045.7
-32087.3
-32064.9
-32045.8
-32087.7
-32065.2
-32046
-32087.7
-32065.3
-32046.3
-32087.9
-32065.4
-32046.4
-32088.1
-32065.7
-32046.6
-32088.3
-32065.8
-32046.6
-32087.3
-32064.9
-32045.8
-32087.6
-32065.1
-32046
-32087.4
-32064.9
-32045.8
-32088.4
-32065.9
-32046.7
-32088
-32065.5
-32046.4
-32087.6
-32065.2
-32046.1
-32087.7
-32065.2
-32046.1
-32087.6
-32065.2
-32046.1
-32087.9
-32065.3
-32046.2
-32088.1
-32065.6
-32046.4
-32088
-32065.5
-32046.3
-32087
-32064.6
-32045.6
-32087.3
-32064.8
-32045.8
-32087.6
-32065.1
-32045.9
-32086
-32063.7
-32044.9
-32086.6
-32064.2
-32045.2
-32087.5
-32065
-32045.9
-32087.5
-32065.1
-32046
-32087.3
-32064.9
-32045.9
-32087.6
-32065.2
-32046
-32087.8
-32065.3
-32046.1
-32086.8
-32064.5
-32045.4
-32087.5
-32065
-32045.9
-32085.8
-32063.6
-32044.8
-32087
-32064.6
-32045.6
-32086.7
-32064.3
-32045.3
-32087.3
-32064.8
-32045.8
-32087.3
-32064.9
-32045.7
-32087.3
-32064.9
-32045.7
-32087.7
-32065.2
-32046
-32087.4
-32064.9
-32045.7
-32087.2
-32064.9
-32045.8
-32087.4
-32064.8
-32045.8
-32086.5
-32064.2
-32045.2
-32087.2
-32064.7
-32045.7
-32088.3
-32065.7
-32046.5
-32088.3
-32065.7
-32046.5
-32088.5
-32065.9
-32046.7
-32088.1
-32065.6
-32046.5
-32088.4
-32065.8
-32046.7
-32088.3
-32065.7
-32046.5
-32086.7
-32064.3
-32045.4
-32087.9
-32065.4
-32046.3
-32087.3
-32064.9
-32045.7
-32085.9
-32063.6
-32044.8
-32087.1
-32064.7
-32045.6
-32086.9
-32064.6
-32045.4
-32087.2
-32064.8
-32045.6
-32087
-32064.6
-32045.4
-32087.5
-32065
-32045.9
-32086.4
-32064.1
-32045.2
-32087.3
-32064.8
-32045.8
-32088.3
-32065.7
-32046.4
-32088.3
-32065.7
-32046.5
-32088.2
-32065.6
-32046.5
-32088.8
-32066.2
-32046.9
-32088
-32065.5
-32046.4
-32088.1
-32065.5
-32046.4
-32087.7
-32065.2
-32046.2
-32088.1
-32065.7
-32046.5
-32088.7
-32066.2
-32046.8
-32087.8
-32065.3
-32046.3
-32087.7
-32065.2
-32046.2
-32088.4
-32065.8
-32046.6
-32088.1
-32065.6
-32046.5
-32088.2
-32065.7
-32046.6
-32088.5
-32066
-32046.9
-32087.6
-32065.1
-32046
-32087.6
-32064.9
-32045.9
-32087.4
-32064.9
-32045.9
-32087.9
-32065.3
-32046.2
-32088.4
-32065.7
-32046.5
-32087.5
-32065
-32046
-32087.5
-32065.1
-32046.1
-32088
-32065.4
-32046.3
-32088
-32065.6
-32046.4
-32088.2
-32065.7
-32046.5
-32088.3
-32065.8
-32046.7
-32088.1
-32065.6
-32046.5
-32088
-32065.5
-32046.5
-32087.5
-32065.1
-32046.1
-32088.2
-32065.7
-32046.5
-32088.4
-32066
-32046.7
-32088.5
-32066.1
-32046.9
-32089.3
-32066.7
-32047.4
-32088.1
-32065.5
-32046.5
-32088.1
-32065.6
-32046.5
-32087.9
-32065.3
-32046.3
-32088.5
-32065.8
-32046.7
-32088.6
-32065.9
-32046.8
-32087.4
-32064.8
-32045.8
-32087.6
-32065.1
-32046
-32088
-32065.4
-32046.2
-32087.7
-32065.2
-32046.1
-32088.4
-32065.9
-32046.7
-32087.7
-32065.2
-32046.1
-32088.3
-32065.8
-32046.4
-32087.6
-32065.2
-32046.1
-32087.8
-32065.3
-32046.3
-32087.3
-32064.8
-32045.8
-32087.4
-32064.8
-32045.8
-32087.2
-32064.7
-32045.7
-32087.7
-32065.1
-32046.1
-32087.7
-32065.2
-32046.1
-32088.5
-32066
-32046.8
-32088.5
-32065.9
-32046.7
-32088.1
-32065.5
-32046.3
-32087
-32064.6
-32045.6
-32087.9
-32065.4
-32046.3
-32088.7
-32066.2
-32046.8
-32088.4
-32066
-32046.7
-32088.1
-32065.6
-32046.5
-32087.6
-32065.2
-32046.1
-32087
-32064.6
-32045.7
-32087.2
-32064.7
-32045.8
-32088.4
-32065.9
-32046.8
-32088
-32065.5
-32046.2
-32088.5
-32066
-32046.6
-32087.8
-32065.4
-32046.3
-32087.8
-32065.3
-32046.3
-32088.2
-32065.7
-32046.6
-32088.1
-32065.7
-32046.5
-32087.9
-32065.4
-32046.1
-32087.8
-32065.3
-32046.1
-32086.8
-32064.3
-32045.3
-32086.5
-32064.1
-32045.2
-32087.3
-32064.8
-32045.6
-32088
-32065.5
-32046.3
-32086.4
-32064.1
-32045.1
-32087.2
-32064.8
-32045.7
-32087.6
-32065.2
-32046
-32087.6
-32065.2
-32046
-32088.1
-32065.6
-32046.4
-32087.4
-32064.8
-32045.8
-32087.4
-32064.8
-32045.8
-32087.4
-32064.8
-32045.8
-32087.8
-32065.2
-32046.1
-32087.8
-32065.2
-32046.2
-32088.1
-32065.7
-32046.5
-32088.2
-32065.7
-32046.5
-32087.7
-32065.2
-32046.2
-32087.8
-32065.3
-32046.3
-32087.9
-32065.4
-32046.3
-32088.1
-32065.6
-32046.5
-32087.3
-32064.8
-32045.8
-32087.2
-32064.7
-32045.7
-32087.1
-32064.6
-32045.6
-32087.7
-32065.1
-32046.1
-32087.6
-32065
-32046
-32088.7
-32066.1
-32046.9
-32088.4
-32065.8
-32046.7
-32088.4
-32065.9
-32046.7
-32087.5
-32065.1
-32045.9
-32087.8
-32065.3
-32046.1
-32087.1
-32064.6
-32045.6
-32087
-32064.5
-32045.6
-32087.8
-32065.3
-32046.1
-32087.9
-32065.3
-32046.2
-32088.3
-32065.7
-32046.5
-32088.1
-32065.5
-32046.4
-32088.2
-32065.6
-32046.5
-32088.9
-32066.3
-32047.1
-32088.9
-32066.2
-32047.1
-32088.8
-32066.2
-32047
-32089.1
-32066.6
-32047.3
-32088.7
-32066.1
-32047
-32088.9
-32066.3
-32047.1
-32088.7
-32066.1
-32046.9
-32088
-32065.4
-32046.4
-32088.1
-32065.5
-32046.4
-32086.4
-32064
-32045.1
-32086.8
-32064.3
-32045.4
-32087.2
-32064.8
-32045.6
-32087.1
-32064.7
-32045.5
-32087.5
-32065.1
-32046
-32086.1
-32063.8
-32045
-32087.1
-32064.6
-32045.7
-32088.5
-32065.9
-32046.7
-32088.4
-32065.8
-32046.6
-32088.4
-32065.9
-32046.7
-32088.1
-32065.5
-32046.5
-32088.4
-32065.8
-32046.6
-32088.1
-32065.6
-32046.5
-32087.8
-32065.3
-32046.2
-32087.8
-32065.2
-32046.1
-32087.5
-32065
-32046
-32088.2
-32065.5
-32046.4
-32087.7
-32065.1
-32046.1
-32087.9
-32065.5
-32046.3
-32087.5
-32065
-32045.9
-32087.5
-32064.9
-32045.9
-32087.4
-32064.9
-32045.9
-32087.9
-32065.3
-32046.2
-32087.8
-32065.4
-32046.2
-32087.1
-32064.6
-32045.7
-32087.2
-32064.7
-32045.8
-32087.7
-32065.2
-32046.1
-32088.1
-32065.6
-32046.4
-32088.6
-32065.9
-32046.8
-32088.6
-32066
-32046.8
-32088.1
-32065.5
-32046.4
-32088.3
-32065.6
-32046.5
-32087.9
-32065.3
-32046.3
-32088.1
-32065.7
-32046.5
-32087.7
-32065.2
-32046.2
-32087.9
-32065.4
-32046.3
-32088
-32065.4
-32046.4
-32087.9
-32065.3
-32046.3
-32087.9
-32065.3
-32046.2
-32088.3
-32065.7
-32046.6
-32088.5
-32065.9
-32046.7
-32088.9
-32066.3
-32047
-32088.8
-32066.2
-32047.1
-32088.7
-32066.1
-32047
-32088.8
-32066.2
-32047
-32088.9
-32066.3
-32047.1
-32088.7
-32066.2
-32046.9
-32087.9
-32065.3
-32046.3
-32087.7
-32065.1
-32046
-32087.5
-32064.9
-32045.9
-32087.4
-32064.9
-32045.8
-32087.9
-32065.3
-32046.2
-32087.1
-32064.6
-32045.6
-32087.8
-32065.3
-32046.1
-32087.4
-32064.8
-32045.8
-32087.5
-32064.9
-32045.9
-32087.5
-32064.9
-32045.8
-32088
-32065.4
-32046.2
-32087.8
-32065.3
-32046.1
-32087
-32064.5
-32045.5
-32087.6
-32065.1
-32046.1
-32088.1
-32065.7
-32046.5
-32088.1
-32065.6
-32046.5
-32088.5
-32066
-32046.9
-32088.6
-32066.1
-32046.9
-32088.3
-32065.7
-32046.6
-32088.1
-32065.6
-32046.5
-32088.1
-32065.6
-32046.5
-32088.7
-32066
-32046.8
-32088.3
-32065.9
-32046.7
-32087.8
-32065.3
-32046.3
-32087.9
-32065.4
-32046.4
-32087.7
-32065.3
-32046.1
-32087.1
-32064.6
-32045.6
-32087.4
-32064.9
-32045.8
-32087.5
-32064.9
-32045.9
-32087.5
-32064.9
-32045.9
-32087.3
-32064.8
-32045.7
-32087.9
-32065.3
-32046.2
-32088.6
-32065.9
-32046.7
-32087.8
-32065.3
-32046.1
-32087.2
-32064.6
-32045.6
-32086.8
-32064.4
-32045.5
-32087.2
-32064.7
-32045.6
-32087.1
-32064.6
-32045.6
-32087.1
-32064.6
-32045.6
-32087.9
-32065.3
-32046.2
-32087.7
-32065.2
-32046.1
-32088.6
-32066
-32046.7
-32088.5
-32065.9
-32046.7
-32088
-32065.5
-32046.4
-32088
-32065.5
-32046.4
-32088.2
-32065.6
-32046.5
-32087.9
-32065.4
-32046.3
-32088.7
-32066
-32046.8
-32088.2
-32065.8
-32046.6
-32087.7
-32065.2
-32046.2
-32087.9
-32065.4
-32046.3
-32087.6
-32065.2
-32046.2
-32088.3
-32065.8
-32046.7
-32088.7
-32066.1
-32047
-32088.1
-32065.6
-32046.5
-32088.1
-32065.5
-32046.5
-32087.8
-32065.3
-32046.3
-32088.4
-32065.7
-32046.6
-32088.6
-32066
-32046.8
-32088.7
-32066.1
-32046.9
-32088.4
-32065.8
-32046.6
-32088.7
-32066.1
-32046.9
-32088.7
-32066.2
-32046.9
-32088.4
-32065.8
-32046.6
-32088.5
-32065.9
-32046.7
-32088.2
-32065.6
-32046.5
-32087.9
-32065.5
-32046.3
-32088.1
-32065.5
-32046.4
-32087
-32064.6
-32045.6
-32088.3
-32065.8
-32046.6
-32088
-32065.4
-32046.2
-32087.6
-32065
-32045.9
-32087.6
-32065
-32046
-32087.5
-32064.9
-32045.9
-32088.1
-32065.4
-32046.3
-32088.1
-32065.6
-32046.4
-32087.6
-32065.1
-32046.1
-32087.3
-32064.9
-32045.9
-32088
-32065.5
-32046.4
-32088.2
-32065.6
-32046.6
-32087.7
-32065.2
-32046.2
-32088.5
-32065.9
-32046.8
-32088.3
-32065.7
-32046.6
-32088.5
-32065.9
-32046.8
-32088.3
-32065.9
-32046.6
-32087.6
-32065.1
-32046.2
-32087.7
-32065.1
-32046.1
-32087.3
-32064.9
-32046
-32088
-32065.4
-32046.3
-32088
-32065.5
-32046.4
-32087.7
-32065.2
-32046.2
-32088.3
-32065.7
-32046.6
-32088.6
-32065.9
-32046.8
-32089
-32066.4
-32047.1
-32088.7
-32066.1
-32047
-32088.8
-32066.2
-32047
-32088.8
-32066.2
-32047
-32088.7
-32066.2
-32047
-32088.9
-32066.3
-32047.1
-32088
-32065.4
-32046.4
-32088.1
-32065.5
-32046.4
-32086.7
-32064.3
-32045.3
-32087
-32064.5
-32045.6
-32087.4
-32064.9
-32045.7
-32086.2
-32063.8
-32044.9
-32087.4
-32065
-32045.8
-32087
-32064.6
-32045.5
-32087.2
-32064.8
-32045.8
-32088.2
-32065.7
-32046.5
-32087.7
-32065.3
-32046.1
-32087.8
-32065.3
-32046.2
-32087.6
-32065.1
-32046
-32087.4
-32064.8
-32045.8
-32087.4
-32064.9
-32045.9
-32087.4
-32064.9
-32045.8
-32087.9
-32065.3
-32046.3
-32087.4
-32064.8
-32045.8
-32087.5
-32064.9
-32045.8
-32087.5
-32064.9
-32045.8
-32087.8
-32065.2
-32046.2
-32087.7
-32065.2
-32046.1
-32087.3
-32064.8
-32045.8
-32087.7
-32065.3
-32046
-32086.9
-32064.4
-32045.4
-32088.6
-32066.1
-32046.8
-32088.1
-32065.5
-32046.5
-32088
-32065.5
-32046.4
-32087.7
-32065.2
-32046.2
-32088.7
-32066
-32046.8
-32088.2
-32065.7
-32046.5
-32088.2
-32065.7
-32046.5
-32087.7
-32065.2
-32046.1
-32088.3
-32065.8
-32046.7
-32088.3
-32065.9
-32046.7
-32087.7
-32065.2
-32046.2
-32087.6
-32065.2
-32046.2
-32086.7
-32064.2
-32045.2
-32085.5
-32063.3
-32044.5
-32087.1
-32064.6
-32045.5
-32086.1
-32063.8
-32044.8
-32086.8
-32064.4
-32045.1
-32086.8
-32064.4
-32045.2
-32088.8
-32066.4
-32047.1
-32088.4
-32066.1
-32046.8
-32087.6
-32065.2
-32046.1
-32087.9
-32065.5
-32046.3
-32088.1
-32065.6
-32046.5
-32088.2
-32065.8
-32046.6
-32085.8
-32063.5
-32044.6
-32087.2
-32064.7
-32045.5
-32086.9
-32064.5
-32045.2
-32086.8
-32064.4
-32045.2
-32087.2
-32064.7
-32045.6
-32087
-32064.5
-32045.3
-32085.3
-32063.1
-32044.2
-32088.6
-32066.1
-32047
-32088.5
-32066.1
-32046.9
-32088.6
-32066
-32046.8
-32088.9
-32066.4
-32047.1
-32088.5
-32066.1
-32046.8
-32088.1
-32065.7
-32046.5
-32088.2
-32065.8
-32046.6
-32087.7
-32065.3
-32046.2
-32088
-32065.4
-32046.3
-32087.5
-32064.9
-32045.9
-32087.5
-32064.9
-32045.9
-32087.3
-32064.7
-32045.7
-32088
-32065.3
-32046.2
-32087.7
-32065.3
-32046.1
-32087.9
-32065.3
-32046.2
-32086.8
-32064.4
-32045.3
-32088.1
-32065.6
-32046.4
-32087.7
-32065.2
-32046
-32087.3
-32064.7
-32045.7
-32087.1
-32064.6
-32045.6
-32088.1
-32065.7
-32046.5
-32088.8
-32066.3
-32047
-32088
-32065.6
-32046.4
-32088.5
-32066
-32046.7
-32088
-32065.6
-32046.5
-32088.4
-32065.8
-32046.6
-32088.3
-32065.9
-32046.7
-32088.4
-32066
-32046.8
-32088.4
-32066
-32046.7
-32088.1
-32065.5
-32046.5
-32088.1
-32065.5
-32046.5
-32087.8
-32065.3
-32046.3
-32088.5
-32065.9
-32046.8
-32087.8
-32065.3
-32046.3
-32088.1
-32065.5
-32046.4
-32087.8
-32065.2
-32046.2
-32088.4
-32065.8
-32046.7
-32088.2
-32065.8
-32046.6
-32088.3
-32065.8
-32046.6
-32087.8
-32065.3
-32046.3
-32087.8
-32065.4
-32046.4
-32088.3
-32065.9
-32046.7
-32088.4
-32066
-32046.7
-32088.1
-32065.6
-32046.5
-32087.4
-32064.9
-32045.9
-32087
-32064.6
-32045.7
-32088.2
-32065.7
-32046.7
-32087.9
-32065.3
-32046.1
-32086.8
-32064.4
-32045.5
-32087.4
-32064.9
-32045.8
-32086.4
-32064.1
-32045.1
-32087.4
-32065
-32045.9
-32087.1
-32064.7
-32045.6
-32087.6
-32065.2
-32046
-32087.7
-32065.2
-32046
-32087.1
-32064.8
-32045.7
-32086.2
-32063.9
-32045
-32087.3
-32064.9
-32045.7
-32087.1
-32064.7
-32045.6
-32087.4
-32065
-32045.8
-32087.9
-32065.4
-32046.3
-32086.3
-32064
-32045.2
-32087.9
-32065.4
-32046.2
-32087.8
-32065.3
-32046.1
-32087.6
-32065.2
-32046
-32088
-32065.4
-32046.3
-32087.3
-32064.9
-32045.8
-32087.5
-32065
-32046
-32086.5
-32064.2
-32045.3
-32087.8
-32065.3
-32046.1
-32087.8
-32065.3
-32046.1
-32087.1
-32064.5
-32045.5
-32087.2
-32064.6
-32045.6
-32087.6
-32065.1
-32045.9
-32086.4
-32063.9
-32045
-32086.9
-32064.3
-32045.3
-32087.3
-32064.8
-32045.7
-32087.3
-32064.7
-32045.7
-32087.1
-32064.6
-32045.6
-32087.8
-32065.3
-32046.1
-32087.9
-32065.3
-32046.2
-32087.3
-32064.7
-32045.7
-32087.6
-32065
-32045.9
-32087.2
-32064.7
-32045.6
-32087.9
-32065.3
-32046.2
-32087.7
-32065.1
-32046.1
-32088.1
-32065.5
-32046.4
-32088.2
-32065.6
-32046.4
-32088.2
-32065.7
-32046.5
-32088.4
-32065.9
-32046.7
-32088
-32065.5
-32046.5
-32088.5
-32065.9
-32046.7
-32087.9
-32065.5
-32046.5
-32087.9
-32065.4
-32046.3
-32088
-32065.4
-32046.4
-32087.6
-32065.1
-32046.1
-32088.4
-32065.8
-32046.7
-32088.5
-32065.9
-32046.7
-32087.9
-32065.3
-32046.3
-32087.8
-32065.3
-32046.2
-32087.6
-32065.1
-32046.1
-32088.5
-32065.8
-32046.7
-32088.5
-32065.9
-32046.8
-32085.9
-32063.6
-32044.7
-32087.4
-32064.9
-32045.7
-32086.8
-32064.4
-32045.2
-32086.9
-32064.4
-32045.2
-32087.3
-32064.8
-32045.7
-32087.2
-32064.7
-32045.5
-32085.8
-32063.5
-32044.6
-32088.4
-32065.9
-32046.8
-32088.3
-32065.8
-32046.7
-32088.4
-32065.8
-32046.7
-32088.8
-32066.3
-32047
-32088.5
-32066.1
-32046.8
-32088.2
-32065.7
-32046.5
-32088.1
-32065.7
-32046.5
-32087.5
-32065.2
-32046.1
-32086.7
-32064.3
-32045.1
-32086.6
-32064.2
-32045
-32087.3
-32064.8
-32045.7
-32087.4
-32064.9
-32045.8
-32085.7
-32063.4
-32044.5
-32087.2
-32064.7
-32045.5
-32085.8
-32063.4
-32044.6
-32087.1
-32064.6
-32045.5
-32087.4
-32064.8
-32045.8
-32088.3
-32065.8
-32046.5
-32088.8
-32066.4
-32047.1
-32088.7
-32066.3
-32047
-32088.5
-32066
-32046.8
-32088.2
-32065.7
-32046.6
-32088.5
-32066
-32046.9
-32088.7
-32066.1
-32046.9
-32088.8
-32066.3
-32047
-32087.7
-32065.3
-32046.2
-32087.8
-32065.3
-32046.3
-32087.6
-32065.2
-32046.1
-32087.3
-32064.9
-32046
-32087.6
-32065.2
-32046
-32087.3
-32064.8
-32045.7
-32087.6
-32065.1
-32046
-32087.2
-32064.8
-32045.8
-32087.1
-32064.5
-32045.5
-32087
-32064.5
-32045.5
-32087
-32064.5
-32045.5
-32087.7
-32065.1
-32046
-32087.9
-32065.3
-32046.2
-32088
-32065.4
-32046.3
-32087.5
-32065
-32045.9
-32087.8
-32065.2
-32046
-32087.3
-32064.7
-32045.7
-32087.9
-32065.3
-32046.2
-32088
-32065.4
-32046.3
-32087.7
-32065.3
-32046.3
-32087.8
-32065.3
-32046.3
-32087.7
-32065.2
-32046.1
-32088.5
-32066.1
-32046.9
-32088
-32065.6
-32046.4
-32088.8
-32066.3
-32047
-32088.2
-32065.8
-32046.5
-32089
-32066.5
-32047.2
-32089.6
-32067
-32047.6
-32088.5
-32065.9
-32046.7
-32088.3
-32065.8
-32046.6
-32088.2
-32065.8
-32046.6
-32088.2
-32065.7
-32046.5
-32088.7
-32066.2
-32046.9
-32088.4
-32065.9
-32046.7
-32088.4
-32065.9
-32046.7
-32087.8
-32065.3
-32046.3
-32088
-32065.5
-32046.4
-32088.4
-32065.9
-32046.8
-32088.3
-32065.9
-32046.7
-32088.2
-32065.7
-32046.6
-32087.7
-32065.2
-32046.2
-32088.1
-32065.5
-32046.4
-32088.3
-32065.8
-32046.7
-32088.7
-32066.1
-32046.9
-32088.4
-32065.8
-32046.7
-32088.2
-32065.7
-32046.6
-32088.3
-32065.7
-32046.7
-32088.1
-32065.5
-32046.4
-32088.7
-32066.1
-32046.9
-32088.6
-32065.9
-32046.8
-32088
-32065.5
-32046.4
-32087.8
-32065.2
-32046.2
-32087.7
-32065.2
-32046.3
-32088.4
-32065.8
-32046.6
-32088.7
-32066.1
-32046.9
-32087.1
-32064.8
-32045.6
-32087.5
-32065.1
-32045.9
-32087.7
-32065.3
-32046.2
-32087.6
-32065.1
-32046
-32086.4
-32064.1
-32045.2
-32087.1
-32064.7
-32045.6
-32087.3
-32064.8
-32045.9
-32088
-32065.5
-32046.3
-32086.6
-32064.2
-32045.4
-32088.3
-32065.7
-32046.6
-32088.2
-32065.6
-32046.5
-32088.4
-32065.8
-32046.6
-32088.4
-32065.8
-32046.6
-32088.4
-32065.8
-32046.6
-32088.6
-32066
-32046.7
-32088.4
-32065.7
-32046.6
-32088.1
-32065.6
-32046.4
-32088.1
-32065.6
-32046.4
-32087.4
-32064.9
-32045.9
-32088.2
-32065.7
-32046.6
-32088.2
-32065.6
-32046.4
-32087.5
-32064.9
-32045.9
-32087.7
-32065.1
-32046
-32087.4
-32064.9
-32045.8
-32088.1
-32065.4
-32046.3
-32086.6
-32064.2
-32045.3
-32086.2
-32063.9
-32045.1
-32087.9
-32065.5
-32046.3
-32087.9
-32065.4
-32046.3
-32088.1
-32065.5
-32046.5
-32087.7
-32065.2
-32046.2
-32088.7
-32066
-32046.8
-32088.3
-32065.7
-32046.6
-32088.7
-32066.1
-32047
-32087.8
-32065.3
-32046.2
-32087.9
-32065.3
-32046.2
-32087.4
-32065
-32046
-32088.1
-32065.6
-32046.4
-32088
-32065.5
-32046.4
-32088.3
-32065.7
-32046.6
-32088
-32065.4
-32046.3
-32087.9
-32065.4
-32046.3
-32087.7
-32065.2
-32046.2
-32088.8
-32066.2
-32047.1
-32088.8
-32066.2
-32047
-32088.7
-32066.1
-32046.9
-32088.9
-32066.3
-32047.1
-32089
-32066.4
-32047.1
-32088.8
-32066.1
-32046.9
-32088.1
-32065.4
-32046.4
-32087.9
-32065.3
-32046.2
-32087.6
-32065.2
-32046
-32087.8
-32065.2
-32046
-32087.1
-32064.6
-32045.6
-32087.9
-32065.4
-32046.2
-32087.3
-32064.7
-32045.7
-32087.4
-32064.8
-32045.7
-32087.1
-32064.6
-32045.6
-32087.9
-32065.2
-32046.1
-32087.4
-32064.8
-32045.8
-32087
-32064.6
-32045.6
-32087.7
-32065.2
-32046
-32087.9
-32065.3
-32046.2
-32087.7
-32065.2
-32046.1
-32087.3
-32064.8
-32045.9
-32088.2
-32065.6
-32046.5
-32087.8
-32065.4
-32046.3
-32088
-32065.5
-32046.4
-32087.7
-32065.2
-32046.2
-32087.5
-32065.1
-32046.1
-32088.6
-32066.2
-32047
-32088.4
-32065.8
-32046.7
-32088.1
-32065.5
-32046.4
-32087.8
-32065.3
-32046.2
-32087.6
-32065.1
-32046.1
-32087.8
-32065.3
-32046.3
-32087.6
-32065.1
-32046.1
-32088.2
-32065.7
-32046.6
-32088.3
-32065.8
-32046.6
-32088.7
-32066.2
-32047
-32087.3
-32064.8
-32045.8
-32087.4
-32064.8
-32045.8
-32087.4
-32064.9
-32045.8
-32087.5
-32065
-32046
-32088
-32065.4
-32046.2
-32088.2
-32065.6
-32046.5
-32087.3
-32064.8
-32045.7
-32087.7
-32065.1
-32046.1
-32087.2
-32064.7
-32045.7
-32087.7
-32065.2
-32046.1
-32087.6
-32064.9
-32045.9
-32087.6
-32065
-32045.9
-32087.4
-32064.9
-32045.8
-32087.7
-32065.1
-32046.1
-32087.8
-32065.2
-32046.1
-32088.2
-32065.6
-32046.4
-32088.5
-32066.1
-32046.8
-32088.3
-32065.8
-32046.7
-32087.9
-32065.4
-32046.4
-32087.8
-32065.2
-32046.3
-32088.5
-32066
-32046.9
-32088.7
-32066.1
-32046.9
-32088.4
-32065.8
-32046.7
-32088.3
-32065.7
-32046.7
-32088.3
-32065.7
-32046.6
-32088.1
-32065.5
-32046.4
-32088.8
-32066.2
-32047
-32088.7
-32066.1
-32046.9
-32087.9
-32065.4
-32046.3
-32088.6
-32066
-32046.8
-32088.1
-32065.7
-32046.6
-32088.2
-32065.7
-32046.6
-32088.5
-32066
-32046.9
-32088.3
-32065.7
-32046.6
-32088.4
-32065.8
-32046.7
-32087.9
-32065.4
-32046.3
-32088.1
-32065.6
-32046.5
-32087.8
-32065.3
-32046.2
-32088.2
-32065.6
-32046.5
-32088.2
-32065.6
-32046.5
-32088
-32065.5
-32046.4
-32088.2
-32065.6
-32046.5
-32088.2
-32065.6
-32046.4
-32088.4
-32065.8
-32046.6
-32088.4
-32065.8
-32046.6
-32088.5
-32065.9
-32046.7
-32087.8
-32065.2
-32046.2
-32087.8
-32065.3
-32046.2
-32087.7
-32065.2
-32046.1
-32088
-32065.4
-32046.3
-32087.9
-32065.5
-32046.3
-32088.1
-32065.6
-32046.4
-32086.9
-32064.5
-32045.5
-32086.8
-32064.4
-32045.5
-32088.4
-32065.9
-32046.7
-32087.7
-32065.2
-32046.1
-32087.8
-32065.3
-32046.2
-32087.6
-32065.1
-32046.1
-32088.2
-32065.6
-32046.4
-32087.3
-32064.8
-32045.8
-32087.2
-32064.7
-32045.7
-32087.9
-32065.4
-32046.2
-32088
-32065.5
-32046.3
-32088.2
-32065.8
-32046.6
-32088.6
-32066
-32046.8
-32088.8
-32066.1
-32046.9
-32088.2
-32065.7
-32046.5
-32088.3
-32065.8
-32046.6
-32087.7
-32065.1
-32046.1
-32087.6
-32065.1
-32046.1
-32088.4
-32065.9
-32046.7
-32088.1
-32065.5
-32046.5
-32088
-32065.4
-32046.4
-32087.8
-32065.3
-32046.3
-32088.5
-32065.8
-32046.7
-32088.5
-32065.8
-32046.7
-32087.6
-32065.1
-32046.1
-32088
-32065.5
-32046.3
-32088.1
-32065.6
-32046.5
-32088.2
-32065.7
-32046.5
-32088.4
-32065.9
-32046.7
-32088.5
-32065.9
-32046.7
-32088.4
-32065.8
-32046.7
-32088.1
-32065.5
-32046.4
-32087.9
-32065.4
-32046.3
-32087.7
-32065.2
-32046.2
-32087.6
-32065.1
-32046
-32088.3
-32065.8
-32046.6
-32087.3
-32064.8
-32045.8
-32087.9
-32065.4
-32046.2
-32088.2
-32065.6
-32046.5
-32088.8
-32066.3
-32047
-32088.1
-32065.5
-32046.5
-32087.8
-32065.2
-32046.2
-32088.4
-32065.8
-32046.6
-32088.4
-32065.9
-32046.6
-32087.8
-32065.3
-32046.2
-32088
-32065.4
-32046.3
-32087.5
-32065.1
-32046.1
-32088.5
-32066
-32046.8
-32087.8
-32065.3
-32046.3
-32088
-32065.5
-32046.3
-32088.4
-32065.9
-32046.7
-32087.4
-32064.9
-32045.9
-32088.8
-32066.2
-32047
-32088.3
-32065.7
-32046.6
-32088.2
-32065.7
-32046.6
-32087.8
-32065.3
-32046.1
-32086.9
-32064.5
-32045.5
-32087.7
-32065.3
-32046.2
-32088.2
-32065.6
-32046.4
-32088.2
-32065.6
-32046.4
-32087.9
-32065.5
-32046.4
-32088
-32065.6
-32046.4
-32087
-32064.5
-32045.6
-32088.3
-32065.8
-32046.6
-32087.8
-32065.2
-32046.1
-32088.4
-32066
-32046.6
-32087.3
-32064.8
-32045.7
-32088
-32065.6
-32046.5
-32087.8
-32065.4
-32046.3
-32086.9
-32064.4
-32045.4
-32087
-32064.5
-32045.7
-32088.7
-32066.2
-32046.9
-32088.2
-32065.7
-32046.5
-32087.3
-32064.8
-32045.9
-32088.6
-32066.1
-32046.8
-32087.7
-32065.2
-32046.1
-32088.4
-32065.9
-32046.7
-32087.8
-32065.3
-32046.2
-32088.7
-32066.2
-32046.9
-32087.9
-32065.4
-32046.2
-32087.3
-32064.8
-32045.9
-32087.9
-32065.5
-32046.3
-32086.3
-32063.9
-32045.1
-32087.9
-32065.4
-32046.1
-32086.9
-32064.4
-32045.4
-32088.8
-32066.2
-32047
-32088.3
-32065.7
-32046.5
-32089
-32066.4
-32047.1
-32087.9
-32065.4
-32046.2
-32087.2
-32064.7
-32045.8
-32088.4
-32066
-32046.6
-32087.6
-32065.1
-32046
-32087.9
-32065.5
-32046.3
-32086.6
-32064.2
-32045.3
-32086.8
-32064.4
-32045.5
-32088.5
-32066
-32046.8
-32087.5
-32065.1
-32046
-32087.1
-32064.8
-32045.7
-32087.5
-32065.1
-32045.9
-32087.3
-32065
-32045.8
-32087.8
-32065.4
-32046.2
-32087.6
-32065.2
-32046.1
-32087.1
-32064.7
-32045.6
-32087.7
-32065.4
-32046.3
-32087.2
-32064.8
-32045.7
-32086.8
-32064.3
-32045.3
-32086.8
-32064.4
-32045.6
-32088.5
-32066.1
-32046.8
-32087.3
-32064.9
-32045.8
-32087.4
-32065
-32045.9
-32087.6
-32065.2
-32046.1
-32087.8
-32065.4
-32046.3
-32087.9
-32065.4
-32046.2
-32088.3
-32065.7
-32046.6
-32088.1
-32065.6
-32046.5
-32087.9
-32065.3
-32046.3
-32088.3
-32065.7
-32046.6
-32086.9
-32064.5
-32045.5
-32088
-32065.4
-32046.3
-32087.9
-32065.4
-32046.3
-32087.8
-32065.2
-32046.2
-32088.4
-32065.8
-32046.7
-32087.1
-32064.7
-32045.6
-32087.3
-32064.8
-32045.8
-32087.9
-32065.4
-32046.2
-32087.9
-32065.3
-32046.2
-32088.3
-32065.7
-32046.6
-32088.2
-32065.6
-32046.5
-32088.4
-32065.8
-32046.7
-32088.1
-32065.6
-32046.5
-32088.3
-32065.7
-32046.6
-32087.7
-32065.2
-32046.2
-32088.3
-32065.7
-32046.6
-32087.3
-32064.9
-32045.8
-32088.2
-32065.8
-32046.5
-32087.1
-32064.6
-32045.7
-32088.1
-32065.6
-32046.3
-32087
-32064.6
-32045.5
-32087.6
-32065.1
-32046.1
-32087.5
-32065
-32046.1
-32088.3
-32065.8
-32046.5
-32087.8
-32065.3
-32046.1
-32087.8
-32065.4
-32046.3
-32087
-32064.6
-32045.5
-32088.3
-32065.8
-32046.6
-32088.1
-32065.5
-32046.4
-32088
-32065.4
-32046.4
-32088.7
-32066.1
-32046.9
-32088.3
-32065.8
-32046.4
-32086.7
-32064.3
-32045.2
-32087.9
-32065.4
-32046.1
-32086.7
-32064.2
-32045.2
-32088.3
-32065.8
-32046.6
-32088.2
-32065.7
-32046.5
-32086.7
-32064.3
-32045.3
-32088
-32065.5
-32046.1
-32086.2
-32063.8
-32044.8
-32088.2
-32065.6
-32046.4
-32088.5
-32066.1
-32046.8
-32088
-32065.5
-32046.3
-32087.9
-32065.4
-32046.3
-32086.5
-32064.1
-32045.1
-32088.2
-32065.6
-32046.5
-32088.6
-32066.1
-32046.8
-32088.1
-32065.5
-32046.5
-32088
-32065.5
-32046.4
-32088.6
-32066.1
-32046.9
-32088.5
-32065.9
-32046.7
-32087.3
-32064.8
-32045.8
-32087
-32064.5
-32045.5
-32088
-32065.5
-32046.3
-32087.2
-32064.8
-32045.7
-32086.7
-32064.3
-32045.3
-32088.4
-32066
-32046.6
-32087.2
-32064.8
-32045.7
-32088.3
-32065.7
-32046.5
-32087.6
-32065.1
-32046
-32088.5
-32066
-32046.8
-32086.9
-32064.5
-32045.6
-32087.5
-32065
-32046
-32086.5
-32064.1
-32045.1
-32088
-32065.4
-32046.3
-32088.3
-32065.7
-32046.5
-32087.9
-32065.3
-32046.2
-32088.2
-32065.6
-32046.5
-32088.6
-32066.1
-32046.8
-32088.5
-32065.9
-32046.7
-32088
-32065.5
-32046.4
-32088.6
-32066
-32046.8
-32086.9
-32064.4
-32045.3
-32087.7
-32065.2
-32045.9
-32086.6
-32064.1
-32045
-32087.9
-32065.3
-32046.2
-32089
-32066.5
-32047.1
-32088
-32065.5
-32046.4
-32088
-32065.5
-32046.4
-32088
-32065.5
-32046.1
-32086.3
-32063.9
-32044.9
-32087.7
-32065.2
-32045.9
-32086.5
-32064.1
-32045
-32087.3
-32064.7
-32045.8
-32087.6
-32065.1
-32046
-32088.3
-32065.8
-32046.5
-32088.2
-32065.7
-32046.5
-32088.2
-32065.7
-32046.5
-32087.8
-32065.3
-32046.1
-32088.1
-32065.6
-32046.4
-32088
-32065.5
-32046.4
-32088.6
-32066.1
-32046.8
-32088.2
-32065.6
-32046.5
-32088.6
-32066
-32046.9
-32088.5
-32066
-32046.8
-32087.1
-32064.7
-32045.7
-32087.8
-32065.3
-32046.1
-32087.4
-32065
-32045.9
-32087.4
-32065
-32046
-32087.5
-32064.9
-32045.9
-32087.9
-32065.4
-32046.2
-32088.2
-32065.6
-32046.5
-32088.1
-32065.5
-32046.4
-32087
-32064.6
-32045.5
-32087.4
-32064.8
-32045.8
-32088
-32065.4
-32046.2
-32088.3
-32065.7
-32046.6
-32088.4
-32065.8
-32046.6
-32087.9
-32065.4
-32046.3
-32087.3
-32064.7
-32045.7
-32087.8
-32065.2
-32046.1
-32088.6
-32066
-32046.8
-32088.3
-32065.8
-32046.6
-32088.1
-32065.5
-32046.4
-32088.1
-32065.5
-32046.4
-32088.4
-32065.8
-32046.6
-32088.3
-32065.7
-32046.6
-32087.9
-32065.4
-32046.3
-32087.6
-32065.2
-32046.1
-32088.5
-32066
-32046.8
-32086.6
-32064.3
-32045.3
-32087.2
-32064.7
-32045.7
-32088
-32065.7
-32046.4
-32088.5
-32066
-32046.8
-32087.4
-32064.9
-32045.9
-32089
-32066.5
-32047.1
-32086.9
-32064.5
-32045.5
-32087.5
-32065
-32045.9
-32088.3
-32065.8
-32046.6
-32088.1
-32065.6
-32046.5
-32087.4
-32064.9
-32045.9
-32088.7
-32066.2
-32046.8
-32087
-32064.6
-32045.7
-32087.7
-32065.2
-32046.1
-32088.4
-32066
-32046.7
-32088.2
-32065.7
-32046.5
-32088.4
-32065.9
-32046.7
-32087.8
-32065.2
-32046.1
-32088.7
-32066.2
-32046.9
-32086.9
-32064.5
-32045.6
-32087.7
-32065.2
-32046.1
-32088.7
-32066.3
-32047
-32087
-32064.6
-32045.7
-32087.6
-32065.1
-32046.1
-32088.4
-32066
-32046.8
-32086.6
-32064.2
-32045.3
-32087.4
-32064.9
-32045.8
-32088.3
-32065.9
-32046.6
-32088.3
-32065.8
-32046.7
-32088.3
-32065.8
-32046.6
-32088.8
-32066.3
-32046.9
-32087.8
-32065.4
-32046.3
-32087.8
-32065.3
-32046.3
-32088.8
-32066.2
-32047
-32088.2
-32065.7
-32046.6
-32087.8
-32065.4
-32046.2
-32088.8
-32066.3
-32047
-32087.9
-32065.5
-32046.3
-32088.2
-32065.8
-32046.5
-32089
-32066.5
-32047.2
-32087
-32064.7
-32045.7
-32087
-32064.6
-32045.5
-32086.5
-32064.2
-32045.3
-32087.8
-32065.3
-32046.1
-32088.5
-32066.1
-32046.8
-32086.5
-32064.1
-32045.2
-32087.6
-32065.1
-32046
-32088.6
-32066.2
-32046.8
-32088.2
-32065.7
-32046.6
-32088.2
-32065.7
-32046.5
-32088.5
-32066
-32046.7
-32088.5
-32066
-32046.7
-32087.4
-32064.9
-32045.9
-32089.3
-32066.8
-32047.3
-32088.1
-32065.6
-32046.4
-32087.7
-32065.2
-32046.1
-32088.8
-32066.3
-32047
-32086.7
-32064.3
-32045.4
-32086.8
-32064.4
-32045.4
-32087.8
-32065.4
-32046.3
-32087.9
-32065.5
-32046.4
-32088.5
-32066
-32046.8
-32088.2
-32065.8
-32046.6
-32088.8
-32066.3
-32047
-32088
-32065.5
-32046.4
-32088.1
-32065.6
-32046.5
-32088.2
-32065.7
-32046.6
-32088.2
-32065.7
-32046.6
-32088.8
-32066.3
-32046.9
-32087.9
-32065.3
-32046.3
-32088.5
-32065.9
-32046.8
-32087.7
-32065.2
-32046
-32087.9
-32065.3
-32046.1
-32087.9
-32065.4
-32046.3
-32087.8
-32065.3
-32046.2
-32088.7
-32066.2
-32047
-32088.4
-32065.8
-32046.5
-32088
-32065.4
-32046.2
-32087.5
-32065
-32045.9
-32088
-32065.4
-32046.2
-32088.2
-32065.7
-32046.6
-32088.6
-32066
-32046.9
-32088.8
-32066.1
-32046.9
-32088.8
-32066.2
-32047
-32088.9
-32066.4
-32047
-32088.5
-32065.9
-32046.7
-32088.1
-32065.5
-32046.4
-32088.4
-32065.8
-32046.6
-32088.3
-32065.8
-32046.7
-32088.4
-32065.9
-32046.8
-32088.5
-32066
-32046.8
-32087.3
-32064.9
-32045.9
-32087.3
-32064.8
-32045.9
-32087.2
-32064.8
-32045.8
-32087.5
-32065.1
-32046.1
-32088.5
-32066.1
-32046.8
-32088.3
-32065.8
-32046.5
-32087.8
-32065.3
-32046.1
-32087.1
-32064.6
-32045.6
-32087.8
-32065.2
-32046.1
-32087.7
-32065.3
-32046.3
-32087.7
-32065.2
-32046.2
-32088.4
-32065.9
-32046.7
-32088.5
-32066.1
-32046.8
-32089.1
-32066.5
-32047.2
-32088.6
-32066
-32046.7
-32087.9
-32065.3
-32046.1
-32087.7
-32065.1
-32045.9
-32087.8
-32065.3
-32046.2
-32087.8
-32065.3
-32046.2
-32088.7
-32066.2
-32047
-32087.4
-32065
-32046
-32088
-32065.5
-32046.4
-32088.6
-32066.2
-32047
-32087.7
-32065.4
-32046.2
-32087.8
-32065.3
-32046.1
-32087.8
-32065.4
-32046.4
-32087.9
-32065.5
-32046.4
-32088.8
-32066.3
-32047
-32087.7
-32065.2
-32046.1
-32087.4
-32065
-32045.9
-32087.5
-32065
-32046
-32088.4
-32065.9
-32046.6
-32088.1
-32065.6
-32046.4
-32087.7
-32065.1
-32046.1
-32088
-32065.4
-32046.3
-32088.1
-32065.6
-32046.5
-32088.4
-32065.8
-32046.6
-32088.5
-32065.9
-32046.7
-32088.7
-32066.1
-32046.9
-32088
-32065.4
-32046.4
-32088.6
-32066.1
-32046.7
-32088.1
-32065.6
-32046.4
-32087.7
-32065.1
-32045.9
-32087.9
-32065.4
-32046.2
-32087.8
-32065.2
-32046.1
-32087.5
-32065.1
-32046.1
-32087.8
-32065.2
-32046.2
-32087.9
-32065.3
-32046.2
-32088.4
-32065.8
-32046.6
-32088.3
-32065.7
-32046.6
-32088.8
-32066.2
-32047.1
-32088.7
-32066.1
-32047
-32087.7
-32065.3
-32046.2
-32087.8
-32065.3
-32046.3
-32087.5
-32065.1
-32046.1
-32087.5
-32065
-32046
-32087.2
-32064.7
-32045.8
-32086.8
-32064.4
-32045.5
-32087.4
-32065
-32046
-32086.9
-32064.4
-32045.5
-32087.3
-32064.9
-32045.9
-32086.7
-32064.4
-32045.4
-32088
-32065.5
-32046.4
-32088
-32065.5
-32046.4
-32088.9
-32066.3
-32047.1
-32088.5
-32066.1
-32046.8
-32089
-32066.5
-32047.2
-32086.9
-32064.5
-32045.6
-32087.1
-32064.7
-32045.7
-32087.6
-32065.2
-32046.2
-32088.3
-32065.7
-32046.6
-32088.1
-32065.4
-32046.3
-32088.1
-32065.4
-32046.3
-32088.3
-32065.8
-32046.6
-32088.1
-32065.5
-32046.4
-32088
-32065.4
-32046.4
-32088.4
-32065.8
-32046.6
-32088.2
-32065.6
-32046.4
-32088
-32065.4
-32046.4
-32088.4
-32065.8
-32046.6
-32088.3
-32065.7
-32046.6
-32088.2
-32065.6
-32046.5
-32088.1
-32065.5
-32046.3
-32088.2
-32065.6
-32046.4
-32088.2
-32065.7
-32046.6
-32088.3
-32065.8
-32046.6
-32088.5
-32065.9
-32046.6
-32088
-32065.4
-32046.2
-32088.3
-32065.7
-32046.5
-32088.1
-32065.6
-32046.5
-32088.5
-32066
-32046.7
-32087.4
-32064.9
-32045.9
-32088
-32065.4
-32046.3
-32088.3
-32065.7
-32046.5
-32088.2
-32065.7
-32046.5
-32088.6
-32066
-32046.7
-32088.4
-32065.8
-32046.7
-32088.3
-32065.8
-32046.6
-32089
-32066.4
-32047.1
-32088.6
-32066.1
-32046.8
-32088.4
-32065.8
-32046.7
-32089.1
-32066.5
-32047.2
-32088.8
-32066.2
-32047
-32087.8
-32065.2
-32046.3
-32088
-32065.4
-32046.4
-32088.8
-32066.2
-32047
-32088.7
-32066.1
-32046.9
-32088.6
-32065.9
-32046.8
-32086.6
-32064.2
-32045.3
-32088.6
-32066.1
-32046.7
-32087.9
-32065.3
-32046.1
-32088.2
-32065.6
-32046.4
-32087.9
-32065.3
-32046.2
-32087.9
-32065.3
-32046.2
-32088
-32065.5
-32046.3
-32088
-32065.5
-32046.3
-32088.1
-32065.6
-32046.4
-32088
-32065.6
-32046.3
-32087.1
-32064.5
-32045.5
-32088.1
-32065.5
-32046.3
-32088.2
-32065.7
-32046.4
-32088.8
-32066.3
-32047
-32088.4
-32065.9
-32046.7
-32088.4
-32065.9
-32046.8
-32088.8
-32066.2
-32047
-32088.3
-32065.7
-32046.6
-32088.5
-32066
-32046.8
-32088.5
-32066
-32046.8
-32086.7
-32064.3
-32045.3
-32088.2
-32065.7
-32046.4
-32088.3
-32065.8
-32046.5
-32088
-32065.4
-32046.3
-32088.1
-32065.6
-32046.4
-32088.1
-32065.5
-32046.3
-32088
-32065.5
-32046.3
-32087.5
-32064.9
-32045.9
-32088
-32065.5
-32046.3
-32088.4
-32065.8
-32046.7
-32088.6
-32066.1
-32046.9
-32089
-32066.5
-32047.1
-32088.5
-32065.9
-32046.8
-32088.4
-32066
-32046.8
-32088.9
-32066.3
-32047
-32088.7
-32066.1
-32046.9
-32088.8
-32066.2
-32046.9
-32088.1
-32065.5
-32046.5
-32087.9
-32065.3
-32046.2
-32088.4
-32065.8
-32046.6
-32088
-32065.3
-32046.3
-32088.1
-32065.4
-32046.3
-32088.2
-32065.7
-32046.5
-32088.2
-32065.7
-32046.5
-32088.3
-32065.8
-32046.7
-32088.4
-32065.9
-32046.6
-32087.8
-32065.2
-32046.2
-32087.9
-32065.3
-32046.3
-32088.3
-32065.8
-32046.6
-32088.8
-32066.2
-32046.9
-32088.7
-32066
-32046.8
-32088.2
-32065.7
-32046.5
-32088.3
-32065.8
-32046.7
-32088.4
-32065.9
-32046.7
-32088.7
-32066.2
-32046.9
-32088.3
-32065.7
-32046.5
-32088.2
-32065.6
-32046.6
-32088.6
-32065.9
-32046.8
-32088.7
-32066.1
-32046.9
-32087.1
-32064.6
-32045.7
-32088.4
-32065.9
-32046.7
-32087.3
-32064.8
-32045.8
-32088.6
-32066.1
-32046.8
-32088.2
-32065.7
-32046.5
-32087.3
-32064.8
-32045.7
-32088.6
-32066.1
-32046.8
-32086.8
-32064.4
-32045.4
-32088.3
-32065.7
-32046.5
-32088.1
-32065.7
-32046.6
-32088.2
-32065.8
-32046.6
-32087.4
-32064.9
-32045.9
-32088.5
-32066
-32046.8
-32087.6
-32065.2
-32046.1
-32087
-32064.6
-32045.6
-32087.5
-32064.9
-32045.9
-32088.2
-32065.8
-32046.5
-32087.5
-32065
-32046
-32086.7
-32064.2
-32045.3
-32088.9
-32066.4
-32047
-32087.8
-32065.3
-32046.2
-32088
-32065.5
-32046.3
-32088.4
-32065.9
-32046.6
-32087.3
-32064.8
-32045.7
-32088
-32065.4
-32046.3
-32087.9
-32065.4
-32046.2
-32087.9
-32065.4
-32046.2
-32087.8
-32065.3
-32046.2
-32087.9
-32065.4
-32046.2
-32087.9
-32065.4
-32046.2
-32087.9
-32065.3
-32046.1
-32089.1
-32066.5
-32047.2
-32088.2
-32065.6
-32046.6
-32088.5
-32065.9
-32046.7
-32088.2
-32065.7
-32046.6
-32088.1
-32065.6
-32046.5
-32088.4
-32065.9
-32046.8
-32088.4
-32065.9
-32046.8
-32088
-32065.5
-32046.3
-32087.1
-32064.6
-32045.5
-32088.4
-32065.9
-32046.6
-32087.8
-32065.3
-32046.1
-32087.4
-32064.9
-32045.7
-32088.5
-32066
-32046.6
-32086.5
-32064.1
-32045.1
-32086.9
-32064.5
-32045.6
-32087.8
-32065.4
-32046.2
-32087
-32064.7
-32045.7
-32087.4
-32065
-32046
-32087.6
-32065.3
-32046.1
-32087.3
-32064.8
-32045.6
-32087.5
-32065.1
-32046
-32087.3
-32064.9
-32045.9
-32087.9
-32065.4
-32046.3
-32086.7
-32064.2
-32045.2
-32087.8
-32065.3
-32046.1
-32088.1
-32065.6
-32046.3
-32087.8
-32065.3
-32046.2
-32087.8
-32065.4
-32046.3
-32087.2
-32064.8
-32045.9
-32087.5
-32065
-32046
-32086.4
-32064
-32045.1
-32088.4
-32066
-32046.7
-32087.6
-32065
-32045.9
-32088
-32065.4
-32046.3
-32087.8
-32065.3
-32046.1
-32087.9
-32065.4
-32046.1
-32088
-32065.5
-32046.3
-32087.9
-32065.4
-32046.2
-32089
-32066.5
-32047.2
-32088.1
-32065.5
-32046.5
-32088.8
-32066.2
-32046.9
-32087.6
-32065.1
-32046
-32088.3
-32065.9
-32046.7
-32088.6
-32066.1
-32046.9
-32088.1
-32065.6
-32046.4
-32087.8
-32065.3
-32046.1
-32087.2
-32064.8
-32045.8
-32087.5
-32065
-32046
-32087.5
-32065.1
-32046
-32086.6
-32064.3
-32045.4
-32087.5
-32065
-32045.9
-32087
-32064.5
-32045.5
-32088.3
-32065.8
-32046.5
-32087.2
-32064.8
-32045.8
-32087.6
-32065.1
-32046.1
-32087.7
-32065.2
-32046.2
-32088.3
-32065.8
-32046.7
-32088.2
-32065.8
-32046.6
-32088.9
-32066.4
-32047
-32087.5
-32065.1
-32046
-32086.7
-32064.4
-32045.5
-32087.4
-32064.9
-32045.8
-32088.2
-32065.9
-32046.6
-32088.6
-32066.2
-32046.9
-32088.9
-32066.3
-32047
-32088.3
-32065.8
-32046.6
-32088.1
-32065.6
-32046.5
-32088.5
-32066
-32046.8
-32086
-32063.6
-32044.8
-32087.9
-32065.3
-32046.2
-32087.9
-32065.4
-32046.1
-32088.1
-32065.6
-32046.3
-32087.7
-32065.1
-32046
-32088.1
-32065.5
-32046.3
-32088.3
-32065.8
-32046.5
-32087.7
-32065.1
-32046
-32088.1
-32065.5
-32046.3
-32088.4
-32065.9
-32046.7
-32088.5
-32066.1
-32046.9
-32088.5
-32066
-32046.8
-32088.6
-32066
-32046.7
-32088.5
-32066
-32046.8
-32089
-32066.5
-32047.2
-32088.6
-32066.1
-32046.9
-32087.2
-32064.7
-32045.7
-32086.9
-32064.4
-32045.4
-32087.3
-32064.8
-32045.8
-32087.4
-32064.9
-32045.9
-32088
-32065.5
-32046.4
-32087.8
-32065.3
-32046.1
-32088.4
-32065.8
-32046.5
-32087.7
-32065.4
-32046.2
-32087.8
-32065.3
-32046.2
-32087.1
-32064.7
-32045.8
-32087.7
-32065.2
-32046.2
-32086.6
-32064.2
-32045.2
-32087.9
-32065.5
-32046.2
-32088.4
-32065.9
-32046.5
-32087.9
-32065.4
-32046.2
-32088.5
-32066
-32046.6
-32087.2
-32064.7
-32045.7
-32087.4
-32065
-32046
-32088.1
-32065.6
-32046.4
-32087.3
-32064.9
-32046
-32087.9
-32065.4
-32046.4
-32087.1
-32064.7
-32045.8
-32087.8
-32065.3
-32046.2
-32087.7
-32065.1
-32046
-32087.8
-32065.3
-32046.2
-32087.9
-32065.4
-32046.2
-32088.1
-32065.6
-32046.3
-32087.9
-32065.3
-32046.1
-32088.4
-32066
-32046.7
-32088.2
-32065.7
-32046.5
-32088.5
-32066
-32046.8
-32088.4
-32066
-32046.8
-32088.8
-32066.3
-32047
-32088.9
-32066.4
-32047.1
-32087.1
-32064.8
-32045.7
-32086.5
-32064.2
-32045.3
-32087.2
-32064.7
-32045.7
-32087.1
-32064.7
-32045.7
-32088.1
-32065.5
-32046.4
-32087.9
-32065.3
-32046.3
-32088.1
-32065.5
-32046.4
-32088.1
-32065.5
-32046.4
-32088.3
-32065.6
-32046.5
-32088.2
-32065.5
-32046.4
-32088.3
-32065.8
-32046.6
-32088
-32065.5
-32046.3
-32088.2
-32065.7
-32046.5
-32088.4
-32065.8
-32046.5
-32087.1
-32064.6
-32045.6
-32088
-32065.4
-32046.2
-32088.3
-32065.8
-32046.5
-32088.6
-32066.1
-32046.8
-32088.5
-32066
-32046.8
-32088
-32065.5
-32046.4
-32088.1
-32065.6
-32046.5
-32088.4
-32065.8
-32046.6
-32088.6
-32066.1
-32046.8
-32088.2
-32065.6
-32046.5
-32088.4
-32065.8
-32046.7
-32088.6
-32066
-32046.8
-32086.8
-32064.3
-32045.4
-32087.9
-32065.4
-32046.1
-32088.4
-32065.8
-32046.5
-32087.6
-32065
-32046
-32087.9
-32065.4
-32046.2
-32087.7
-32065.2
-32046
-32087.9
-32065.4
-32046.2
-32088
-32065.5
-32046.3
-32089
-32066.4
-32047
-32088.3
-32065.7
-32046.5
-32088.3
-32065.8
-32046.7
-32088.7
-32066.2
-32046.9
-32087.7
-32065.2
-32046.2
-32088.5
-32066
-32046.8
-32088.7
-32066.2
-32046.8
-32087.9
-32065.3
-32046.2
-32087.7
-32065.2
-32046
-32087.8
-32065.3
-32046.2
-32087.9
-32065.4
-32046.2
-32088.5
-32065.9
-32046.5
-32088.2
-32065.6
-32046.3
-32088.6
-32066.1
-32046.9
-32088.7
-32066.2
-32047
-32088.2
-32065.8
-32046.7
-32089
-32066.5
-32047.1
-32088.2
-32065.5
-32046.4
-32088.3
-32065.6
-32046.4
-32088.1
-32065.6
-32046.4
-32087
-32064.5
-32045.6
-32088.1
-32065.6
-32046.4
-32088.5
-32066
-32046.6
-32087.3
-32064.8
-32045.8
-32088
-32065.6
-32046.4
-32088.2
-32065.7
-32046.6
-32088.7
-32066.1
-32046.8
-32088.2
-32065.7
-32046.5
-32088.8
-32066.2
-32046.9
)
;

boundaryField
{
    sphere_to_oil
    {
        type            calculated;
        value           nonuniform List<scalar> 
1536
(
-32045
-32045.2
-32045.2
-32045.6
-32045.4
-32045.6
-32045.8
-32045.5
-32045.5
-32045.8
-32045.4
-32045.2
-32045.6
-32045.9
-32045.3
-32045.9
-32044.4
-32044.5
-32045.4
-32045.5
-32045.4
-32044.9
-32045
-32045.2
-32045.3
-32045.2
-32045.1
-32045.3
-32045.3
-32045.5
-32045.4
-32045.5
-32045.5
-32045
-32045
-32045.3
-32045
-32045.1
-32045.3
-32045
-32045.3
-32045.1
-32045.5
-32045.4
-32045.3
-32045.6
-32045
-32045
-32045.9
-32045.8
-32045.8
-32045.8
-32045.1
-32045.1
-32045.4
-32045.3
-32045.7
-32045.8
-32045.3
-32045.4
-32045.6
-32045.5
-32045.6
-32045.2
-32045.4
-32045.2
-32044.9
-32045.6
-32045.6
-32045.6
-32044.6
-32046.2
-32046
-32045.9
-32044.6
-32045.7
-32045.8
-32046
-32045.9
-32044.5
-32045
-32045.1
-32045.7
-32045.3
-32045.5
-32045.3
-32046
-32045.8
-32045.8
-32045.4
-32045.6
-32045.3
-32045.4
-32045.2
-32045.4
-32045.1
-32044.6
-32045.5
-32045.4
-32045.7
-32045.7
-32044.6
-32045.4
-32045.6
-32045.9
-32045.9
-32044.5
-32046.2
-32046.1
-32045.6
-32045.7
-32045.8
-32045.1
-32045.1
-32045.7
-32045.8
-32046
-32045.5
-32045.3
-32045.4
-32045.8
-32045.6
-32045.3
-32045.3
-32044.8
-32045.1
-32045.3
-32045.6
-32044.9
-32045.1
-32045.2
-32045.5
-32045.6
-32045.8
-32045.8
-32045.1
-32045.2
-32045.1
-32045.9
-32045.6
-32045.3
-32045.3
-32045.4
-32045.4
-32045.6
-32045.5
-32044.8
-32045
-32045.1
-32044.3
-32044.5
-32045.1
-32045.3
-32045.1
-32045.3
-32045.3
-32044.7
-32045.2
-32044.2
-32044.8
-32044.6
-32045
-32044.9
-32045
-32045.2
-32044.9
-32045.1
-32045
-32044.6
-32044.9
-32045.7
-32045.7
-32045.8
-32045.7
-32045.8
-32045.7
-32044.7
-32045.4
-32044.9
-32044.2
-32044.9
-32044.7
-32044.9
-32044.7
-32045.1
-32044.6
-32045
-32045.6
-32045.6
-32045.8
-32046.1
-32045.6
-32045.7
-32045.5
-32045.6
-32045.9
-32045.5
-32045.5
-32045.8
-32045.7
-32045.8
-32046.1
-32045.2
-32045.1
-32045.1
-32045.4
-32045.7
-32045.3
-32045.3
-32045.5
-32045.6
-32045.7
-32045.8
-32045.6
-32045.7
-32045.4
-32045.6
-32045.9
-32046.1
-32046.3
-32045.7
-32045.7
-32045.5
-32045.8
-32046
-32045.1
-32045.3
-32045.4
-32045.3
-32045.8
-32045.2
-32045.5
-32045.4
-32045.5
-32045
-32045
-32044.9
-32045.3
-32045.4
-32046
-32045.9
-32045.4
-32044.9
-32045.4
-32045.8
-32045.9
-32045.7
-32045.3
-32045
-32045.1
-32046
-32045.4
-32045.7
-32045.5
-32045.5
-32045.7
-32045.7
-32045.3
-32045.2
-32044.6
-32044.4
-32044.8
-32045.5
-32044.5
-32044.9
-32045.2
-32045.3
-32045.6
-32045.1
-32045.1
-32045.1
-32045.4
-32045.4
-32045.7
-32045.7
-32045.4
-32045.5
-32045.5
-32045.7
-32045
-32044.9
-32044.8
-32045.3
-32045.3
-32046.1
-32045.8
-32045.9
-32045.2
-32045.3
-32044.9
-32044.8
-32045.2
-32045.4
-32045.7
-32045.6
-32045.6
-32046.3
-32046.3
-32046.2
-32046.4
-32046.2
-32046.3
-32046.1
-32045.7
-32045.7
-32044.4
-32044.7
-32044.9
-32044.8
-32045.2
-32044.4
-32044.9
-32045.9
-32045.8
-32045.8
-32045.7
-32045.8
-32045.7
-32045.4
-32045.4
-32045.2
-32045.5
-32045.3
-32045.5
-32045.2
-32045.1
-32045.1
-32045.4
-32045.4
-32045
-32045.1
-32045.3
-32045.6
-32045.9
-32046
-32045.6
-32045.7
-32045.5
-32045.7
-32045.4
-32045.5
-32045.6
-32045.5
-32045.5
-32045.8
-32045.9
-32046.2
-32046.2
-32046.2
-32046.2
-32046.2
-32046.1
-32045.6
-32045.2
-32045.2
-32045.1
-32045.4
-32044.9
-32045.3
-32045.1
-32045.1
-32045.1
-32045.4
-32045.3
-32044.8
-32045.4
-32045.8
-32045.7
-32046
-32046
-32045.8
-32045.7
-32045.7
-32046
-32045.9
-32045.6
-32045.6
-32045.3
-32044.8
-32045
-32045.1
-32045.1
-32044.9
-32045.4
-32045.8
-32045.3
-32044.8
-32044.7
-32044.9
-32044.9
-32044.9
-32045.4
-32045.4
-32045.9
-32045.8
-32045.6
-32045.7
-32045.7
-32045.6
-32046
-32045.8
-32045.4
-32045.6
-32045.4
-32045.9
-32046.1
-32045.7
-32045.7
-32045.5
-32045.8
-32046
-32046
-32045.8
-32046
-32046
-32045.8
-32045.9
-32045.7
-32045.5
-32045.5
-32044.9
-32045.8
-32045.4
-32045.2
-32045.2
-32045.1
-32045.5
-32045.6
-32045.3
-32045.2
-32045.6
-32045.7
-32045.5
-32045.9
-32045.8
-32046
-32045.8
-32045.4
-32045.4
-32045.3
-32045.6
-32045.6
-32045.5
-32045.8
-32045.9
-32046.3
-32046.2
-32046.2
-32046.2
-32046.1
-32046.2
-32045.7
-32045.7
-32044.7
-32044.8
-32044.9
-32044.3
-32045
-32044.8
-32045.1
-32045.6
-32045.3
-32045.4
-32045.2
-32045.1
-32045.1
-32045.1
-32045.5
-32045.1
-32045.1
-32045.1
-32045.4
-32045.3
-32045
-32045.2
-32044.7
-32046
-32045.7
-32045.6
-32045.4
-32046
-32045.7
-32045.7
-32045.4
-32045.9
-32045.9
-32045.5
-32045.5
-32044.4
-32043.9
-32044.7
-32044.2
-32044.4
-32044.5
-32046.2
-32046
-32045.4
-32045.6
-32045.6
-32045.8
-32044
-32044.7
-32044.5
-32044.4
-32044.8
-32044.5
-32043.7
-32046.1
-32046.1
-32046
-32046.1
-32046
-32045.7
-32045.7
-32045.5
-32045.4
-32045.1
-32045.1
-32045
-32045.4
-32045.2
-32045.3
-32044.6
-32045.6
-32045.2
-32045
-32044.9
-32045.7
-32046
-32045.5
-32045.8
-32045.7
-32045.7
-32045.8
-32045.9
-32045.9
-32045.7
-32045.7
-32045.5
-32045.9
-32045.5
-32045.6
-32045.5
-32045.8
-32045.8
-32045.8
-32045.5
-32045.6
-32045.9
-32045.9
-32045.7
-32045.2
-32045
-32045.9
-32045.3
-32044.8
-32045
-32044.5
-32045.1
-32044.8
-32045.3
-32045.2
-32045
-32044.3
-32044.9
-32044.9
-32045.1
-32045.4
-32044.6
-32045.3
-32045.3
-32045.2
-32045.4
-32045.1
-32045.2
-32044.6
-32045.3
-32045.3
-32044.8
-32044.9
-32045.1
-32044.3
-32044.6
-32044.9
-32045
-32044.9
-32045.3
-32045.5
-32044.9
-32045.1
-32044.9
-32045.4
-32045.4
-32045.6
-32045.6
-32045.7
-32045.9
-32045.7
-32045.9
-32045.7
-32045.5
-32045.6
-32045.4
-32045.8
-32045.9
-32045.6
-32045.5
-32045.4
-32045.8
-32045.9
-32044.1
-32044.8
-32044.5
-32044.4
-32044.9
-32044.6
-32043.9
-32046
-32045.9
-32045.8
-32046.1
-32046
-32045.7
-32045.7
-32045.3
-32044.4
-32044.3
-32044.8
-32044.9
-32043.9
-32044.6
-32043.9
-32044.6
-32045
-32045.6
-32046.3
-32046.2
-32046
-32045.8
-32046
-32046
-32046.1
-32045.5
-32045.5
-32045.4
-32045.2
-32045.2
-32045
-32045.2
-32045
-32044.7
-32044.8
-32044.8
-32045.2
-32045.4
-32045.5
-32045.1
-32045.2
-32044.9
-32045.4
-32045.6
-32045.5
-32045.5
-32045.3
-32046
-32045.6
-32046
-32045.7
-32046.3
-32046.6
-32045.9
-32045.8
-32045.8
-32045.7
-32046.1
-32045.9
-32045.9
-32045.6
-32045.6
-32046
-32045.9
-32045.8
-32045.4
-32045.6
-32045.9
-32046.1
-32045.9
-32045.8
-32045.9
-32045.7
-32046.1
-32046
-32045.6
-32045.5
-32045.5
-32045.8
-32046
-32044.9
-32045.1
-32045.3
-32045.1
-32044.6
-32044.9
-32045.1
-32045.5
-32044.7
-32045.7
-32045.7
-32045.8
-32045.8
-32045.8
-32045.9
-32045.8
-32045.6
-32045.5
-32045.1
-32045.7
-32045.6
-32045.2
-32045.2
-32045.1
-32045.5
-32044.6
-32044.4
-32045.4
-32045.6
-32045.7
-32045.5
-32045.9
-32045.8
-32046.1
-32045.4
-32045.4
-32045.2
-32045.6
-32045.7
-32045.8
-32045.6
-32045.5
-32045.4
-32046.2
-32046.2
-32046.1
-32046.2
-32046.3
-32046.1
-32045.7
-32045.4
-32045.2
-32045.2
-32044.8
-32045.4
-32044.9
-32045
-32044.8
-32045.3
-32045
-32044.9
-32045.2
-32045.5
-32045.4
-32045.2
-32045.7
-32045.5
-32045.6
-32045.4
-32045.4
-32046.1
-32045.8
-32045.6
-32045.5
-32045.3
-32045.5
-32045.4
-32045.8
-32045.8
-32046.1
-32045
-32045
-32045
-32045.2
-32045.4
-32045.6
-32045
-32045.3
-32045
-32045.3
-32045.1
-32045.1
-32045
-32045.3
-32045.4
-32045.5
-32046
-32045.8
-32045.6
-32045.5
-32046
-32046.1
-32045.9
-32045.9
-32045.9
-32045.7
-32046.1
-32046.1
-32045.6
-32045.9
-32045.8
-32045.8
-32046
-32045.8
-32045.9
-32045.6
-32045.7
-32045.5
-32045.7
-32045.7
-32045.6
-32045.7
-32045.6
-32045.8
-32045.8
-32045.8
-32045.4
-32045.4
-32045.3
-32045.5
-32045.5
-32045.6
-32044.8
-32044.8
-32045.8
-32045.4
-32045.4
-32045.3
-32045.6
-32045
-32045
-32045.4
-32045.5
-32045.8
-32046
-32046
-32045.7
-32045.8
-32045.4
-32045.4
-32045.9
-32045.7
-32045.6
-32045.5
-32045.9
-32045.9
-32045.3
-32045.5
-32045.7
-32045.7
-32045.9
-32045.9
-32045.9
-32045.7
-32045.5
-32045.5
-32045.3
-32045.8
-32045.1
-32045.4
-32045.7
-32046.1
-32045.6
-32045.5
-32045.8
-32045.8
-32045.4
-32045.5
-32045.4
-32045.9
-32045.5
-32045.5
-32045.8
-32045.2
-32046.1
-32045.8
-32045.9
-32045.3
-32044.7
-32045.5
-32045.6
-32045.6
-32045.7
-32045.6
-32044.9
-32045.6
-32045.2
-32045.7
-32044.9
-32045.7
-32045.5
-32044.7
-32045
-32046
-32045.6
-32045.2
-32045.9
-32045.4
-32045.8
-32045.4
-32045.9
-32045.3
-32045.3
-32045.5
-32044.4
-32045.3
-32044.7
-32046.1
-32045.6
-32046.1
-32045.3
-32045.1
-32045.7
-32045.2
-32045.4
-32044.6
-32044.9
-32045.9
-32045.2
-32044.9
-32045.1
-32045
-32045.4
-32045.3
-32044.9
-32045.6
-32044.9
-32044.6
-32044.9
-32045.9
-32045
-32045.2
-32045.3
-32045.5
-32045.4
-32045.7
-32045.7
-32045.5
-32045.8
-32044.8
-32045.4
-32045.5
-32045.5
-32045.9
-32044.9
-32045.1
-32045.4
-32045.4
-32045.8
-32045.8
-32045.9
-32045.6
-32045.8
-32045.4
-32045.8
-32045.1
-32045.7
-32044.9
-32045.4
-32044.7
-32045.3
-32045.4
-32045.7
-32045.3
-32045.5
-32044.7
-32045.8
-32045.6
-32045.6
-32046
-32045.5
-32044.5
-32045.2
-32044.5
-32045.8
-32045.7
-32044.5
-32045.1
-32044.1
-32045.5
-32045.9
-32045.4
-32045.6
-32044.4
-32045.6
-32046
-32045.6
-32045.6
-32046
-32045.9
-32045.1
-32044.7
-32045.4
-32045
-32044.6
-32045.8
-32045
-32045.6
-32045.2
-32045.9
-32044.9
-32045.3
-32044.4
-32045.5
-32045.6
-32045.4
-32045.6
-32045.9
-32045.8
-32045.7
-32046
-32044.6
-32045.1
-32044.3
-32045.4
-32046.2
-32045.5
-32045.6
-32045.2
-32044.2
-32045.1
-32044.3
-32045
-32045.2
-32045.7
-32045.7
-32045.7
-32045.3
-32045.6
-32045.6
-32046
-32045.6
-32046.1
-32045.9
-32045
-32045.3
-32045.2
-32045.2
-32045.1
-32045.4
-32045.7
-32045.6
-32044.8
-32045.1
-32045.4
-32045.8
-32045.8
-32045.4
-32045
-32045.3
-32046
-32045.8
-32045.6
-32045.5
-32045.8
-32045.8
-32045.5
-32045.4
-32045.9
-32044.6
-32044.9
-32045.6
-32045.9
-32045.1
-32046.1
-32044.8
-32045.1
-32045.8
-32045.6
-32045.2
-32045.9
-32045
-32045.3
-32045.9
-32045.7
-32045.8
-32045.3
-32045.9
-32044.9
-32045.3
-32046.1
-32044.9
-32045.3
-32046
-32044.6
-32045.1
-32045.8
-32045.8
-32045.8
-32046
-32045.6
-32045.5
-32046.1
-32045.7
-32045.3
-32046
-32045.5
-32045.6
-32046.2
-32045
-32044.8
-32044.6
-32045.3
-32046
-32044.5
-32045.2
-32046
-32045.7
-32045.7
-32045.8
-32045.8
-32045.1
-32046.3
-32045.6
-32045.2
-32046
-32044.7
-32044.7
-32045.5
-32045.6
-32045.9
-32045.7
-32046
-32045.6
-32045.7
-32045.7
-32045.8
-32046
-32045.5
-32046
-32045.2
-32045.3
-32045.5
-32045.4
-32046.1
-32045.6
-32045.4
-32045.1
-32045.4
-32045.7
-32046
-32046.1
-32046.2
-32046.1
-32045.8
-32045.6
-32045.8
-32045.9
-32045.9
-32045.9
-32045.1
-32045.1
-32045.1
-32045.3
-32046
-32045.6
-32045.3
-32044.8
-32045.3
-32045.5
-32045.4
-32045.9
-32046
-32046.2
-32045.8
-32045.3
-32045.1
-32045.4
-32045.3
-32046.1
-32045.3
-32045.6
-32046.1
-32045.5
-32045.3
-32045.6
-32045.6
-32046
-32045.3
-32045.1
-32045.3
-32045.8
-32045.6
-32045.3
-32045.4
-32045.6
-32045.8
-32045.9
-32046.1
-32045.6
-32045.8
-32045.5
-32045.1
-32045.4
-32045.2
-32045.4
-32045.4
-32045.4
-32045.7
-32045.9
-32046.2
-32046.1
-32045.5
-32045.6
-32045.3
-32045.3
-32045.1
-32044.8
-32045.3
-32044.8
-32045.1
-32044.7
-32045.6
-32045.6
-32046.1
-32046
-32046.2
-32044.9
-32045
-32045.4
-32045.7
-32045.5
-32045.5
-32045.8
-32045.6
-32045.6
-32045.8
-32045.6
-32045.6
-32045.8
-32045.7
-32045.6
-32045.5
-32045.6
-32045.7
-32045.8
-32045.7
-32045.4
-32045.6
-32045.6
-32045.9
-32045.1
-32045.5
-32045.7
-32045.7
-32045.9
-32045.9
-32045.8
-32046.2
-32045.9
-32045.9
-32046.3
-32046.1
-32045.5
-32045.7
-32046.2
-32046.1
-32046
-32044.6
-32045.8
-32045.2
-32045.5
-32045.4
-32045.4
-32045.5
-32045.5
-32045.5
-32045.5
-32044.8
-32045.5
-32045.5
-32046.1
-32045.9
-32046
-32046.1
-32045.8
-32045.9
-32046
-32044.7
-32045.5
-32045.6
-32045.4
-32045.5
-32045.4
-32045.4
-32045.1
-32045.5
-32045.9
-32046.1
-32046.2
-32046
-32046
-32046.1
-32046
-32046
-32045.6
-32045.5
-32045.7
-32045.5
-32045.6
-32045.7
-32045.6
-32045.8
-32045.7
-32045.4
-32045.5
-32045.8
-32046
-32046
-32045.7
-32045.9
-32045.8
-32046
-32045.7
-32045.8
-32046
-32046
-32045
-32045.8
-32045
-32045.9
-32045.7
-32044.9
-32045.8
-32044.7
-32045.7
-32045.8
-32045.8
-32045.2
-32045.9
-32045.3
-32044.9
-32045.1
-32045.7
-32045.3
-32044.6
-32046.1
-32045.3
-32045.5
-32045.7
-32044.9
-32045.5
-32045.3
-32045.3
-32045.4
-32045.4
-32045.4
-32045.3
-32046.3
-32045.7
-32045.9
-32045.8
-32045.7
-32045.9
-32045.9
-32045.4
-32044.7
-32045.6
-32045.3
-32044.9
-32045.7
-32044.4
-32044.9
-32045.5
-32045
-32045.2
-32045.4
-32044.8
-32045.2
-32045.1
-32045.4
-32044.4
-32045.2
-32045.4
-32045.4
-32045.5
-32045.2
-32045.3
-32044.4
-32045.8
-32045.2
-32045.4
-32045.3
-32045.3
-32045.5
-32045.4
-32046.3
-32045.7
-32046
-32045.3
-32045.9
-32046
-32045.5
-32045.3
-32045
-32045.2
-32045.2
-32044.8
-32045.1
-32044.8
-32045.5
-32045
-32045.3
-32045.5
-32045.8
-32045.7
-32046.1
-32045.2
-32044.8
-32045.1
-32045.7
-32046
-32046
-32045.8
-32045.7
-32045.9
-32044.1
-32045.3
-32045.2
-32045.5
-32045.2
-32045.4
-32045.6
-32045.1
-32045.5
-32045.9
-32046.1
-32046
-32045.8
-32045.9
-32046.3
-32046
-32044.9
-32044.6
-32045.1
-32045.2
-32045.5
-32045.3
-32045.5
-32045.5
-32045.4
-32045.1
-32045.4
-32044.4
-32045.3
-32045.6
-32045.4
-32045.7
-32045
-32045.2
-32045.6
-32045.3
-32045.6
-32045.1
-32045.5
-32045.2
-32045.4
-32045.4
-32045.4
-32045.3
-32045.8
-32045.6
-32046
-32045.9
-32046.1
-32046.2
-32045
-32044.7
-32045
-32045
-32045.6
-32045.5
-32045.6
-32045.6
-32045.6
-32045.6
-32045.7
-32045.5
-32045.7
-32045.6
-32044.8
-32045.4
-32045.7
-32045.9
-32045.9
-32045.6
-32045.7
-32045.8
-32045.9
-32045.8
-32045.9
-32046
-32044.7
-32045.3
-32045.6
-32045.2
-32045.4
-32045.2
-32045.4
-32045.4
-32046.1
-32045.6
-32045.9
-32046
-32045.4
-32046
-32045.9
-32045.4
-32045.2
-32045.4
-32045.4
-32045.6
-32045.5
-32046.1
-32046.1
-32045.9
-32046.2
-32045.6
-32045.6
-32045.5
-32044.8
-32045.6
-32045.7
-32045.1
-32045.6
-32045.8
-32045.9
-32045.7
-32046
)
;
    }
}


// ************************************************************************* //
