/*--------------------------------*- C++ -*----------------------------------*\
| =========                 |                                                 |
| \\      /  F ield         | OpenFOAM: The Open Source CFD Toolbox           |
|  \\    /   O peration     | Version:  v1912                                 |
|   \\  /    A nd           | Website:  www.openfoam.com                      |
|    \\/     M anipulation  |                                                 |
\*---------------------------------------------------------------------------*/
FoamFile
{
    version     2.0;
    format      ascii;
    class       volScalarField;
    location    "424/sphere";
    object      ddt0((betavSolid*thermo:rho),h);
}
// * * * * * * * * * * * * * * * * * * * * * * * * * * * * * * * * * * * * * //

dimensions      [1 -1 -3 0 0 0 0];


internalField   nonuniform List<scalar> 
6600
(
-49206.8
-49216
-49215.1
-49235.8
-49209.9
-49209.5
-49215.7
-49276.4
-49289.3
-49252
-49214.8
-49288.9
-49301.6
-49266.2
-49246.8
-49265.6
-49236.1
-49214.8
-49234.9
-49209.9
-49214.9
-49288.5
-49301.6
-49266.2
-49233.1
-49301.3
-49314
-49279
-49215.7
-49208.1
-49265.2
-49278
-49255.7
-49214.2
-49209.3
-49250.7
-49266.2
-49233.6
-49208.6
-49265.1
-49278.4
-49255.5
-49232.1
-49255.1
-49221.3
-49214.5
-49214.6
-49214.5
-49213.7
-49214.6
-49207.3
-49235.8
-49216.8
-49266
-49252.5
-49278.6
-49266.8
-49252.4
-49278.4
-49266.1
-49216
-49207.3
-49235.7
-49216.5
-49266.3
-49265.8
-49252.3
-49235.7
-49216.3
-49216.3
-49207.5
-49213.5
-49213.5
-49213.2
-49212.6
-49210.2
-49212.7
-49213.4
-49210.4
-49212.6
-49213.2
-49210.3
-49213.7
-49218.8
-49209.4
-49209.2
-49232.6
-49255
-49209.3
-49209.5
-49255.2
-49233.7
-49221.5
-49208.9
-49232.4
-49208.6
-49254.8
-49215.4
-49215.1
-49234.6
-49251.6
-49265.8
-49265.4
-49277.9
-49213.6
-49223.8
-49221
-49242.5
-49236.2
-49231.3
-49245.3
-49209.8
-49233.6
-49255.7
-49209.9
-49208.9
-49208.7
-49254.8
-49232.6
-49234.5
-49206.6
-49215.9
-49265.6
-49277.7
-49251.6
-49265.6
-49216.8
-49216.5
-49207.4
-49278.4
-49266.7
-49266.1
-49252.7
-49255.7
-49209.9
-49233.9
-49218.7
-49209.2
-49232.3
-49255
-49209.3
-49255.2
-49233.7
-49209.5
-49221.4
-49213.6
-49214.2
-49232.1
-49208.8
-49208.5
-49254.5
-49215.3
-49246.9
-49265.3
-49215
-49234.1
-49265.4
-49277.4
-49207.4
-49265.9
-49252.4
-49234.9
-49216.3
-49277.9
-49266.2
-49236.1
-49209.6
-49255.5
-49209.6
-49212.7
-49246.8
-49214.9
-49264.8
-49214.7
-49265
-49233.1
-49276.7
-49207.5
-49266.4
-49216.9
-49266.1
-49216.6
-49278.9
-49237.1
-49215.7
-49212.7
-49264.9
-49246.8
-49233.1
-49277.2
-49214.8
-49265.5
-49216.5
-49252.5
-49207.8
-49278.8
-49237.2
-49266.5
-49216.7
-49215.7
-49232.2
-49208.1
-49254.7
-49208.7
-49265.4
-49215.4
-49265.1
-49277.4
-49214.8
-49234.1
-49252.3
-49215.7
-49207.4
-49278
-49266.3
-49234.9
-49216.6
-49255.6
-49209.9
-49209.6
-49213.6
-49214.2
-49213.7
-49214.2
-49208.6
-49208.1
-49254.5
-49232
-49234.2
-49265
-49277.4
-49215.5
-49246.7
-49265.6
-49216.3
-49277.9
-49266.1
-49215.6
-49207.3
-49266
-49252.3
-49255.6
-49209.7
-49235.9
-49212.7
-49264.9
-49233.1
-49276.8
-49246.6
-49214.7
-49265.3
-49216.8
-49278.9
-49237.2
-49252.2
-49207.6
-49266.3
-49216.7
-49215.7
-49212.6
-49277.1
-49214.8
-49264.9
-49214.6
-49265.6
-49246.8
-49237.2
-49266.8
-49216.8
-49266.4
-49216.8
-49252.5
-49207.8
-49254.6
-49208.8
-49232.1
-49277.3
-49214.8
-49234.1
-49246.6
-49265.3
-49215.4
-49266.4
-49234.9
-49216.5
-49265.7
-49252.3
-49215.8
-49207.3
-49209.9
-49209.6
-49236.2
-49213.6
-49218.5
-49209
-49232
-49255
-49208.8
-49255.1
-49233.7
-49209.5
-49221.4
-49232.4
-49208.5
-49254.5
-49208.9
-49265.5
-49264.8
-49277.5
-49206.6
-49215.7
-49215.1
-49234.4
-49255.5
-49209.6
-49209.9
-49254.5
-49232
-49208.8
-49277.6
-49251
-49265.4
-49215.3
-49234.3
-49206.6
-49215.7
-49209.9
-49233.4
-49209.7
-49218.5
-49254.9
-49209.1
-49209.2
-49233.5
-49209.5
-49209.4
-49208.2
-49206.2
-49205.8
-49207.8
-49206.5
-49209.2
-49206.7
-49208.8
-49206.7
-49208.8
-49206.7
-49208.4
-49206.4
-49205.4
-49205.8
-49210.6
-49210.2
-49207
-49213.2
-49212.5
-49210
-49209
-49206.5
-49208.2
-49206.4
-49210.5
-49210.3
-49216.6
-49236.5
-49217.2
-49225.4
-49225.4
-49213.6
-49224.9
-49221.3
-49242.8
-49237
-49231.3
-49246.3
-49213.3
-49223.7
-49220.8
-49242.3
-49236.2
-49231.2
-49245.3
-49210.4
-49210.4
-49216.5
-49236.3
-49216.8
-49225.3
-49225.2
-49213.8
-49224.5
-49221.3
-49242.6
-49236.7
-49231.4
-49245.9
-49224.3
-49213.7
-49221.1
-49242.5
-49236.5
-49245.8
-49231.5
-49224
-49213.5
-49221
-49242.3
-49236.2
-49245.3
-49231.3
-49210.5
-49210.4
-49216.4
-49236.4
-49217.1
-49225.6
-49225.5
-49206.6
-49205.5
-49210.6
-49210.1
-49206.7
-49210.5
-49209.9
-49206.6
-49206.4
-49209.7
-49209.6
-49215.3
-49235.1
-49216.2
-49224.8
-49224.6
-49209.5
-49214.6
-49207.7
-49221.4
-49240.8
-49212.5
-49235.2
-49218.6
-49244
-49230.2
-49207.8
-49224.2
-49210.4
-49211.9
-49220.4
-49207.2
-49209
-49214
-49207.5
-49210.4
-49223.5
-49220.2
-49211.5
-49231.4
-49208.4
-49214.5
-49208.2
-49222.5
-49213.2
-49222.9
-49241.7
-49213.3
-49235.6
-49222
-49231.2
-49219.5
-49244.5
-49207.9
-49209.5
-49214.7
-49231.3
-49214.1
-49207.8
-49208.1
-49222.1
-49222.5
-49213
-49239.7
-49234.7
-49211.7
-49221.2
-49229.4
-49243.5
-49217.7
-49209.1
-49206.9
-49206.9
-49208
-49213.2
-49216.6
-49221.4
-49220.9
-49246
-49210.8
-49230.7
-49230
-49206.6
-49239.7
-49221.4
-49234.7
-49211.8
-49243.5
-49217.9
-49229.3
-49247.8
-49232.1
-49254
-49229.2
-49251.2
-49225.9
-49250.6
-49210.7
-49224
-49207.3
-49211.9
-49220.6
-49239.7
-49234.7
-49221.2
-49211.9
-49243.5
-49229.3
-49217.8
-49209.5
-49207.2
-49245.9
-49252.4
-49227.7
-49227.5
-49249.3
-49249.1
-49222.8
-49213.9
-49213.8
-49210.9
-49209.8
-49222.7
-49206.4
-49210.9
-49219.2
-49205.5
-49212.7
-49210.9
-49208.6
-49207
-49208.2
-49213.4
-49210.3
-49207.5
-49223.2
-49219.9
-49211.2
-49206.9
-49208.3
-49213.5
-49245.6
-49219.7
-49230.4
-49216.3
-49219.6
-49229.8
-49209.6
-49209.6
-49222.5
-49206.9
-49219.6
-49210.7
-49215.6
-49244.9
-49218.4
-49218.3
-49229.2
-49229.1
-49208.9
-49210.2
-49211.5
-49211.5
-49207.7
-49205.6
-49210.2
-49210.5
-49206.6
-49206
-49209.6
-49209.4
-49209.3
-49207.4
-49208.8
-49214.2
-49207.4
-49223.2
-49210.1
-49211.2
-49219.9
-49207.1
-49208.5
-49213.4
-49209.9
-49206.8
-49223.1
-49211.3
-49219.3
-49215.7
-49219
-49218.2
-49245.1
-49209.1
-49229.7
-49228.6
-49207.2
-49223.4
-49220.2
-49210.2
-49211.3
-49209.5
-49214.5
-49207.8
-49210.2
-49207.6
-49223.4
-49211.4
-49220.2
-49207.7
-49209.5
-49214.5
-49219.7
-49245.6
-49230.2
-49216.4
-49219.7
-49209.7
-49229.9
-49210.4
-49211.4
-49211.3
-49207.6
-49207.2
-49208.8
-49214.1
-49206.9
-49209.9
-49223.3
-49219.9
-49211.2
-49207
-49208.2
-49213
-49215.6
-49218.7
-49218
-49245
-49208.9
-49229.6
-49228.5
-49209.9
-49206.4
-49223
-49211.2
-49219.3
-49222
-49212.7
-49235.5
-49218.9
-49244.5
-49241.1
-49230.5
-49212.5
-49221.4
-49218.6
-49240.9
-49235.2
-49230.4
-49244
-49207.5
-49224.1
-49220.3
-49210.4
-49211.9
-49219.7
-49245.5
-49230
-49216.2
-49219.4
-49209.7
-49229.9
-49207.9
-49209.6
-49214.7
-49210.5
-49208
-49223.9
-49211.7
-49220.5
-49209.8
-49206.7
-49223.2
-49211.2
-49219.8
-49207
-49209
-49213.9
-49209.8
-49222.8
-49206.4
-49211
-49219
-49206.8
-49208
-49213
-49215.4
-49219
-49244.9
-49218.1
-49229.5
-49209
-49228.5
-49228.5
-49228.9
-49253.9
-49246.9
-49223.8
-49250.2
-49250.5
-49235
-49209.7
-49209.7
-49216.2
-49215.4
-49224.3
-49224.7
-49222.4
-49241
-49213
-49235.8
-49218.9
-49244.7
-49230.5
-49224.7
-49213.9
-49237.1
-49221.2
-49246.2
-49242.8
-49231.9
-49224.3
-49213.8
-49221.3
-49242.6
-49236.5
-49245.6
-49231.5
-49210.5
-49210.3
-49216.6
-49236.6
-49217
-49225.8
-49225.5
-49207.9
-49209.5
-49214.8
-49210.5
-49223.9
-49207.6
-49211.7
-49220.4
-49216.5
-49219.8
-49245.8
-49219.9
-49230.5
-49209.6
-49230
-49207.9
-49209.6
-49214.6
-49210
-49209.6
-49209.4
-49210.1
-49206.9
-49223.3
-49219.9
-49211.4
-49215.5
-49219
-49244.8
-49218.1
-49229.3
-49208.6
-49228.5
-49207.2
-49208.3
-49213.3
-49210.1
-49223.2
-49207.2
-49211.4
-49219.6
-49207.8
-49209.5
-49214.6
-49216.2
-49219.7
-49245.6
-49219.6
-49230.3
-49209.4
-49229.7
-49210.5
-49223.5
-49207.4
-49211.5
-49220.4
-49207.7
-49209.4
-49214.4
-49210.3
-49211.6
-49211.5
-49207.7
-49206
-49205.8
-49210.3
-49209.9
-49206.5
-49206.8
-49211
-49212.8
-49208.9
-49208.6
-49206.4
-49207
-49208.4
-49213.6
-49206.9
-49208.2
-49213.2
-49215.3
-49218.4
-49218.1
-49244.6
-49208.8
-49229.1
-49228.4
-49209.7
-49206.9
-49222.7
-49219.5
-49210.8
-49209.7
-49206.5
-49222.5
-49219.1
-49210.8
-49239.8
-49212.3
-49235.1
-49221.6
-49229.6
-49218.1
-49243.9
-49240
-49212.4
-49221.2
-49235
-49218
-49230.3
-49243.6
-49246.2
-49228.3
-49228
-49253.4
-49223.2
-49250
-49249.6
-49235.9
-49210.2
-49217.1
-49210.3
-49225.3
-49215.9
-49225.3
-49247.9
-49229.2
-49232.1
-49254
-49225.8
-49250.6
-49251.2
-49242
-49213.4
-49223.9
-49236.5
-49220.3
-49231.4
-49245.5
-49216.7
-49221.1
-49221
-49246.1
-49210.7
-49230.4
-49230.4
-49207.9
-49209.7
-49214.8
-49210.4
-49207.5
-49223.7
-49220.3
-49211.5
-49210.5
-49207.6
-49223.7
-49220.3
-49211.6
-49205
-49205.4
-49209.6
-49209.6
-49206.1
-49239.5
-49211.9
-49234.8
-49221
-49229.4
-49217.8
-49243.3
-49239.7
-49211.8
-49234.6
-49221
-49229.6
-49217.7
-49243.4
-49245.9
-49227.5
-49227.7
-49252.5
-49222.9
-49249.2
-49249.3
-49236.6
-49217.2
-49210.6
-49210.5
-49225.7
-49225.7
-49216.6
-49243.1
-49214
-49237
-49225.1
-49231.8
-49221.6
-49246.5
-49242.8
-49213.7
-49236.8
-49224.8
-49231.6
-49221.2
-49246.2
-49249.2
-49233.6
-49233.6
-49256.1
-49228.2
-49252.6
-49252.5
-49209.3
-49206.8
-49209.4
-49206.6
-49213.7
-49213.8
-49210.6
-49205.5
-49209.8
-49209.6
-49206.6
-49205.1
-49231.6
-49207.9
-49214.2
-49208
-49222.2
-49212.8
-49222.6
-49246.1
-49227.9
-49252.5
-49227.6
-49249.4
-49223.2
-49249.3
-49239.8
-49212
-49221.3
-49234.8
-49217.7
-49229.8
-49243.5
-49242.9
-49236.8
-49213.8
-49224.7
-49231.6
-49246.2
-49221.4
-49236.8
-49210.8
-49217.4
-49210.6
-49225.6
-49216.8
-49225.7
-49249.1
-49233.6
-49256.1
-49233.7
-49252.5
-49228.4
-49252.6
-49242.9
-49213.7
-49224.9
-49236.8
-49221.4
-49231.6
-49246.3
-49213.8
-49213.9
-49210.8
-49209.2
-49206.8
-49215.4
-49218
-49218.7
-49244.7
-49208.8
-49228.4
-49229
-49207
-49208.4
-49213.4
-49209.9
-49206.4
-49222.8
-49219.5
-49211.1
-49209.8
-49206.7
-49222.8
-49219.3
-49211
-49231.4
-49214.2
-49208.2
-49208
-49222.6
-49222.5
-49213.1
-49240.1
-49235.3
-49212.3
-49221.9
-49229.9
-49244.1
-49218.2
-49239.7
-49212.1
-49234.8
-49221
-49229.7
-49217.9
-49243.4
-49246.4
-49228.8
-49253.3
-49228.1
-49250.2
-49223.8
-49249.6
-49241.5
-49235.6
-49213.1
-49222.3
-49230.7
-49244.6
-49219.5
-49235.7
-49217.1
-49209.9
-49210.3
-49224.9
-49225.3
-49215.8
-49247.9
-49229.3
-49254
-49232.1
-49250.7
-49225.8
-49251.2
-49242.1
-49213.5
-49236.7
-49224.3
-49231.2
-49220.5
-49245.7
-49207.9
-49209.8
-49214.8
-49207.7
-49209.5
-49214.5
-49210.4
-49207.7
-49223.7
-49220.2
-49211.5
-49210.6
-49207.2
-49223.9
-49220.3
-49211.7
-49206.6
-49205.9
-49210.6
-49210.1
-49207.3
-49211
-49212.8
-49209.1
-49208.6
-49206.4
-49205.7
-49210.1
-49210.5
-49207.3
-49206.1
-49212.8
-49211
-49208.9
-49208.4
-49206.2
-49206.2
-49209.7
-49222.6
-49206.6
-49210.8
-49219.1
-49209.5
-49222.6
-49205.9
-49210.8
-49219.1
-49206.8
-49208.2
-49213.1
-49206.9
-49208.4
-49213.3
-49215.3
-49244.6
-49217.9
-49218.4
-49228.4
-49228.9
-49208.7
-49246.4
-49228.3
-49253.4
-49228.6
-49249.8
-49223.7
-49250.1
-49231.3
-49207.9
-49208.3
-49214.1
-49213
-49222.3
-49222.6
-49240.1
-49221.8
-49212.4
-49235.3
-49218.3
-49244.1
-49230
-49241.9
-49223.9
-49236.5
-49213.2
-49245.4
-49220.2
-49231.1
-49241.6
-49222.2
-49213.2
-49235.5
-49219.3
-49244.6
-49230.8
-49235.7
-49210.2
-49209.9
-49216.8
-49215.6
-49225.2
-49225
-49210.6
-49223.8
-49208
-49211.7
-49220.4
-49207.7
-49209.5
-49214.6
-49216.5
-49245.9
-49221.2
-49220.7
-49230.5
-49229.9
-49210.7
-49207.6
-49209.5
-49214.6
-49205.6
-49209.6
-49209.6
-49206.6
-49205.2
-49246
-49227.8
-49252.5
-49227.6
-49249.4
-49223.2
-49249.2
-49231.2
-49207.7
-49214.2
-49208
-49222.3
-49212.8
-49222.6
-49239.8
-49220.8
-49212
-49234.7
-49217.8
-49243.3
-49229.9
-49242.9
-49236.9
-49225
-49213.9
-49246.3
-49231.7
-49221.6
-49249.2
-49233.7
-49256.1
-49233.7
-49252.6
-49228.5
-49252.5
-49236.6
-49210.7
-49217
-49210.5
-49225.8
-49216.8
-49225.5
-49242.8
-49224.9
-49213.8
-49236.8
-49221.5
-49246.3
-49231.6
-49213.9
-49213.8
-49210.9
-49209.2
-49207
-49209.5
-49209.4
-49206.2
-49205.1
-49205.1
-49239.6
-49221
-49234.8
-49211.9
-49243.4
-49217.7
-49229.5
-49239.8
-49220.8
-49234.7
-49212.2
-49243.2
-49217.7
-49230.3
-49231.1
-49207.5
-49208.2
-49214.2
-49212.8
-49222.2
-49222.8
-49249.2
-49256.1
-49233.7
-49233.7
-49252.6
-49252.6
-49228.5
-49243
-49225
-49236.9
-49213.9
-49246.4
-49221.5
-49231.5
-49242.9
-49225
-49237
-49213.9
-49246.4
-49221.6
-49231.6
-49236.7
-49210.6
-49210.7
-49217.3
-49216.7
-49225.7
-49225.7
-49209.3
-49207
-49209.3
-49206.9
-49209.6
-49222.8
-49207
-49210.9
-49219.6
-49206.6
-49208
-49213
-49215.4
-49244.7
-49218.1
-49218.5
-49228.4
-49229
-49208.6
-49207.1
-49208.3
-49213.4
-49240.1
-49234.8
-49220.9
-49212.3
-49243.4
-49230.1
-49218
-49246.3
-49253.3
-49228.2
-49228.5
-49249.6
-49250
-49223.5
-49231.6
-49208.4
-49214.2
-49208.1
-49222.9
-49213.3
-49222.3
-49239.9
-49221.7
-49235.2
-49212.1
-49244
-49218.1
-49229.5
-49247.7
-49253.9
-49232
-49229.1
-49251.1
-49250.5
-49225.5
-49242.1
-49236.6
-49224.1
-49213.4
-49245.6
-49231.4
-49220.4
-49241.6
-49222.2
-49235.6
-49213.4
-49244.5
-49219.4
-49230.8
-49235.8
-49210.3
-49216.9
-49210.1
-49225.4
-49216
-49224.9
-49210.6
-49223.8
-49207.7
-49211.6
-49220.2
-49210.5
-49223.8
-49207.5
-49211.6
-49220.4
-49216.8
-49246.2
-49221.4
-49220.8
-49230.9
-49230
-49210.8
-49208.1
-49209.7
-49214.8
-49207.7
-49209.4
-49214.5
-49210.1
-49210.6
-49206.8
-49206.1
-49208.5
-49206.1
-49206.4
-49209.1
-49209.3
-49209.6
-49210.1
-49207.1
-49223.2
-49219.7
-49211.4
-49215.4
-49218.4
-49244.7
-49218.3
-49229
-49208.7
-49228.9
-49207.2
-49208.8
-49213.8
-49223.3
-49206.3
-49210.1
-49211.4
-49219.8
-49207.8
-49209.5
-49214.5
-49245.5
-49219.5
-49229.6
-49216.2
-49219.8
-49230.3
-49209.6
-49207.6
-49223.5
-49220.2
-49210.2
-49211.4
-49209
-49214.3
-49207.6
-49210.2
-49211.4
-49211.5
-49207.7
-49215.4
-49218.5
-49244.8
-49218.5
-49229.1
-49208.7
-49228.8
-49209.6
-49206.7
-49222.7
-49219.4
-49210.8
-49206.9
-49208.6
-49213.6
-49206.9
-49209.7
-49222.8
-49219.5
-49210.9
-49209.5
-49209.3
-49215
-49234.7
-49216
-49224.3
-49224.2
-49222.3
-49235.7
-49212.9
-49244.7
-49218.9
-49241
-49230.4
-49212.4
-49221.6
-49218.5
-49240.7
-49235
-49230.1
-49243.9
-49207.5
-49209.3
-49214.6
-49210.3
-49207.6
-49223.8
-49220.4
-49211.7
-49209.4
-49214.5
-49207.7
-49207.6
-49223.8
-49220.4
-49210.5
-49211.8
-49206.8
-49208.2
-49213.6
-49215.2
-49244.6
-49218.4
-49218.3
-49228.9
-49228.8
-49208.7
-49207
-49209.6
-49222.8
-49210.8
-49219.4
-49207.1
-49208.6
-49213.7
-49221.5
-49212.7
-49218.7
-49240.7
-49235.1
-49243.9
-49230.1
-49209.5
-49209.7
-49215.1
-49234.8
-49216.3
-49224.3
-49224.5
-49222.2
-49235.6
-49212.6
-49244.5
-49218.6
-49240.8
-49230.3
-49210.7
-49224.1
-49207.8
-49220.6
-49211.8
-49245.5
-49219.4
-49230
-49216.4
-49219.5
-49230
-49209.7
-49208
-49209.8
-49214.7
-49207.9
-49223.6
-49220.2
-49210.3
-49211.5
-49209.3
-49214.6
-49207.8
-49209.3
-49209
-49209.6
-49207.4
-49208.3
-49213.3
-49210
-49223
-49206.5
-49219.3
-49211.3
-49207.4
-49209
-49214
-49223.1
-49206.9
-49209.9
-49219.6
-49211.2
-49245.5
-49219.5
-49230.2
-49216.3
-49219.6
-49229.7
-49209.7
-49210.3
-49223.2
-49207.4
-49219.9
-49211.4
-49207.7
-49209.4
-49214.3
-49207.4
-49223.3
-49220
-49210.3
-49211.4
-49209.4
-49214.5
-49207.7
-49233
-49232.1
-49254.8
-49227.6
-49252
-49248.6
-49251.4
-49289.3
-49288.7
-49301.4
-49288.6
-49301
-49300.7
-49313.2
-49276.6
-49302
-49289.9
-49301.4
-49289.2
-49313.8
-49301.9
-49301.1
-49276.3
-49288.8
-49301.3
-49313.2
-49289.1
-49301.1
-49289.6
-49289.2
-49277
-49313.8
-49301.9
-49301.7
-49289.8
-49251.5
-49256.9
-49230.5
-49257.1
-49242
-49265.8
-49242.2
-49301
-49300.7
-49313.1
-49276.2
-49289.1
-49288.6
-49301
-49289.4
-49313.8
-49301.9
-49289.7
-49276.9
-49301.9
-49289.5
-49313.2
-49288.9
-49300.9
-49289.2
-49301.3
-49276.5
-49288.8
-49302.1
-49301.7
-49290
-49302
-49289.8
-49289.3
-49277
-49222.3
-49241.6
-49241.6
-49252.5
-49224.5
-49238.3
-49238.1
-49252.1
-49241.4
-49238
-49222.2
-49241.7
-49238.1
-49224.6
-49251.8
-49241.2
-49237.8
-49222
-49241.1
-49237.6
-49224.4
-49232.3
-49233.2
-49228
-49248.8
-49254.8
-49251.4
-49252.1
-49232.2
-49233
-49227.8
-49248.5
-49254.7
-49251.3
-49251.8
-49232.9
-49232.2
-49227.8
-49248.5
-49254.7
-49251.8
-49251.3
-49241
-49221.6
-49241
-49251.5
-49224.1
-49237.6
-49237
-49241.2
-49252
-49237.9
-49221.9
-49241.2
-49224.2
-49237.8
-49221.5
-49241
-49251.4
-49240.8
-49237.6
-49223.9
-49236.9
-49229.1
-49228.6
-49253.9
-49224.1
-49250.6
-49247.2
-49250.3
-49241.7
-49252.2
-49238
-49222.1
-49241.7
-49224.7
-49238
-49221.3
-49241
-49240.7
-49251.3
-49223.9
-49237.4
-49236.8
-49241.8
-49222.3
-49241.7
-49252.3
-49224.7
-49238.2
-49238.1
-49221.6
-49241.1
-49251.5
-49241.1
-49237.5
-49224.2
-49237.2
-49222.1
-49241.2
-49252
-49241.3
-49238
-49224.4
-49237.8
-49221.2
-49251.1
-49240.6
-49240.5
-49237.1
-49236.7
-49223.6
-49251.6
-49230.8
-49256.9
-49257.3
-49242.1
-49242.5
-49266
-49222.2
-49252.3
-49241.6
-49241.5
-49238.2
-49238.2
-49224.5
-49251.4
-49230.6
-49256.9
-49256.9
-49241.9
-49242.1
-49265.8
-49251.6
-49256.9
-49230.5
-49256.9
-49242
-49265.8
-49242.2
-49221.4
-49251.3
-49240.8
-49240.8
-49237.1
-49237.1
-49223.9
-49222.1
-49252.4
-49241.5
-49241.6
-49238.2
-49238
-49224.5
-49221.1
-49240.6
-49240.5
-49251.1
-49223.5
-49236.7
-49236.9
-49251.4
-49256.6
-49230.4
-49257.2
-49241.8
-49265.8
-49242.3
-49222.3
-49241.8
-49241.5
-49252.3
-49224.7
-49238.4
-49238
-49251.3
-49256.9
-49230.3
-49257
-49242
-49265.7
-49242.2
-49251.5
-49256.9
-49257.2
-49230.7
-49265.9
-49241.9
-49242.5
-49221.3
-49240.7
-49240.7
-49251.1
-49223.8
-49236.9
-49237.1
-49251.5
-49257
-49257.1
-49230.4
-49265.8
-49242.2
-49242.2
-49241.1
-49221.6
-49241
-49251.5
-49237.3
-49224.2
-49237.3
-49251.9
-49241.2
-49237.7
-49221.9
-49241.1
-49237.8
-49224.2
-49221.3
-49251.2
-49240.6
-49240.6
-49237.2
-49237
-49223.6
-49229.1
-49253.8
-49228.4
-49250.6
-49223.9
-49247
-49250
-49252.1
-49241.5
-49238.1
-49222.4
-49241.6
-49238
-49224.7
-49221.1
-49240.5
-49251.1
-49240.5
-49237.1
-49223.6
-49236.9
-49229
-49253.7
-49228.1
-49250.4
-49223.6
-49246.7
-49249.9
-49241
-49221.5
-49251.4
-49240.9
-49237.2
-49237.2
-49224.1
-49183.8
-49149.5
-49120.5
-49184.6
-49150.1
-49120.9
-49184.7
-49150.1
-49121
-49185.7
-49151.2
-49121.7
-49185.3
-49150.8
-49121.3
-49184.9
-49150.6
-49121.5
-49185.7
-49151.3
-49121.9
-49185
-49150.7
-49121.4
-49185.3
-49150.8
-49121.5
-49185.9
-49151.5
-49122.1
-49185.5
-49151
-49121.4
-49184.8
-49150.4
-49121
-49185.1
-49150.8
-49121.5
-49186.1
-49151.6
-49122.1
-49185.5
-49151
-49121.4
-49185.8
-49151.4
-49122.1
-49182.9
-49148.7
-49119.6
-49183.3
-49149
-49119.9
-49185.2
-49150.7
-49121.3
-49185
-49150.7
-49121.4
-49185
-49150.5
-49121.3
-49184.2
-49149.8
-49120.5
-49184.5
-49150
-49120.7
-49184.9
-49150.4
-49121
-49185
-49150.5
-49121.1
-49184.9
-49150.4
-49121
-49184.6
-49150.2
-49120.8
-49185
-49150.5
-49121.1
-49184.7
-49150.2
-49121.1
-49185.2
-49150.7
-49121.4
-49184.9
-49150.4
-49121.3
-49185
-49150.4
-49121.3
-49185.1
-49150.5
-49121.3
-49184.5
-49150
-49120.6
-49184.5
-49150
-49120.6
-49185
-49150.5
-49121.1
-49184.4
-49150
-49120.6
-49184.8
-49150.3
-49120.8
-49185
-49150.6
-49121.2
-49184.5
-49150.1
-49120.7
-49185
-49150.5
-49121.1
-49184.7
-49150.2
-49120.8
-49185.3
-49150.8
-49121.4
-49185.1
-49150.6
-49121.3
-49184.8
-49150.4
-49121.2
-49185.5
-49151
-49121.7
-49184.3
-49149.9
-49120.7
-49184.5
-49150
-49120.8
-49186.1
-49151.7
-49122.1
-49185.7
-49151.3
-49122
-49185.4
-49151.1
-49121.9
-49185.7
-49151.3
-49122
-49184.6
-49150.1
-49120.8
-49184.8
-49150.3
-49120.9
-49185
-49150.4
-49121.3
-49184.6
-49150.1
-49121
-49185.3
-49151
-49121.7
-49185.7
-49151.2
-49121.9
-49184.7
-49150.3
-49121.1
-49184.8
-49150.5
-49121.3
-49185.3
-49150.8
-49121.5
-49185
-49150.7
-49121.4
-49185.4
-49150.9
-49121.6
-49184.8
-49150.4
-49121
-49185.1
-49150.7
-49121.3
-49184.8
-49150.3
-49121
-49184.2
-49149.8
-49120.4
-49185.3
-49150.8
-49121.6
-49185
-49150.8
-49121.6
-49185.1
-49150.7
-49121.6
-49184
-49149.5
-49120.1
-49186.7
-49152.2
-49122.6
-49186.4
-49151.9
-49122.4
-49185.8
-49151.4
-49122.1
-49183.9
-49149.4
-49120
-49185.2
-49150.7
-49121.7
-49185.6
-49151
-49121.9
-49186.3
-49151.8
-49122.4
-49185.8
-49151.4
-49122.1
-49183.4
-49149
-49120
-49184.1
-49149.7
-49120.5
-49184.5
-49150
-49120.8
-49185.7
-49151.4
-49121.9
-49185.2
-49150.7
-49121.2
-49185.2
-49150.6
-49121.5
-49184.5
-49150
-49121
-49186.5
-49152
-49122.4
-49185.6
-49151.2
-49121.9
-49185.5
-49151
-49121.8
-49184.7
-49150.5
-49121.3
-49185.3
-49150.8
-49121.6
-49184.9
-49150.5
-49121.1
-49185.1
-49150.7
-49121.3
-49184.9
-49150.5
-49121.1
-49185.1
-49150.7
-49121.3
-49184.6
-49150.1
-49120.8
-49183.6
-49149.2
-49120
-49185.3
-49150.7
-49121.5
-49185
-49150.5
-49121.3
-49185.2
-49150.9
-49121.7
-49185.3
-49150.9
-49121.8
-49184
-49149.5
-49120.1
-49184.6
-49150.2
-49121.2
-49185.4
-49150.8
-49121.6
-49186.3
-49151.8
-49122.3
-49185.8
-49151.4
-49122
-49183.7
-49149.3
-49119.9
-49186.7
-49152.2
-49122.7
-49186.6
-49152.1
-49122.6
-49184.9
-49150.5
-49121.5
-49185.5
-49150.9
-49121.8
-49185.8
-49151.3
-49122
-49184.4
-49150
-49120.7
-49184.7
-49150.2
-49120.9
-49185.7
-49151.4
-49121.8
-49186.3
-49151.7
-49122.1
-49186.3
-49151.9
-49122.4
-49185.1
-49150.5
-49121.4
-49184.4
-49150
-49121.1
-49185
-49150.5
-49121.3
-49185.7
-49151.2
-49122
-49185.3
-49150.8
-49121.6
-49185
-49150.6
-49121.1
-49184.8
-49150.3
-49121.2
-49183.6
-49149.3
-49120.3
-49184.4
-49150
-49120.8
-49184.7
-49150.4
-49121.1
-49185.5
-49151
-49121.6
-49184.2
-49149.8
-49120.6
-49184.2
-49149.9
-49120.7
-49184.9
-49150.4
-49121
-49184.9
-49150.6
-49121.4
-49185.1
-49150.7
-49121.6
-49185.5
-49151.2
-49121.9
-49185.8
-49151.3
-49122
-49184.2
-49149.9
-49120.8
-49184.7
-49150.2
-49121
-49184.5
-49149.9
-49120.8
-49185.9
-49151.4
-49122
-49185.2
-49150.8
-49121.7
-49184.7
-49150.4
-49121.1
-49184.8
-49150.4
-49121.1
-49184.7
-49150.4
-49121.2
-49185.1
-49150.6
-49121.3
-49185.5
-49151
-49121.6
-49185.3
-49150.8
-49121.5
-49183.8
-49149.5
-49120.3
-49184.2
-49149.8
-49120.7
-49184.7
-49150.2
-49120.8
-49182.3
-49148.1
-49119.3
-49183.1
-49148.8
-49119.7
-49184.5
-49150.1
-49121.1
-49184.6
-49150.3
-49121
-49184.3
-49150
-49120.7
-49184.6
-49150.3
-49121
-49185
-49150.5
-49121.3
-49183.5
-49149.2
-49120.1
-49184.6
-49150.2
-49121
-49182
-49147.9
-49119.1
-49183.8
-49149.4
-49120.3
-49183.3
-49149
-49120
-49184.2
-49149.8
-49120.7
-49184.1
-49149.9
-49120.5
-49184.2
-49149.9
-49120.4
-49184.8
-49150.4
-49121
-49184.3
-49149.9
-49120.4
-49184.1
-49149.9
-49120.7
-49184.3
-49149.8
-49120.6
-49183
-49148.8
-49119.8
-49184.2
-49149.6
-49120.5
-49185.8
-49151.2
-49121.8
-49185.8
-49151.2
-49121.8
-49186.1
-49151.4
-49122
-49185.5
-49151
-49121.7
-49185.9
-49151.4
-49122
-49185.7
-49151.1
-49121.8
-49183.2
-49149
-49120.1
-49185.2
-49150.8
-49121.4
-49184.2
-49149.9
-49120.6
-49182.1
-49148
-49119.1
-49183.9
-49149.7
-49120.3
-49183.6
-49149.4
-49120
-49184
-49149.8
-49120.4
-49183.7
-49149.4
-49120
-49184.6
-49150.2
-49121
-49182.9
-49148.7
-49119.8
-49184.2
-49149.8
-49120.7
-49185.7
-49151.1
-49121.7
-49185.8
-49151.2
-49121.7
-49185.6
-49151.1
-49121.9
-49186.5
-49151.9
-49122.4
-49185.4
-49150.9
-49121.7
-49185.5
-49150.9
-49121.8
-49184.9
-49150.5
-49121.5
-49185.5
-49151.2
-49121.7
-49186.4
-49151.9
-49122.4
-49185
-49150.5
-49121.5
-49184.8
-49150.4
-49121.4
-49186
-49151.3
-49122
-49185.4
-49151.1
-49121.8
-49185.6
-49151.2
-49121.9
-49186.1
-49151.7
-49122.4
-49184.8
-49150.2
-49121.1
-49184.7
-49150.1
-49121
-49184.5
-49150
-49120.9
-49185.3
-49150.6
-49121.3
-49185.9
-49151.2
-49121.8
-49184.6
-49150.2
-49121.1
-49184.6
-49150.2
-49121.2
-49185.3
-49150.7
-49121.5
-49185.3
-49151
-49121.7
-49185.6
-49151.1
-49121.8
-49185.8
-49151.4
-49122
-49185.5
-49151
-49121.7
-49185.3
-49150.9
-49121.7
-49184.6
-49150.2
-49121.2
-49185.6
-49151.1
-49121.8
-49186
-49151.6
-49122.2
-49186.1
-49151.8
-49122.4
-49187.3
-49152.8
-49123.1
-49185.5
-49150.9
-49121.7
-49185.5
-49151
-49121.8
-49185.1
-49150.6
-49121.5
-49186
-49151.4
-49122.1
-49186.3
-49151.5
-49122.2
-49184.4
-49149.9
-49120.8
-49184.6
-49150.2
-49121.1
-49185.3
-49150.7
-49121.4
-49184.9
-49150.4
-49121.4
-49185.9
-49151.5
-49122
-49184.8
-49150.4
-49121.1
-49185.7
-49151.2
-49121.7
-49184.7
-49150.4
-49121.1
-49185
-49150.6
-49121.5
-49184.3
-49149.8
-49120.8
-49184.4
-49149.9
-49120.8
-49184.1
-49149.6
-49120.6
-49184.9
-49150.3
-49121.2
-49184.9
-49150.4
-49121.3
-49186.1
-49151.7
-49122.3
-49186
-49151.5
-49122.2
-49185.4
-49150.9
-49121.5
-49183.8
-49149.5
-49120.4
-49185.1
-49150.7
-49121.3
-49186.3
-49151.8
-49122.2
-49186
-49151.6
-49122.1
-49185.5
-49151
-49121.8
-49184.7
-49150.3
-49121.1
-49183.8
-49149.5
-49120.5
-49184.1
-49149.7
-49120.7
-49185.9
-49151.5
-49122.2
-49185.3
-49150.9
-49121.4
-49186.1
-49151.6
-49122
-49184.9
-49150.6
-49121.4
-49185
-49150.5
-49121.6
-49185.6
-49151.2
-49121.7
-49185.5
-49151.1
-49121.7
-49185.1
-49150.7
-49121.2
-49185.1
-49150.5
-49121.2
-49183.5
-49149.1
-49120
-49183.1
-49148.7
-49119.7
-49184.3
-49149.7
-49120.5
-49185.3
-49150.8
-49121.5
-49182.9
-49148.7
-49119.7
-49184.2
-49149.7
-49120.6
-49184.8
-49150.4
-49121
-49184.7
-49150.4
-49121
-49185.5
-49151
-49121.7
-49184.4
-49149.9
-49120.8
-49184.4
-49149.8
-49120.8
-49184.3
-49149.8
-49120.7
-49185
-49150.4
-49121.3
-49185
-49150.4
-49121.3
-49185.5
-49151.1
-49121.7
-49185.6
-49151.1
-49121.7
-49184.9
-49150.4
-49121.3
-49185
-49150.6
-49121.5
-49185.2
-49150.7
-49121.6
-49185.5
-49151.1
-49121.8
-49184.3
-49149.7
-49120.7
-49184.1
-49149.6
-49120.5
-49184
-49149.5
-49120.4
-49184.9
-49150.3
-49121.1
-49184.7
-49150.1
-49121.1
-49186.4
-49151.8
-49122.4
-49185.9
-49151.4
-49122
-49186
-49151.4
-49122.1
-49184.6
-49150.2
-49120.9
-49185
-49150.5
-49121.1
-49184
-49149.5
-49120.4
-49183.7
-49149.4
-49120.4
-49185
-49150.6
-49121.2
-49185.1
-49150.6
-49121.3
-49185.8
-49151.2
-49121.9
-49185.5
-49150.9
-49121.7
-49185.7
-49151.1
-49121.8
-49186.7
-49152
-49122.7
-49186.6
-49152
-49122.7
-49186.6
-49152
-49122.6
-49187.1
-49152.5
-49123
-49186.4
-49151.9
-49122.5
-49186.7
-49152.2
-49122.7
-49186.4
-49151.8
-49122.4
-49185.4
-49150.8
-49121.7
-49185.4
-49150.8
-49121.7
-49182.8
-49148.6
-49119.7
-49183.4
-49149.1
-49120.2
-49184
-49149.7
-49120.2
-49183.9
-49149.6
-49120.2
-49184.6
-49150.3
-49121.1
-49182.4
-49148.3
-49119.5
-49183.9
-49149.5
-49120.5
-49186.1
-49151.5
-49122.1
-49185.9
-49151.3
-49122
-49186
-49151.4
-49122.1
-49185.4
-49150.9
-49121.8
-49185.9
-49151.4
-49122
-49185.5
-49151
-49121.8
-49185
-49150.5
-49121.3
-49185
-49150.4
-49121.3
-49184.6
-49150.1
-49121
-49185.6
-49150.9
-49121.6
-49184.9
-49150.4
-49121.2
-49185.2
-49150.8
-49121.5
-49184.5
-49150.1
-49121
-49184.5
-49150
-49121
-49184.4
-49149.9
-49120.9
-49185.1
-49150.6
-49121.5
-49185
-49150.6
-49121.3
-49184
-49149.5
-49120.5
-49184.1
-49149.7
-49120.7
-49184.9
-49150.4
-49121.2
-49185.4
-49151
-49121.7
-49186.2
-49151.5
-49122.2
-49186.3
-49151.7
-49122.3
-49185.4
-49150.9
-49121.7
-49185.7
-49151.1
-49121.8
-49185.1
-49150.6
-49121.4
-49185.5
-49151.1
-49121.7
-49184.9
-49150.4
-49121.3
-49185.2
-49150.7
-49121.5
-49185.3
-49150.8
-49121.7
-49185.1
-49150.6
-49121.5
-49185.1
-49150.6
-49121.4
-49185.8
-49151.2
-49121.9
-49186.1
-49151.5
-49122.1
-49186.6
-49152
-49122.6
-49186.5
-49151.9
-49122.7
-49186.5
-49151.8
-49122.6
-49186.6
-49152
-49122.6
-49186.6
-49152.1
-49122.6
-49186.4
-49151.9
-49122.5
-49185.1
-49150.5
-49121.5
-49184.8
-49150.2
-49121.1
-49184.6
-49150
-49121
-49184.5
-49150
-49120.8
-49185.2
-49150.6
-49121.4
-49183.9
-49149.5
-49120.5
-49185
-49150.6
-49121.2
-49184.4
-49149.9
-49120.8
-49184.5
-49150
-49120.9
-49184.5
-49150
-49120.8
-49185.3
-49150.7
-49121.4
-49185
-49150.6
-49121.2
-49183.9
-49149.4
-49120.4
-49184.8
-49150.3
-49121.3
-49185.5
-49151.1
-49121.8
-49185.5
-49151
-49121.8
-49186
-49151.6
-49122.3
-49186.3
-49151.7
-49122.4
-49185.8
-49151.2
-49122
-49185.5
-49151
-49121.9
-49185.5
-49151
-49121.7
-49186.3
-49151.7
-49122.3
-49185.8
-49151.5
-49122.1
-49185
-49150.6
-49121.5
-49185.1
-49150.7
-49121.7
-49184.9
-49150.5
-49121.1
-49183.9
-49149.4
-49120.4
-49184.5
-49149.9
-49120.8
-49184.6
-49150.1
-49120.9
-49184.5
-49149.9
-49120.9
-49184.2
-49149.8
-49120.6
-49185.2
-49150.6
-49121.4
-49186.2
-49151.6
-49122.1
-49185
-49150.6
-49121.1
-49184
-49149.5
-49120.4
-49183.6
-49149.1
-49120.2
-49184.1
-49149.6
-49120.6
-49184
-49149.5
-49120.5
-49184
-49149.6
-49120.5
-49185.3
-49150.7
-49121.4
-49184.9
-49150.4
-49121.3
-49186.2
-49151.6
-49122.2
-49186
-49151.5
-49122.1
-49185.3
-49150.8
-49121.6
-49185.4
-49150.9
-49121.8
-49185.6
-49151
-49121.9
-49185.2
-49150.7
-49121.5
-49186.3
-49151.7
-49122.3
-49185.6
-49151.3
-49121.9
-49184.8
-49150.4
-49121.4
-49185.2
-49150.7
-49121.8
-49184.7
-49150.4
-49121.4
-49185.8
-49151.3
-49122.1
-49186.4
-49151.8
-49122.5
-49185.5
-49151
-49121.8
-49185.5
-49150.9
-49121.8
-49185
-49150.5
-49121.5
-49185.9
-49151.3
-49122
-49186.2
-49151.6
-49122.3
-49186.4
-49151.8
-49122.4
-49185.9
-49151.3
-49122
-49186.4
-49151.9
-49122.4
-49186.5
-49151.9
-49122.5
-49185.9
-49151.4
-49122
-49186.2
-49151.6
-49122.2
-49185.7
-49151.1
-49121.8
-49185.2
-49150.9
-49121.4
-49185.4
-49150.9
-49121.6
-49183.8
-49149.4
-49120.4
-49185.7
-49151.3
-49122
-49185.3
-49150.7
-49121.4
-49184.7
-49150.1
-49121
-49184.6
-49150.2
-49121.1
-49184.5
-49150
-49120.9
-49185.4
-49150.8
-49121.5
-49185.4
-49151
-49121.6
-49184.8
-49150.3
-49121.2
-49184.3
-49149.9
-49120.9
-49185.3
-49150.8
-49121.7
-49185.7
-49151.1
-49121.9
-49184.9
-49150.4
-49121.4
-49186.1
-49151.5
-49122.2
-49185.8
-49151.2
-49122
-49186.1
-49151.5
-49122.2
-49185.8
-49151.4
-49122
-49184.7
-49150.3
-49121.2
-49184.8
-49150.3
-49121.2
-49184.3
-49149.9
-49120.9
-49185.3
-49150.7
-49121.6
-49185.4
-49150.8
-49121.7
-49184.9
-49150.5
-49121.4
-49185.8
-49151.2
-49121.9
-49186.2
-49151.5
-49122.2
-49186.8
-49152.2
-49122.8
-49186.4
-49151.8
-49122.5
-49186.6
-49152
-49122.6
-49186.6
-49152
-49122.5
-49186.4
-49151.9
-49122.5
-49186.7
-49152.1
-49122.6
-49185.3
-49150.7
-49121.7
-49185.4
-49150.8
-49121.7
-49183.2
-49149
-49120.1
-49183.7
-49149.4
-49120.4
-49184.4
-49150
-49120.6
-49182.5
-49148.3
-49119.4
-49184.3
-49150
-49120.5
-49183.7
-49149.5
-49120.1
-49184.1
-49149.8
-49120.7
-49185.7
-49151.1
-49121.7
-49184.8
-49150.5
-49121.1
-49185
-49150.6
-49121.3
-49184.6
-49150.3
-49121
-49184.3
-49149.8
-49120.8
-49184.5
-49150
-49120.9
-49184.4
-49149.9
-49120.7
-49185.2
-49150.6
-49121.4
-49184.4
-49149.8
-49120.7
-49184.5
-49149.9
-49120.8
-49184.5
-49149.9
-49120.7
-49185.1
-49150.5
-49121.3
-49184.8
-49150.5
-49121.1
-49184.3
-49149.8
-49120.7
-49184.9
-49150.5
-49121.1
-49183.6
-49149.1
-49120.1
-49186.3
-49151.8
-49122.3
-49185.4
-49150.9
-49121.8
-49185.3
-49150.9
-49121.8
-49184.8
-49150.4
-49121.4
-49186.3
-49151.7
-49122.3
-49185.5
-49151.2
-49121.8
-49185.6
-49151.1
-49121.8
-49184.8
-49150.4
-49121.3
-49185.7
-49151.3
-49122
-49185.8
-49151.4
-49122
-49184.9
-49150.5
-49121.5
-49184.7
-49150.4
-49121.4
-49183.3
-49148.9
-49119.8
-49181.5
-49147.4
-49118.6
-49184
-49149.5
-49120.2
-49182.4
-49148.2
-49119.2
-49183.4
-49149.1
-49119.6
-49183.5
-49149.2
-49119.7
-49186.5
-49152.1
-49122.5
-49186
-49151.7
-49122.2
-49184.6
-49150.4
-49121.1
-49185.1
-49150.8
-49121.5
-49185.4
-49151
-49121.6
-49185.6
-49151.3
-49121.9
-49182
-49147.8
-49118.9
-49184.1
-49149.6
-49120.3
-49183.6
-49149.3
-49119.8
-49183.5
-49149.2
-49119.6
-49184.2
-49149.7
-49120.4
-49183.9
-49149.4
-49119.9
-49181.3
-49147.2
-49118.3
-49186.3
-49151.8
-49122.5
-49186.1
-49151.7
-49122.4
-49186.2
-49151.6
-49122.3
-49186.6
-49152.2
-49122.6
-49186
-49151.8
-49122.3
-49185.5
-49151.1
-49121.7
-49185.6
-49151.2
-49121.8
-49184.8
-49150.5
-49121.3
-49185.4
-49150.8
-49121.5
-49184.6
-49150
-49121
-49184.5
-49150
-49120.9
-49184.2
-49149.7
-49120.6
-49185.3
-49150.7
-49121.4
-49184.9
-49150.5
-49121
-49185.2
-49150.6
-49121.2
-49183.5
-49149.1
-49120
-49185.5
-49151.1
-49121.6
-49184.8
-49150.4
-49121
-49184.2
-49149.7
-49120.6
-49183.9
-49149.5
-49120.4
-49185.5
-49151.2
-49121.8
-49186.5
-49152
-49122.5
-49185.3
-49150.9
-49121.5
-49186.1
-49151.7
-49122.1
-49185.3
-49151
-49121.7
-49185.9
-49151.3
-49121.9
-49185.8
-49151.4
-49122
-49186
-49151.6
-49122.2
-49185.9
-49151.6
-49122.1
-49185.5
-49150.9
-49121.9
-49185.4
-49150.9
-49121.8
-49185.1
-49150.6
-49121.5
-49186.1
-49151.5
-49122.3
-49185.1
-49150.5
-49121.5
-49185.4
-49150.9
-49121.8
-49185
-49150.5
-49121.4
-49186
-49151.3
-49122.1
-49185.6
-49151.2
-49121.9
-49185.7
-49151.3
-49121.9
-49185
-49150.5
-49121.5
-49185.1
-49150.7
-49121.6
-49185.8
-49151.4
-49122.1
-49186
-49151.6
-49122.1
-49185.5
-49151
-49121.8
-49184.4
-49150
-49121.1
-49183.8
-49149.5
-49120.6
-49185.6
-49151.2
-49122
-49185.1
-49150.6
-49121.2
-49183.4
-49149.2
-49120.2
-49184.5
-49149.9
-49120.7
-49182.9
-49148.6
-49119.7
-49184.4
-49150.2
-49120.8
-49183.9
-49149.6
-49120.3
-49184.6
-49150.4
-49121
-49184.8
-49150.4
-49121.1
-49184
-49149.8
-49120.6
-49182.5
-49148.4
-49119.4
-49184.2
-49149.9
-49120.6
-49183.9
-49149.7
-49120.3
-49184.3
-49150.1
-49120.7
-49185.1
-49150.7
-49121.4
-49182.8
-49148.6
-49119.7
-49185.2
-49150.7
-49121.3
-49184.9
-49150.6
-49121.2
-49184.6
-49150.4
-49121
-49185.2
-49150.7
-49121.4
-49184.2
-49149.9
-49120.7
-49184.6
-49150.1
-49121
-49183
-49148.8
-49119.9
-49185.1
-49150.6
-49121.2
-49185
-49150.6
-49121.1
-49183.9
-49149.4
-49120.3
-49184.1
-49149.5
-49120.5
-49184.7
-49150.3
-49120.9
-49182.9
-49148.5
-49119.5
-49183.6
-49149.1
-49120.1
-49184.3
-49149.8
-49120.7
-49184.2
-49149.7
-49120.8
-49184
-49149.5
-49120.5
-49185.1
-49150.5
-49121.4
-49185.2
-49150.6
-49121.4
-49184.2
-49149.7
-49120.6
-49184.8
-49150.2
-49120.9
-49184.1
-49149.6
-49120.5
-49185.2
-49150.6
-49121.4
-49184.9
-49150.3
-49121.2
-49185.5
-49150.9
-49121.6
-49185.6
-49151
-49121.6
-49185.7
-49151.1
-49121.8
-49185.9
-49151.5
-49122.1
-49185.4
-49150.9
-49121.8
-49186
-49151.4
-49122.1
-49185.2
-49150.8
-49121.8
-49185.2
-49150.7
-49121.5
-49185.3
-49150.7
-49121.6
-49184.7
-49150.3
-49121.2
-49185.9
-49151.3
-49122
-49186.1
-49151.6
-49122.1
-49185.1
-49150.6
-49121.6
-49185
-49150.5
-49121.5
-49184.7
-49150.3
-49121.3
-49186
-49151.4
-49122.1
-49186.1
-49151.4
-49122.2
-49182.1
-49147.9
-49119
-49184.4
-49149.9
-49120.5
-49183.5
-49149.2
-49119.8
-49183.5
-49149.2
-49119.7
-49184.3
-49149.7
-49120.7
-49184.2
-49149.6
-49120.2
-49182
-49147.8
-49118.8
-49185.9
-49151.5
-49122.2
-49185.8
-49151.3
-49122
-49185.9
-49151.3
-49122
-49186.5
-49152.1
-49122.5
-49186.1
-49151.8
-49122.2
-49185.5
-49151.2
-49121.8
-49185.4
-49151.1
-49121.7
-49184.6
-49150.3
-49121.1
-49183.3
-49149
-49119.5
-49183.1
-49148.8
-49119.5
-49184.2
-49149.7
-49120.6
-49184.5
-49150
-49120.7
-49181.8
-49147.6
-49118.6
-49184.2
-49149.6
-49120.2
-49182
-49147.7
-49118.8
-49184
-49149.5
-49120.2
-49184.3
-49149.9
-49120.8
-49185.8
-49151.3
-49121.8
-49186.5
-49152.2
-49122.6
-49186.4
-49152.1
-49122.6
-49186
-49151.6
-49122.3
-49185.6
-49151.1
-49122
-49186.1
-49151.7
-49122.4
-49186.3
-49151.7
-49122.3
-49186.5
-49152.1
-49122.6
-49184.8
-49150.5
-49121.3
-49185
-49150.6
-49121.6
-49184.7
-49150.4
-49121.2
-49184.3
-49149.9
-49121
-49184.7
-49150.4
-49121
-49184.2
-49149.7
-49120.7
-49184.7
-49150.2
-49121.2
-49184.1
-49149.8
-49120.7
-49183.9
-49149.4
-49120.3
-49183.9
-49149.4
-49120.4
-49183.8
-49149.3
-49120.3
-49184.8
-49150.3
-49121.1
-49185.1
-49150.6
-49121.3
-49185.3
-49150.7
-49121.5
-49184.6
-49150.1
-49121
-49185
-49150.4
-49121.1
-49184.2
-49149.7
-49120.6
-49185.2
-49150.6
-49121.4
-49185.4
-49150.8
-49121.6
-49184.9
-49150.5
-49121.4
-49185
-49150.6
-49121.5
-49184.9
-49150.4
-49121.2
-49186.1
-49151.7
-49122.3
-49185.3
-49151
-49121.6
-49186.5
-49152.1
-49122.5
-49185.6
-49151.3
-49121.8
-49186.8
-49152.4
-49122.8
-49187.8
-49153.2
-49123.4
-49186.1
-49151.5
-49122.1
-49185.7
-49151.3
-49122
-49185.6
-49151.3
-49122
-49185.7
-49151.1
-49121.8
-49186.3
-49151.9
-49122.4
-49185.9
-49151.6
-49122.2
-49185.9
-49151.4
-49122.1
-49185.1
-49150.6
-49121.6
-49185.3
-49150.8
-49121.7
-49186
-49151.5
-49122.2
-49185.8
-49151.4
-49122
-49185.7
-49151.2
-49121.9
-49184.9
-49150.4
-49121.4
-49185.4
-49150.9
-49121.8
-49185.7
-49151.3
-49122.1
-49186.3
-49151.9
-49122.4
-49185.9
-49151.4
-49122.1
-49185.6
-49151.1
-49122
-49185.8
-49151.2
-49122.1
-49185.4
-49150.9
-49121.7
-49186.4
-49151.8
-49122.4
-49186.2
-49151.5
-49122.4
-49185.3
-49150.8
-49121.7
-49185
-49150.4
-49121.4
-49184.9
-49150.5
-49121.5
-49185.9
-49151.3
-49122
-49186.4
-49151.7
-49122.3
-49184
-49149.8
-49120.4
-49184.5
-49150.2
-49120.8
-49184.9
-49150.6
-49121.3
-49184.7
-49150.2
-49121
-49182.9
-49148.7
-49119.8
-49183.9
-49149.7
-49120.5
-49184.3
-49149.8
-49120.8
-49185.3
-49150.8
-49121.5
-49183.1
-49148.9
-49120
-49185.8
-49151.2
-49121.9
-49185.7
-49151.1
-49121.8
-49186
-49151.4
-49122
-49186
-49151.4
-49122
-49185.9
-49151.3
-49122
-49186.2
-49151.6
-49122.2
-49185.9
-49151.3
-49121.9
-49185.4
-49151
-49121.5
-49185.4
-49150.9
-49121.5
-49184.4
-49149.9
-49120.9
-49185.7
-49151.2
-49121.9
-49185.7
-49151.1
-49121.7
-49184.6
-49150
-49120.9
-49184.8
-49150.3
-49121.1
-49184.4
-49150
-49120.8
-49185.4
-49150.8
-49121.5
-49183.2
-49148.9
-49119.9
-49182.6
-49148.4
-49119.6
-49185.2
-49150.8
-49121.4
-49185.1
-49150.7
-49121.5
-49185.4
-49150.9
-49121.8
-49184.9
-49150.4
-49121.3
-49186.3
-49151.7
-49122.2
-49185.7
-49151.2
-49121.9
-49186.4
-49151.8
-49122.4
-49185
-49150.5
-49121.3
-49185.2
-49150.6
-49121.5
-49184.4
-49150
-49120.9
-49185.4
-49151
-49121.6
-49185.3
-49150.8
-49121.7
-49185.7
-49151.1
-49121.9
-49185.2
-49150.6
-49121.5
-49185.2
-49150.7
-49121.5
-49184.9
-49150.4
-49121.3
-49186.6
-49151.9
-49122.6
-49186.5
-49151.9
-49122.6
-49186.4
-49151.8
-49122.4
-49186.7
-49152.1
-49122.6
-49186.8
-49152.2
-49122.7
-49186.5
-49151.9
-49122.4
-49185.4
-49150.8
-49121.7
-49185.2
-49150.6
-49121.3
-49184.7
-49150.4
-49121
-49185
-49150.5
-49121.1
-49183.9
-49149.5
-49120.4
-49185.1
-49150.6
-49121.3
-49184.2
-49149.7
-49120.6
-49184.3
-49149.8
-49120.7
-49184
-49149.5
-49120.4
-49185.1
-49150.5
-49121.2
-49184.4
-49149.9
-49120.7
-49183.8
-49149.4
-49120.5
-49184.8
-49150.4
-49121
-49185.1
-49150.5
-49121.4
-49184.9
-49150.4
-49121.2
-49184.2
-49149.8
-49120.9
-49185.7
-49151
-49121.8
-49185
-49150.8
-49121.5
-49185.3
-49150.9
-49121.6
-49184.8
-49150.4
-49121.3
-49184.5
-49150.2
-49121.1
-49186.3
-49151.9
-49122.5
-49185.9
-49151.3
-49122
-49185.5
-49150.9
-49121.7
-49185
-49150.5
-49121.5
-49184.7
-49150.3
-49121.2
-49185
-49150.6
-49121.5
-49184.6
-49150.3
-49121.2
-49185.5
-49151.2
-49121.8
-49185.7
-49151.3
-49121.9
-49186.4
-49151.9
-49122.5
-49184.3
-49149.8
-49120.7
-49184.4
-49149.8
-49120.8
-49184.4
-49149.9
-49120.7
-49184.6
-49150.1
-49121.1
-49185.3
-49150.8
-49121.4
-49185.7
-49151.1
-49121.7
-49184.2
-49149.7
-49120.7
-49184.9
-49150.3
-49121.1
-49184.1
-49149.7
-49120.7
-49184.8
-49150.4
-49121.1
-49184.7
-49150.1
-49121
-49184.7
-49150.1
-49121
-49184.4
-49149.9
-49120.7
-49184.9
-49150.3
-49121.1
-49185.1
-49150.5
-49121.3
-49185.7
-49151.1
-49121.6
-49186.1
-49151.8
-49122.3
-49185.8
-49151.3
-49122
-49185.1
-49150.7
-49121.6
-49185
-49150.5
-49121.4
-49186
-49151.6
-49122.4
-49186.4
-49151.8
-49122.5
-49185.9
-49151.4
-49122.2
-49185.7
-49151.2
-49122
-49185.8
-49151.2
-49122.1
-49185.4
-49150.9
-49121.7
-49186.6
-49151.9
-49122.5
-49186.4
-49151.8
-49122.5
-49185.1
-49150.6
-49121.6
-49186.3
-49151.6
-49122.2
-49185.5
-49151.2
-49121.8
-49185.6
-49151.2
-49121.9
-49186.1
-49151.7
-49122.3
-49185.7
-49151.1
-49121.9
-49186
-49151.3
-49122.1
-49185.2
-49150.7
-49121.7
-49185.5
-49151
-49121.8
-49185
-49150.5
-49121.5
-49185.7
-49151.1
-49121.8
-49185.7
-49151.1
-49121.9
-49185.4
-49150.9
-49121.7
-49185.6
-49151.1
-49121.8
-49185.6
-49151
-49121.7
-49185.9
-49151.3
-49122
-49185.9
-49151.4
-49122
-49186.1
-49151.5
-49122
-49185
-49150.5
-49121.3
-49185
-49150.5
-49121.3
-49184.9
-49150.4
-49121.2
-49185.3
-49150.7
-49121.5
-49185.2
-49150.8
-49121.4
-49185.5
-49151
-49121.6
-49183.7
-49149.3
-49120.3
-49183.5
-49149.2
-49120.2
-49185.9
-49151.4
-49122.1
-49184.9
-49150.4
-49121.3
-49185.1
-49150.5
-49121.3
-49184.7
-49150.2
-49121.1
-49185.7
-49151.1
-49121.7
-49184.2
-49149.8
-49120.7
-49184.1
-49149.7
-49120.7
-49185.1
-49150.8
-49121.4
-49185.4
-49150.9
-49121.5
-49185.7
-49151.3
-49121.9
-49186.2
-49151.6
-49122.3
-49186.5
-49151.9
-49122.4
-49185.6
-49151.2
-49121.8
-49185.8
-49151.3
-49121.9
-49184.8
-49150.3
-49121.2
-49184.7
-49150.2
-49121.2
-49186
-49151.5
-49122.2
-49185.4
-49150.8
-49121.7
-49185.3
-49150.8
-49121.6
-49185
-49150.5
-49121.4
-49186
-49151.4
-49122.1
-49186
-49151.4
-49122.1
-49184.7
-49150.2
-49121.2
-49185.4
-49150.8
-49121.6
-49185.4
-49151.1
-49121.7
-49185.7
-49151.2
-49121.9
-49185.9
-49151.4
-49122.1
-49186.1
-49151.5
-49122.1
-49185.9
-49151.3
-49122.1
-49185.4
-49150.8
-49121.7
-49185.2
-49150.7
-49121.6
-49184.9
-49150.4
-49121.4
-49184.7
-49150.2
-49121.2
-49185.8
-49151.3
-49121.9
-49184.3
-49149.8
-49120.7
-49185.2
-49150.7
-49121.3
-49185.6
-49151
-49121.9
-49186.5
-49152.1
-49122.5
-49185.4
-49150.9
-49121.8
-49185
-49150.5
-49121.4
-49185.9
-49151.3
-49122
-49185.9
-49151.5
-49122
-49185.1
-49150.6
-49121.3
-49185.4
-49150.8
-49121.6
-49184.6
-49150.2
-49121.2
-49186.1
-49151.6
-49122.2
-49185.1
-49150.6
-49121.5
-49185.3
-49150.8
-49121.5
-49185.9
-49151.5
-49122
-49184.4
-49149.9
-49120.8
-49186.4
-49152
-49122.5
-49185.7
-49151.2
-49121.9
-49185.5
-49151.2
-49122
-49185
-49150.6
-49121.1
-49183.7
-49149.3
-49120.2
-49184.8
-49150.5
-49121.3
-49185.5
-49151
-49121.7
-49185.6
-49151
-49121.7
-49185.2
-49150.9
-49121.7
-49185.3
-49150.9
-49121.7
-49183.8
-49149.4
-49120.4
-49185.8
-49151.3
-49121.8
-49185
-49150.4
-49121.1
-49186
-49151.5
-49121.9
-49184.2
-49149.8
-49120.5
-49185.3
-49151
-49121.8
-49185
-49150.7
-49121.4
-49183.6
-49149.2
-49120.2
-49183.7
-49149.4
-49120.6
-49186.4
-49151.9
-49122.4
-49185.7
-49151.1
-49121.7
-49184.2
-49149.8
-49120.9
-49186.2
-49151.7
-49122.3
-49184.9
-49150.5
-49121.3
-49185.9
-49151.5
-49122.1
-49185.1
-49150.5
-49121.4
-49186.4
-49151.9
-49122.3
-49185.2
-49150.7
-49121.2
-49184.2
-49149.8
-49120.9
-49185.2
-49150.9
-49121.5
-49182.7
-49148.4
-49119.6
-49185.1
-49150.7
-49121.3
-49183.6
-49149.2
-49120.2
-49186.5
-49152
-49122.4
-49185.7
-49151.2
-49121.7
-49186.8
-49152.2
-49122.6
-49185.2
-49150.7
-49121.3
-49184.1
-49149.6
-49120.7
-49186
-49151.5
-49121.9
-49184.8
-49150.3
-49121
-49185.2
-49150.8
-49121.4
-49183.2
-49148.9
-49119.9
-49183.6
-49149.2
-49120.3
-49186.1
-49151.7
-49122.1
-49184.6
-49150.2
-49120.9
-49184
-49149.8
-49120.4
-49184.5
-49150.2
-49120.7
-49184.2
-49150
-49120.6
-49185
-49150.7
-49121.3
-49184.7
-49150.3
-49121.1
-49183.9
-49149.6
-49120.4
-49184.9
-49150.6
-49121.5
-49184
-49149.8
-49120.5
-49183.4
-49149.1
-49120
-49183.6
-49149.2
-49120.4
-49186.1
-49151.7
-49122.2
-49184.2
-49149.9
-49120.7
-49184.3
-49150.1
-49120.9
-49184.7
-49150.4
-49121.2
-49185
-49150.7
-49121.5
-49185.2
-49150.7
-49121.4
-49185.7
-49151.2
-49121.8
-49185.5
-49151
-49121.7
-49185.2
-49150.6
-49121.5
-49185.8
-49151.2
-49121.9
-49183.6
-49149.4
-49120.3
-49185.3
-49150.8
-49121.4
-49185.2
-49150.7
-49121.5
-49185
-49150.4
-49121.4
-49185.9
-49151.3
-49122
-49184
-49149.6
-49120.5
-49184.3
-49149.8
-49120.7
-49185.3
-49150.7
-49121.4
-49185.1
-49150.6
-49121.4
-49185.7
-49151.2
-49121.9
-49185.6
-49151
-49121.8
-49185.9
-49151.3
-49122
-49185.6
-49151
-49121.7
-49185.8
-49151.2
-49121.9
-49184.9
-49150.4
-49121.3
-49185.8
-49151.2
-49121.9
-49184.3
-49149.9
-49120.7
-49185.7
-49151.3
-49121.8
-49183.9
-49149.5
-49120.5
-49185.4
-49151
-49121.5
-49183.8
-49149.4
-49120.2
-49184.7
-49150.2
-49121.1
-49184.6
-49150.2
-49121.1
-49185.7
-49151.3
-49121.8
-49185.1
-49150.5
-49121.2
-49185
-49150.7
-49121.4
-49183.8
-49149.4
-49120.2
-49185.8
-49151.3
-49121.9
-49185.4
-49150.9
-49121.6
-49185.3
-49150.7
-49121.6
-49186.3
-49151.8
-49122.3
-49185.7
-49151.3
-49121.6
-49183.4
-49149.1
-49119.8
-49185.1
-49150.7
-49121.2
-49183.4
-49148.9
-49119.8
-49185.8
-49151.3
-49121.9
-49185.6
-49151.1
-49121.8
-49183.3
-49149
-49119.9
-49185.3
-49150.8
-49121.1
-49182.6
-49148.2
-49119.1
-49185.6
-49151
-49121.6
-49186.2
-49151.8
-49122.2
-49185.4
-49150.9
-49121.6
-49185.2
-49150.7
-49121.6
-49183
-49148.7
-49119.6
-49185.6
-49151.1
-49121.7
-49186.3
-49151.9
-49122.3
-49185.5
-49150.9
-49121.8
-49185.4
-49150.8
-49121.7
-49186.3
-49151.7
-49122.3
-49186
-49151.5
-49122.1
-49184.3
-49149.9
-49120.7
-49183.8
-49149.4
-49120.3
-49185.3
-49150.8
-49121.4
-49184.1
-49149.8
-49120.5
-49183.3
-49149
-49119.9
-49185.9
-49151.5
-49122
-49184.1
-49149.8
-49120.6
-49185.7
-49151.2
-49121.8
-49184.7
-49150.2
-49121
-49186
-49151.7
-49122.2
-49183.6
-49149.4
-49120.4
-49184.5
-49150
-49121
-49183.1
-49148.8
-49119.7
-49185.3
-49150.8
-49121.5
-49185.8
-49151.2
-49121.8
-49185.2
-49150.6
-49121.5
-49185.6
-49151.1
-49121.8
-49186.2
-49151.8
-49122.3
-49186.1
-49151.5
-49122
-49185.4
-49150.8
-49121.7
-49186.2
-49151.6
-49122.2
-49183.6
-49149.2
-49120
-49184.8
-49150.4
-49120.8
-49183.1
-49148.7
-49119.6
-49185.1
-49150.6
-49121.4
-49186.9
-49152.5
-49122.7
-49185.4
-49150.8
-49121.6
-49185.3
-49150.8
-49121.6
-49185.3
-49150.8
-49121.1
-49182.8
-49148.4
-49119.4
-49184.8
-49150.4
-49120.9
-49183.1
-49148.7
-49119.6
-49184.2
-49149.7
-49120.7
-49184.8
-49150.3
-49121.1
-49185.8
-49151.4
-49121.9
-49185.5
-49151.1
-49121.9
-49185.6
-49151.1
-49121.8
-49185
-49150.5
-49121.2
-49185.5
-49151
-49121.7
-49185.4
-49150.8
-49121.7
-49186.3
-49151.9
-49122.3
-49185.6
-49151.1
-49121.8
-49186.2
-49151.7
-49122.3
-49186.1
-49151.6
-49122.2
-49183.9
-49149.6
-49120.6
-49185
-49150.5
-49121.2
-49184.4
-49150.1
-49120.9
-49184.3
-49150.1
-49121
-49184.6
-49150
-49120.8
-49185.2
-49150.6
-49121.3
-49185.6
-49151
-49121.7
-49185.4
-49150.9
-49121.6
-49183.8
-49149.5
-49120.3
-49184.4
-49149.8
-49120.7
-49185.3
-49150.7
-49121.3
-49185.8
-49151.2
-49121.9
-49185.9
-49151.3
-49122
-49185.2
-49150.7
-49121.4
-49184.2
-49149.7
-49120.7
-49185
-49150.4
-49121.1
-49186.2
-49151.6
-49122.3
-49185.8
-49151.3
-49121.9
-49185.4
-49150.9
-49121.6
-49185.5
-49151
-49121.6
-49185.9
-49151.3
-49121.9
-49185.8
-49151.2
-49121.9
-49185.2
-49150.8
-49121.5
-49184.7
-49150.4
-49121.2
-49186.1
-49151.6
-49122.2
-49183.2
-49148.9
-49120
-49184.1
-49149.7
-49120.6
-49185.4
-49151.1
-49121.6
-49186.1
-49151.7
-49122.2
-49184.4
-49150
-49120.9
-49186.9
-49152.4
-49122.8
-49183.6
-49149.3
-49120.3
-49184.5
-49150.1
-49120.9
-49185.8
-49151.4
-49122
-49185.5
-49151.1
-49121.8
-49184.4
-49150
-49121
-49186.4
-49151.9
-49122.3
-49183.8
-49149.6
-49120.6
-49184.9
-49150.5
-49121.2
-49186
-49151.7
-49122.2
-49185.6
-49151.2
-49121.8
-49185.9
-49151.4
-49122.1
-49184.9
-49150.4
-49121.2
-49186.4
-49152
-49122.4
-49183.6
-49149.4
-49120.4
-49184.8
-49150.4
-49121.2
-49186.4
-49152.1
-49122.5
-49183.8
-49149.5
-49120.6
-49184.7
-49150.3
-49121.1
-49186
-49151.7
-49122.2
-49183.1
-49148.9
-49119.9
-49184.4
-49149.9
-49120.8
-49185.7
-49151.4
-49121.9
-49185.8
-49151.4
-49122.1
-49185.8
-49151.3
-49122
-49186.5
-49152.1
-49122.5
-49185.1
-49150.8
-49121.5
-49185
-49150.6
-49121.4
-49186.5
-49152
-49122.6
-49185.6
-49151.2
-49121.8
-49185
-49150.7
-49121.3
-49186.6
-49152.2
-49122.6
-49185.2
-49150.9
-49121.6
-49185.6
-49151.3
-49121.8
-49186.9
-49152.5
-49122.8
-49183.8
-49149.6
-49120.5
-49183.8
-49149.5
-49120.2
-49183
-49148.8
-49119.9
-49185.1
-49150.6
-49121.2
-49186.1
-49151.8
-49122.3
-49183
-49148.7
-49119.8
-49184.8
-49150.3
-49120.9
-49186.2
-49151.9
-49122.2
-49185.7
-49151.2
-49121.9
-49185.6
-49151.1
-49121.7
-49186.1
-49151.6
-49122
-49186
-49151.6
-49122
-49184.3
-49150
-49120.9
-49187.2
-49152.8
-49123
-49185.4
-49151.1
-49121.7
-49184.8
-49150.4
-49121.1
-49186.5
-49152.1
-49122.5
-49183.3
-49149.1
-49120.1
-49183.5
-49149.2
-49120.2
-49185
-49150.7
-49121.4
-49185.2
-49150.9
-49121.6
-49186.1
-49151.6
-49122.3
-49185.6
-49151.3
-49121.8
-49186.5
-49152.1
-49122.5
-49185.3
-49150.9
-49121.6
-49185.5
-49151.1
-49121.7
-49185.6
-49151.2
-49121.9
-49185.6
-49151.1
-49121.9
-49186.5
-49152
-49122.4
-49185.2
-49150.6
-49121.5
-49186.1
-49151.6
-49122.2
-49184.9
-49150.4
-49121.1
-49185.1
-49150.6
-49121.2
-49185.2
-49150.7
-49121.5
-49185.1
-49150.6
-49121.4
-49186.3
-49151.9
-49122.5
-49186
-49151.4
-49121.8
-49185.4
-49150.8
-49121.4
-49184.6
-49150.1
-49120.8
-49185.3
-49150.7
-49121.4
-49185.6
-49151.2
-49121.9
-49186.2
-49151.6
-49122.3
-49186.5
-49151.8
-49122.4
-49186.5
-49151.9
-49122.6
-49186.8
-49152.2
-49122.6
-49186.1
-49151.5
-49122.1
-49185.4
-49150.9
-49121.7
-49185.9
-49151.4
-49122
-49185.8
-49151.4
-49122.1
-49185.9
-49151.5
-49122.1
-49186.1
-49151.7
-49122.2
-49184.3
-49149.9
-49120.8
-49184.2
-49149.8
-49120.8
-49184.1
-49149.8
-49120.8
-49184.6
-49150.2
-49121.1
-49186
-49151.7
-49122.2
-49185.8
-49151.3
-49121.7
-49185.1
-49150.5
-49121.2
-49184
-49149.5
-49120.4
-49185
-49150.5
-49121.3
-49184.9
-49150.6
-49121.5
-49184.8
-49150.4
-49121.4
-49185.9
-49151.5
-49122.1
-49186.1
-49151.7
-49122.3
-49187
-49152.5
-49122.8
-49186.2
-49151.6
-49122.1
-49185.2
-49150.6
-49121.2
-49184.8
-49150.3
-49120.9
-49185.1
-49150.6
-49121.3
-49185.1
-49150.6
-49121.3
-49186.4
-49152
-49122.5
-49184.3
-49150.1
-49121.1
-49185.3
-49150.8
-49121.6
-49186.2
-49151.9
-49122.4
-49184.8
-49150.6
-49121.2
-49185.1
-49150.6
-49121.2
-49185.1
-49150.7
-49121.7
-49185.2
-49150.9
-49121.5
-49186.5
-49152.1
-49122.5
-49184.8
-49150.4
-49121.3
-49184.3
-49150
-49120.8
-49184.5
-49150.2
-49121.2
-49185.9
-49151.5
-49122
-49185.5
-49151
-49121.6
-49184.9
-49150.3
-49121.1
-49185.3
-49150.7
-49121.4
-49185.4
-49151
-49121.7
-49186
-49151.3
-49122.1
-49186.1
-49151.4
-49122.1
-49186.4
-49151.8
-49122.4
-49185.3
-49150.7
-49121.6
-49186.2
-49151.8
-49122.1
-49185.5
-49151
-49121.6
-49184.8
-49150.2
-49121
-49185.2
-49150.7
-49121.3
-49184.9
-49150.5
-49121.1
-49184.5
-49150.2
-49121.2
-49185
-49150.5
-49121.3
-49185.2
-49150.6
-49121.4
-49185.9
-49151.3
-49121.9
-49185.8
-49151.2
-49122
-49186.6
-49152
-49122.6
-49186.4
-49151.7
-49122.5
-49184.9
-49150.5
-49121.5
-49185
-49150.6
-49121.5
-49184.6
-49150.2
-49121.2
-49184.6
-49150.2
-49121.2
-49184.1
-49149.7
-49120.7
-49183.5
-49149.2
-49120.2
-49184.4
-49150.1
-49121.1
-49183.6
-49149.3
-49120.2
-49184.3
-49150
-49120.9
-49183.3
-49149.2
-49120.2
-49185.3
-49150.9
-49121.6
-49185.3
-49150.9
-49121.6
-49186.7
-49152.2
-49122.7
-49186.2
-49151.8
-49122.3
-49186.9
-49152.4
-49122.8
-49183.6
-49149.3
-49120.4
-49183.9
-49149.6
-49120.6
-49184.7
-49150.3
-49121.3
-49185.8
-49151.2
-49121.9
-49185.5
-49150.8
-49121.5
-49185.4
-49150.8
-49121.5
-49185.8
-49151.3
-49122
-49185.4
-49150.9
-49121.7
-49185.3
-49150.7
-49121.6
-49185.9
-49151.4
-49122
-49185.6
-49151
-49121.7
-49185.3
-49150.7
-49121.6
-49185.9
-49151.3
-49122
-49185.8
-49151.3
-49121.9
-49185.6
-49151.1
-49121.7
-49185.4
-49150.9
-49121.6
-49185.6
-49151.1
-49121.6
-49185.7
-49151.2
-49121.9
-49185.8
-49151.3
-49122
-49186.1
-49151.6
-49122
-49185.3
-49150.7
-49121.5
-49185.7
-49151.2
-49121.8
-49185.5
-49151
-49121.7
-49186.1
-49151.7
-49122.1
-49184.4
-49149.9
-49120.8
-49185.3
-49150.8
-49121.5
-49185.7
-49151.2
-49121.8
-49185.7
-49151.2
-49121.8
-49186.2
-49151.7
-49122.1
-49186
-49151.4
-49122.1
-49185.8
-49151.4
-49122
-49186.8
-49152.3
-49122.6
-49186.3
-49151.8
-49122.3
-49185.9
-49151.3
-49122.1
-49186.9
-49152.4
-49122.9
-49186.6
-49152
-49122.5
-49185.1
-49150.5
-49121.4
-49185.3
-49150.7
-49121.6
-49186.5
-49151.9
-49122.6
-49186.4
-49151.7
-49122.4
-49186.2
-49151.5
-49122.3
-49183.3
-49148.9
-49120
-49186.3
-49151.8
-49122.1
-49185.1
-49150.6
-49121.2
-49185.6
-49151
-49121.6
-49185.1
-49150.6
-49121.3
-49185.1
-49150.6
-49121.3
-49185.3
-49150.8
-49121.5
-49185.3
-49150.8
-49121.5
-49185.5
-49151
-49121.6
-49185.4
-49151
-49121.5
-49183.9
-49149.4
-49120.3
-49185.4
-49150.8
-49121.5
-49185.6
-49151.2
-49121.7
-49186.5
-49152
-49122.6
-49185.9
-49151.4
-49122.1
-49185.9
-49151.5
-49122.3
-49186.5
-49152
-49122.4
-49185.8
-49151.3
-49122
-49186.1
-49151.6
-49122.2
-49186
-49151.6
-49122.3
-49183.3
-49149
-49120
-49185.7
-49151.2
-49121.7
-49185.8
-49151.3
-49121.7
-49185.4
-49150.8
-49121.4
-49185.6
-49151
-49121.7
-49185.4
-49150.9
-49121.5
-49185.3
-49150.9
-49121.4
-49184.6
-49150
-49120.9
-49185.4
-49150.9
-49121.6
-49185.9
-49151.4
-49122
-49186.2
-49151.7
-49122.4
-49186.8
-49152.3
-49122.7
-49186.1
-49151.5
-49122.2
-49186
-49151.6
-49122.2
-49186.6
-49152.1
-49122.6
-49186.3
-49151.7
-49122.4
-49186.5
-49151.9
-49122.4
-49185.5
-49150.9
-49121.8
-49185.1
-49150.6
-49121.4
-49185.9
-49151.3
-49121.9
-49185.3
-49150.6
-49121.5
-49185.4
-49150.8
-49121.6
-49185.6
-49151.2
-49121.8
-49185.6
-49151.1
-49121.7
-49185.8
-49151.3
-49122
-49185.9
-49151.5
-49121.9
-49185
-49150.5
-49121.3
-49185.2
-49150.6
-49121.6
-49185.8
-49151.3
-49122
-49186.5
-49152
-49122.4
-49186.3
-49151.7
-49122.3
-49185.6
-49151.1
-49121.8
-49185.7
-49151.3
-49122
-49185.9
-49151.5
-49122.1
-49186.4
-49151.9
-49122.3
-49185.8
-49151.2
-49121.8
-49185.7
-49151
-49121.9
-49186.2
-49151.6
-49122.3
-49186.4
-49151.8
-49122.4
-49183.9
-49149.5
-49120.6
-49185.9
-49151.5
-49122
-49184.2
-49149.8
-49120.8
-49186.3
-49151.9
-49122.2
-49185.6
-49151.2
-49121.8
-49184.2
-49149.8
-49120.7
-49186.3
-49151.8
-49122.2
-49183.4
-49149.1
-49120.1
-49185.7
-49151.2
-49121.8
-49185.4
-49151.1
-49121.9
-49185.7
-49151.3
-49122
-49184.4
-49150
-49120.9
-49186
-49151.6
-49122.2
-49184.6
-49150.3
-49121.1
-49183.7
-49149.4
-49120.4
-49184.5
-49150
-49120.8
-49185.5
-49151.3
-49121.8
-49184.5
-49150.1
-49121.1
-49183.3
-49148.9
-49119.9
-49186.6
-49152.3
-49122.6
-49185
-49150.5
-49121.3
-49185.4
-49150.8
-49121.5
-49185.9
-49151.5
-49121.9
-49184.2
-49149.8
-49120.6
-49185.4
-49150.8
-49121.4
-49185.2
-49150.7
-49121.3
-49185.2
-49150.7
-49121.3
-49185.1
-49150.6
-49121.3
-49185.2
-49150.7
-49121.4
-49185.2
-49150.7
-49121.3
-49185.1
-49150.6
-49121.2
-49186.9
-49152.4
-49122.8
-49185.6
-49151
-49121.9
-49186
-49151.5
-49122.1
-49185.6
-49151.2
-49121.9
-49185.5
-49151
-49121.7
-49185.9
-49151.5
-49122.2
-49185.9
-49151.5
-49122.2
-49185.3
-49150.9
-49121.5
-49183.9
-49149.4
-49120.5
-49185.9
-49151.5
-49121.9
-49184.9
-49150.6
-49121.2
-49184.4
-49150
-49120.7
-49186
-49151.6
-49122
-49183
-49148.7
-49119.7
-49183.5
-49149.3
-49120.4
-49185
-49150.6
-49121.3
-49183.8
-49149.6
-49120.6
-49184.4
-49150
-49120.9
-49184.7
-49150.5
-49121.1
-49184.2
-49149.8
-49120.5
-49184.6
-49150.2
-49121
-49184.3
-49149.9
-49121
-49185.1
-49150.7
-49121.4
-49183.3
-49148.9
-49119.8
-49185.1
-49150.6
-49120.6
-49185.6
-49151.3
-49121.4
-49184.9
-49150.5
-49121.5
-49184.9
-49150.7
-49121.3
-49184.1
-49149.8
-49120.9
-49184.5
-49150.1
-49121.1
-49182.9
-49148.6
-49119.5
-49186
-49151.6
-49122
-49184.6
-49150.1
-49121
-49185.3
-49150.7
-49121.5
-49185.1
-49150.6
-49121.2
-49185.2
-49150.7
-49121.2
-49185.3
-49150.8
-49121.5
-49185.1
-49150.7
-49121.3
-49186.8
-49152.4
-49122.8
-49185.4
-49150.9
-49121.8
-49186.5
-49152
-49122.4
-49184.7
-49150.2
-49121.1
-49185.8
-49151.4
-49122.1
-49186.3
-49151.8
-49122.3
-49185.5
-49151
-49121.6
-49185
-49150.5
-49121.3
-49184.1
-49149.8
-49120.7
-49184.6
-49150.1
-49121
-49184.5
-49150.2
-49121
-49183.2
-49149
-49120.1
-49184.6
-49150.1
-49120.9
-49183.8
-49149.4
-49120.3
-49185.7
-49151.3
-49121.7
-49184
-49149.8
-49120.6
-49184.7
-49150.3
-49121.2
-49184.8
-49150.4
-49121.4
-49185.7
-49151.4
-49122
-49185.6
-49151.3
-49121.9
-49186.6
-49152.2
-49122.6
-49184.5
-49150.2
-49120.9
-49183.4
-49149.1
-49120.2
-49184.4
-49149.9
-49120.8
-49185.7
-49151.4
-49121.9
-49186.2
-49151.9
-49122.4
-49186.6
-49152.1
-49122.6
-49185.7
-49151.3
-49121.9
-49185.4
-49151
-49121.8
-49186
-49151.6
-49122.1
-49182.3
-49148
-49119.2
-49185.1
-49150.6
-49121.3
-49185.1
-49150.7
-49121.2
-49185.5
-49151.1
-49121.5
-49184.9
-49150.3
-49121.1
-49185.4
-49150.9
-49121.5
-49185.8
-49151.3
-49121.7
-49184.8
-49150.3
-49121
-49185.4
-49150.8
-49121.5
-49185.9
-49151.4
-49122.1
-49186.1
-49151.7
-49122.4
-49186
-49151.6
-49122.2
-49186.2
-49151.7
-49122.1
-49186.1
-49151.6
-49122.2
-49186.9
-49152.4
-49122.7
-49186.3
-49151.7
-49122.3
-49184.1
-49149.6
-49120.5
-49183.6
-49149.2
-49120
-49184.2
-49149.8
-49120.8
-49184.3
-49150
-49120.9
-49185.3
-49150.9
-49121.6
-49185
-49150.6
-49121.2
-49185.9
-49151.4
-49121.7
-49184.8
-49150.6
-49121.3
-49185
-49150.5
-49121.5
-49183.9
-49149.7
-49120.7
-49184.8
-49150.4
-49121.4
-49183.2
-49148.9
-49119.8
-49185.2
-49150.8
-49121.3
-49185.9
-49151.4
-49121.8
-49185.1
-49150.8
-49121.4
-49186.2
-49151.7
-49122
-49184.1
-49149.8
-49120.7
-49184.5
-49150.1
-49121
-49185.4
-49151.1
-49121.6
-49184.2
-49150
-49121
-49185.1
-49150.8
-49121.7
-49183.8
-49149.6
-49120.7
-49185
-49150.6
-49121.4
-49184.8
-49150.3
-49121
-49185.1
-49150.6
-49121.4
-49185.2
-49150.8
-49121.4
-49185.4
-49151
-49121.5
-49185.1
-49150.6
-49121.3
-49186
-49151.6
-49122
-49185.7
-49151.2
-49121.8
-49186.1
-49151.7
-49122.3
-49186
-49151.6
-49122.2
-49186.5
-49152.1
-49122.6
-49186.8
-49152.3
-49122.6
-49183.9
-49149.7
-49120.7
-49183
-49148.8
-49119.9
-49184.1
-49149.6
-49120.5
-49183.9
-49149.6
-49120.6
-49185.4
-49150.9
-49121.6
-49185.2
-49150.6
-49121.4
-49185.4
-49150.8
-49121.6
-49185.5
-49151
-49121.7
-49185.8
-49151.1
-49121.7
-49185.6
-49150.9
-49121.6
-49185.7
-49151.3
-49121.8
-49185.3
-49150.8
-49121.5
-49185.6
-49151.1
-49121.8
-49185.9
-49151.4
-49121.8
-49184
-49149.5
-49120.3
-49185.2
-49150.7
-49121.3
-49185.7
-49151.2
-49121.8
-49186.2
-49151.8
-49122.2
-49186.1
-49151.5
-49122.2
-49185.4
-49150.9
-49121.6
-49185.5
-49151.1
-49121.8
-49185.8
-49151.4
-49121.9
-49186.2
-49151.7
-49122.1
-49185.7
-49151
-49121.8
-49185.9
-49151.3
-49122
-49186.2
-49151.6
-49122.2
-49183.5
-49149.1
-49120.1
-49185.1
-49150.6
-49121.2
-49185.9
-49151.4
-49121.7
-49184.7
-49150.1
-49121
-49185.2
-49150.6
-49121.3
-49184.9
-49150.4
-49121
-49185.2
-49150.7
-49121.4
-49185.3
-49150.8
-49121.4
-49186.8
-49152.3
-49122.6
-49185.7
-49151.1
-49121.7
-49185.7
-49151.3
-49122
-49186.3
-49151.9
-49122.3
-49184.9
-49150.4
-49121.3
-49186
-49151.6
-49122.3
-49186.4
-49152
-49122.3
-49185.2
-49150.7
-49121.3
-49184.9
-49150.4
-49121
-49185
-49150.6
-49121.3
-49185.2
-49150.8
-49121.4
-49186
-49151.5
-49121.8
-49185.6
-49151
-49121.5
-49186.2
-49151.8
-49122.4
-49186.4
-49152
-49122.5
-49185.7
-49151.3
-49122
-49186.9
-49152.4
-49122.7
-49185.6
-49151
-49121.7
-49185.8
-49151.1
-49121.7
-49185.4
-49151.1
-49121.6
-49183.8
-49149.4
-49120.3
-49185.5
-49151
-49121.7
-49186.1
-49151.6
-49122
-49184.3
-49149.8
-49120.8
-49185.4
-49151
-49121.7
-49185.6
-49151.2
-49121.9
-49186.3
-49151.8
-49122.3
-49185.6
-49151.1
-49121.8
-49186.5
-49152
-49122.3
)
;

boundaryField
{
    sphere_to_oil
    {
        type            calculated;
        value           nonuniform List<scalar> 
1536
(
-49119.5
-49119.8
-49119.8
-49120.3
-49120
-49120.4
-49120.7
-49120.2
-49120.3
-49120.8
-49120
-49119.7
-49120.3
-49120.8
-49120
-49120.8
-49118.5
-49118.8
-49120.1
-49120.2
-49120.2
-49119.3
-49119.5
-49119.8
-49119.8
-49119.8
-49119.5
-49119.8
-49120
-49120.2
-49120.1
-49120.2
-49120.2
-49119.4
-49119.4
-49119.8
-49119.4
-49119.5
-49119.9
-49119.5
-49119.8
-49119.5
-49120.2
-49120.1
-49120
-49120.4
-49119.6
-49119.6
-49120.8
-49120.7
-49120.7
-49120.8
-49119.6
-49119.7
-49120.1
-49119.9
-49120.6
-49120.7
-49119.9
-49120.1
-49120.3
-49120.2
-49120.4
-49119.7
-49120.1
-49119.7
-49119.3
-49120.4
-49120.4
-49120.4
-49118.8
-49121.2
-49121
-49120.8
-49118.7
-49120.5
-49120.7
-49121
-49120.8
-49118.8
-49119.4
-49119.6
-49120.6
-49119.9
-49120.3
-49119.9
-49120.9
-49120.7
-49120.6
-49120.1
-49120.4
-49119.8
-49120.1
-49119.8
-49120
-49119.6
-49118.9
-49120.3
-49120.2
-49120.6
-49120.6
-49118.8
-49120.1
-49120.4
-49120.9
-49120.8
-49118.6
-49121.3
-49121.2
-49120.4
-49120.6
-49120.8
-49119.5
-49119.7
-49120.5
-49120.7
-49121
-49120.3
-49120
-49120.2
-49120.8
-49120.4
-49119.9
-49120
-49119.3
-49119.6
-49120
-49120.3
-49119.4
-49119.6
-49119.8
-49120.3
-49120.4
-49120.7
-49120.7
-49119.7
-49119.8
-49119.6
-49120.8
-49120.5
-49120
-49120
-49120
-49120.1
-49120.4
-49120.3
-49119.2
-49119.5
-49119.6
-49118.3
-49118.7
-49119.9
-49119.8
-49119.6
-49119.8
-49120
-49119
-49119.7
-49118.2
-49119.1
-49118.9
-49119.5
-49119.3
-49119.3
-49119.7
-49119.2
-49119.6
-49119.4
-49118.8
-49119.3
-49120.5
-49120.5
-49120.6
-49120.5
-49120.7
-49120.5
-49119
-49120
-49119.3
-49118.2
-49119.2
-49118.9
-49119.2
-49118.9
-49119.7
-49118.8
-49119.5
-49120.4
-49120.4
-49120.7
-49121.1
-49120.5
-49120.6
-49120.3
-49120.5
-49120.9
-49120.3
-49120.2
-49120.6
-49120.6
-49120.6
-49121.1
-49119.9
-49119.8
-49119.7
-49120.1
-49120.5
-49120
-49120
-49120.2
-49120.4
-49120.5
-49120.8
-49120.4
-49120.5
-49120.1
-49120.4
-49120.8
-49121.1
-49121.5
-49120.5
-49120.6
-49120.3
-49120.8
-49120.9
-49119.6
-49119.9
-49120.1
-49120.1
-49120.7
-49119.8
-49120.2
-49120
-49120.2
-49119.6
-49119.6
-49119.4
-49120
-49120.1
-49121
-49120.9
-49120.1
-49119.4
-49120
-49120.7
-49120.8
-49120.6
-49119.9
-49119.5
-49119.6
-49121
-49120.1
-49120.5
-49120.2
-49120.4
-49120.5
-49120.4
-49119.9
-49119.9
-49118.9
-49118.6
-49119.2
-49120.2
-49118.7
-49119.4
-49119.8
-49119.8
-49120.4
-49119.6
-49119.7
-49119.6
-49120
-49120.2
-49120.5
-49120.5
-49120.2
-49120.3
-49120.4
-49120.6
-49119.5
-49119.3
-49119.2
-49119.9
-49119.9
-49121.1
-49120.7
-49120.8
-49119.7
-49119.9
-49119.3
-49119.2
-49119.8
-49120
-49120.6
-49120.4
-49120.5
-49121.4
-49121.4
-49121.3
-49121.6
-49121.3
-49121.4
-49121.2
-49120.5
-49120.5
-49118.6
-49119.1
-49119.1
-49119.1
-49119.8
-49118.5
-49119.4
-49120.8
-49120.7
-49120.8
-49120.6
-49120.7
-49120.6
-49120.1
-49120.1
-49119.8
-49120.3
-49120.1
-49120.3
-49119.8
-49119.8
-49119.7
-49120.2
-49120.1
-49119.4
-49119.6
-49120
-49120.4
-49120.9
-49121
-49120.4
-49120.6
-49120.3
-49120.5
-49120.2
-49120.3
-49120.5
-49120.4
-49120.3
-49120.7
-49120.9
-49121.3
-49121.4
-49121.4
-49121.3
-49121.3
-49121.2
-49120.3
-49119.9
-49119.8
-49119.7
-49120.2
-49119.4
-49120
-49119.7
-49119.7
-49119.6
-49120.1
-49119.9
-49119.2
-49120.1
-49120.6
-49120.6
-49121.1
-49121.1
-49120.8
-49120.7
-49120.5
-49121
-49120.9
-49120.4
-49120.5
-49119.8
-49119.3
-49119.6
-49119.7
-49119.7
-49119.5
-49120.2
-49120.7
-49119.8
-49119.2
-49119.1
-49119.4
-49119.4
-49119.3
-49120.1
-49120.2
-49120.9
-49120.7
-49120.3
-49120.6
-49120.6
-49120.4
-49121
-49120.7
-49120.3
-49120.6
-49120.3
-49120.8
-49121.2
-49120.6
-49120.6
-49120.4
-49120.8
-49121
-49121.1
-49120.8
-49121.1
-49121.1
-49120.7
-49120.9
-49120.6
-49120.2
-49120.3
-49119.3
-49120.7
-49120.2
-49119.9
-49119.9
-49119.7
-49120.2
-49120.4
-49120
-49119.8
-49120.5
-49120.7
-49120.3
-49120.9
-49120.7
-49121
-49120.7
-49120.1
-49120
-49119.8
-49120.5
-49120.4
-49120.2
-49120.7
-49120.9
-49121.4
-49121.3
-49121.3
-49121.2
-49121.2
-49121.3
-49120.5
-49120.6
-49119.1
-49119.3
-49119.4
-49118.4
-49119.4
-49119
-49119.6
-49120.4
-49119.9
-49120
-49119.8
-49119.6
-49119.7
-49119.6
-49120.2
-49119.6
-49119.6
-49119.6
-49120.1
-49119.9
-49119.6
-49119.9
-49119
-49121
-49120.6
-49120.5
-49120.3
-49121
-49120.6
-49120.6
-49120.1
-49120.8
-49120.7
-49120.3
-49120.3
-49118.6
-49117.7
-49119
-49118.2
-49118.5
-49118.6
-49121.2
-49120.9
-49120
-49120.3
-49120.4
-49120.6
-49117.9
-49118.9
-49118.6
-49118.5
-49119.1
-49118.6
-49117.4
-49121.1
-49121.1
-49121
-49121.2
-49121
-49120.5
-49120.5
-49120.1
-49120.2
-49119.8
-49119.7
-49119.5
-49120.2
-49119.8
-49120
-49118.9
-49120.3
-49119.8
-49119.4
-49119.3
-49120.5
-49121
-49120.2
-49120.7
-49120.5
-49120.6
-49120.7
-49120.8
-49120.8
-49120.6
-49120.6
-49120.3
-49121
-49120.4
-49120.5
-49120.3
-49120.8
-49120.7
-49120.7
-49120.4
-49120.5
-49120.9
-49120.7
-49120.5
-49119.9
-49119.5
-49120.8
-49119.9
-49119.1
-49119.4
-49118.6
-49119.6
-49119.2
-49119.9
-49119.8
-49119.5
-49118.4
-49119.3
-49119.2
-49119.6
-49120.1
-49118.8
-49119.9
-49119.9
-49119.8
-49120.1
-49119.6
-49119.8
-49118.9
-49119.9
-49119.9
-49119.2
-49119.3
-49119.6
-49118.5
-49118.9
-49119.5
-49119.7
-49119.3
-49120.1
-49120.2
-49119.3
-49119.7
-49119.3
-49120.1
-49120.1
-49120.4
-49120.3
-49120.5
-49120.8
-49120.6
-49120.8
-49120.6
-49120.3
-49120.4
-49120.1
-49120.7
-49120.9
-49120.4
-49120.4
-49120.1
-49120.8
-49120.9
-49118.1
-49119.2
-49118.6
-49118.6
-49119.4
-49118.9
-49117.8
-49120.9
-49120.8
-49120.7
-49121.1
-49121
-49120.5
-49120.4
-49120
-49118.4
-49118.3
-49119.2
-49119.4
-49117.7
-49118.9
-49117.8
-49118.9
-49119.6
-49120.4
-49121.3
-49121.3
-49121
-49120.8
-49121.1
-49121
-49121.2
-49120.1
-49120.4
-49120
-49119.9
-49119.8
-49119.6
-49119.9
-49119.6
-49119.1
-49119.3
-49119.2
-49119.8
-49120.1
-49120.3
-49119.8
-49119.9
-49119.4
-49120.2
-49120.4
-49120.2
-49120.3
-49120
-49121
-49120.4
-49121
-49120.5
-49121.5
-49121.8
-49120.8
-49120.7
-49120.7
-49120.5
-49121.1
-49120.9
-49120.8
-49120.4
-49120.5
-49121
-49120.7
-49120.7
-49120.2
-49120.5
-49120.9
-49121.1
-49120.8
-49120.8
-49120.8
-49120.5
-49121.1
-49121.1
-49120.5
-49120.3
-49120.3
-49120.7
-49121
-49119.3
-49119.6
-49120.1
-49119.7
-49118.9
-49119.4
-49119.7
-49120.2
-49119
-49120.6
-49120.6
-49120.7
-49120.7
-49120.7
-49120.8
-49120.7
-49120.3
-49120.3
-49119.7
-49120.6
-49120.4
-49119.8
-49119.9
-49119.7
-49120.2
-49118.8
-49118.7
-49120.1
-49120.3
-49120.5
-49120.2
-49120.9
-49120.7
-49121.1
-49120.1
-49120.2
-49119.8
-49120.4
-49120.5
-49120.7
-49120.4
-49120.3
-49120.1
-49121.3
-49121.3
-49121.2
-49121.3
-49121.4
-49121.1
-49120.5
-49120
-49119.7
-49119.8
-49119.3
-49120.1
-49119.5
-49119.5
-49119.3
-49120
-49119.5
-49119.4
-49119.8
-49120.2
-49120
-49119.8
-49120.6
-49120.3
-49120.4
-49120.1
-49120
-49121.2
-49120.8
-49120.4
-49120.3
-49120
-49120.3
-49120.1
-49120.6
-49120.6
-49121.2
-49119.5
-49119.6
-49119.5
-49119.9
-49120.1
-49120.4
-49119.5
-49119.9
-49119.5
-49119.8
-49119.8
-49119.8
-49119.6
-49119.9
-49120.1
-49120.3
-49121
-49120.8
-49120.4
-49120.3
-49121.1
-49121.2
-49120.9
-49120.8
-49120.9
-49120.5
-49121.2
-49121.2
-49120.4
-49120.8
-49120.6
-49120.7
-49121
-49120.7
-49120.9
-49120.5
-49120.6
-49120.4
-49120.5
-49120.6
-49120.4
-49120.6
-49120.5
-49120.7
-49120.7
-49120.7
-49120.1
-49120
-49120
-49120.3
-49120.2
-49120.4
-49119.2
-49119.2
-49120.8
-49120.1
-49120.1
-49120
-49120.4
-49119.6
-49119.6
-49120.2
-49120.3
-49120.7
-49121
-49121.1
-49120.6
-49120.6
-49120.1
-49120.1
-49120.9
-49120.5
-49120.4
-49120.3
-49120.8
-49120.9
-49120
-49120.4
-49120.5
-49120.6
-49120.8
-49120.8
-49120.8
-49120.5
-49120.4
-49120.2
-49120
-49120.7
-49119.6
-49120.1
-49120.6
-49121.2
-49120.5
-49120.2
-49120.8
-49120.7
-49120.1
-49120.3
-49120.1
-49120.8
-49120.3
-49120.2
-49120.7
-49119.7
-49121.1
-49120.6
-49120.8
-49119.8
-49119.1
-49120.2
-49120.4
-49120.4
-49120.5
-49120.4
-49119.4
-49120.4
-49119.8
-49120.5
-49119.3
-49120.6
-49120.2
-49119.1
-49119.5
-49121
-49120.4
-49119.8
-49120.9
-49120.1
-49120.7
-49120.1
-49120.9
-49119.9
-49119.9
-49120.2
-49118.6
-49120
-49119.1
-49121
-49120.4
-49121.1
-49120
-49119.7
-49120.5
-49119.8
-49120.1
-49118.8
-49119.3
-49120.8
-49119.7
-49119.3
-49119.5
-49119.5
-49120.1
-49119.9
-49119.3
-49120.4
-49119.4
-49119
-49119.3
-49120.8
-49119.5
-49119.8
-49120
-49120.3
-49120.1
-49120.6
-49120.5
-49120.3
-49120.7
-49119.2
-49120.2
-49120.2
-49120.2
-49120.8
-49119.3
-49119.6
-49120.1
-49120.1
-49120.7
-49120.6
-49120.8
-49120.4
-49120.7
-49120.1
-49120.6
-49119.6
-49120.5
-49119.4
-49120.1
-49119
-49119.9
-49120
-49120.5
-49120
-49120.3
-49119.1
-49120.6
-49120.3
-49120.5
-49121
-49120.2
-49118.6
-49119.8
-49118.7
-49120.6
-49120.5
-49118.7
-49119.7
-49118
-49120.3
-49120.8
-49120.2
-49120.4
-49118.5
-49120.4
-49121
-49120.5
-49120.4
-49121.1
-49120.9
-49119.6
-49119.1
-49120.1
-49119.4
-49118.8
-49120.6
-49119.5
-49120.5
-49119.8
-49120.8
-49119.3
-49119.9
-49118.6
-49120.2
-49120.4
-49120.3
-49120.5
-49120.9
-49120.7
-49120.5
-49120.9
-49118.8
-49119.5
-49118.5
-49120.2
-49121.3
-49120.3
-49120.4
-49119.7
-49118.2
-49119.6
-49118.4
-49119.6
-49119.9
-49120.6
-49120.6
-49120.5
-49120
-49120.4
-49120.5
-49121
-49120.5
-49121.1
-49120.9
-49119.5
-49119.9
-49119.8
-49119.8
-49119.6
-49120.1
-49120.5
-49120.4
-49119.1
-49119.6
-49120
-49120.6
-49120.7
-49120.1
-49119.6
-49119.9
-49121.1
-49120.7
-49120.4
-49120.3
-49120.7
-49120.6
-49120.2
-49120
-49120.8
-49118.9
-49119.5
-49120.4
-49120.9
-49119.7
-49121.2
-49119.2
-49119.7
-49120.6
-49120.5
-49119.8
-49120.9
-49119.5
-49120
-49120.9
-49120.6
-49120.7
-49119.9
-49120.9
-49119.3
-49120
-49121.2
-49119.4
-49120
-49121
-49118.9
-49119.6
-49120.6
-49120.8
-49120.7
-49121
-49120.3
-49120.2
-49121.1
-49120.5
-49120
-49121
-49120.3
-49120.4
-49121.3
-49119.4
-49119.1
-49118.9
-49119.9
-49121
-49118.7
-49119.7
-49120.9
-49120.6
-49120.4
-49120.6
-49120.7
-49119.7
-49121.5
-49120.4
-49119.7
-49121
-49119
-49119.1
-49120.2
-49120.3
-49120.9
-49120.6
-49121
-49120.4
-49120.5
-49120.6
-49120.6
-49121
-49120.3
-49121
-49119.8
-49119.9
-49120.2
-49120.2
-49121.2
-49120.4
-49120.1
-49119.6
-49120.2
-49120.6
-49121
-49121.1
-49121.3
-49121.2
-49120.8
-49120.5
-49120.8
-49120.8
-49120.9
-49120.8
-49119.7
-49119.7
-49119.7
-49120
-49121
-49120.4
-49119.9
-49119.3
-49120
-49120.3
-49120.2
-49120.8
-49121
-49121.3
-49120.6
-49119.9
-49119.7
-49120
-49120
-49121.1
-49119.9
-49120.4
-49121.2
-49120
-49119.8
-49120.5
-49120.3
-49121
-49119.9
-49119.6
-49120.1
-49120.6
-49120.3
-49119.9
-49120.2
-49120.4
-49120.8
-49120.9
-49121.1
-49120.4
-49120.7
-49120.2
-49119.7
-49120
-49119.8
-49120.1
-49120.1
-49120.1
-49120.6
-49120.8
-49121.4
-49121.2
-49120.3
-49120.3
-49120
-49120
-49119.6
-49119.1
-49120
-49119.2
-49119.7
-49119.1
-49120.4
-49120.4
-49121.2
-49121
-49121.3
-49119.3
-49119.5
-49120.1
-49120.6
-49120.3
-49120.3
-49120.7
-49120.5
-49120.4
-49120.7
-49120.4
-49120.3
-49120.7
-49120.6
-49120.5
-49120.3
-49120.3
-49120.6
-49120.7
-49120.6
-49120.3
-49120.5
-49120.5
-49120.7
-49119.6
-49120.3
-49120.6
-49120.5
-49120.8
-49120.9
-49120.7
-49121.2
-49120.9
-49120.8
-49121.5
-49121.2
-49120.3
-49120.5
-49121.3
-49121.1
-49121
-49118.9
-49120.7
-49119.9
-49120.3
-49120
-49120
-49120.3
-49120.3
-49120.2
-49120.2
-49119.2
-49120.3
-49120.3
-49121.2
-49120.8
-49121
-49121.1
-49120.7
-49120.9
-49121
-49118.9
-49120.3
-49120.3
-49120.1
-49120.4
-49120.2
-49120.1
-49119.6
-49120.3
-49120.8
-49121.1
-49121.3
-49120.9
-49121
-49121.2
-49121
-49121.1
-49120.5
-49120.3
-49120.6
-49120.3
-49120.4
-49120.5
-49120.4
-49120.7
-49120.6
-49120.1
-49120.3
-49120.7
-49121
-49121
-49120.6
-49120.8
-49120.8
-49120.9
-49120.5
-49120.8
-49121.1
-49121.1
-49119.5
-49120.7
-49119.6
-49120.8
-49120.5
-49119.5
-49120.7
-49119
-49120.5
-49120.7
-49120.7
-49119.8
-49120.9
-49119.9
-49119.4
-49119.7
-49120.6
-49119.9
-49118.8
-49121.1
-49120
-49120.2
-49120.6
-49119.4
-49120.2
-49120
-49120
-49120.1
-49120.1
-49120.1
-49119.9
-49121.4
-49120.6
-49120.8
-49120.7
-49120.5
-49120.9
-49120.9
-49120.2
-49119.2
-49120.4
-49119.9
-49119.4
-49120.5
-49118.6
-49119.3
-49120.1
-49119.5
-49119.8
-49119.9
-49119.2
-49119.8
-49119.8
-49120.1
-49118.7
-49119.2
-49119.9
-49120.3
-49120.1
-49119.8
-49120
-49118.4
-49120.6
-49119.8
-49120.2
-49119.8
-49120
-49120.2
-49120
-49121.4
-49120.6
-49121
-49119.9
-49120.8
-49120.9
-49120.3
-49120
-49119.6
-49119.8
-49119.8
-49119.1
-49119.7
-49119.2
-49120.3
-49119.5
-49120
-49120.2
-49120.7
-49120.6
-49121.1
-49119.7
-49119.2
-49119.6
-49120.6
-49121
-49121
-49120.6
-49120.6
-49120.8
-49118.2
-49120
-49119.8
-49120.2
-49119.9
-49120.2
-49120.4
-49119.7
-49120.2
-49120.8
-49121.1
-49120.9
-49120.8
-49120.9
-49121.3
-49121
-49119.3
-49118.8
-49119.6
-49119.8
-49120.3
-49119.9
-49120.3
-49120.1
-49120.2
-49119.6
-49120.2
-49118.7
-49119.9
-49120.3
-49120.1
-49120.5
-49119.6
-49119.8
-49120.3
-49119.9
-49120.5
-49119.6
-49120.2
-49119.8
-49120.1
-49120.1
-49120.1
-49120
-49120.7
-49120.4
-49121
-49120.9
-49121.2
-49121.2
-49119.5
-49118.9
-49119.4
-49119.5
-49120.4
-49120.2
-49120.4
-49120.4
-49120.4
-49120.3
-49120.5
-49120.2
-49120.6
-49120.4
-49119.2
-49120
-49120.5
-49120.9
-49120.9
-49120.4
-49120.6
-49120.6
-49120.8
-49120.7
-49120.8
-49121
-49119
-49119.9
-49120.3
-49119.7
-49120
-49119.8
-49120.1
-49120.1
-49121.2
-49120.4
-49120.8
-49120.9
-49120.1
-49121
-49120.8
-49120.1
-49119.8
-49120
-49120.1
-49120.4
-49120.2
-49121.1
-49121.2
-49120.8
-49121.3
-49120.4
-49120.4
-49120.3
-49119.2
-49120.4
-49120.6
-49119.7
-49120.4
-49120.6
-49120.9
-49120.6
-49121
)
;
    }
}


// ************************************************************************* //
