/*--------------------------------*- C++ -*----------------------------------*\
| =========                 |                                                 |
| \\      /  F ield         | OpenFOAM: The Open Source CFD Toolbox           |
|  \\    /   O peration     | Version:  v1912                                 |
|   \\  /    A nd           | Website:  www.openfoam.com                      |
|    \\/     M anipulation  |                                                 |
\*---------------------------------------------------------------------------*/
FoamFile
{
    version     2.0;
    format      ascii;
    class       volScalarField;
    location    "1/sphere";
    object      T;
}
// * * * * * * * * * * * * * * * * * * * * * * * * * * * * * * * * * * * * * //

dimensions      [0 0 0 1 0 0 0];


internalField   nonuniform List<scalar> 
1992
(
498.161
498.215
498.212
498.317
498.18
498.179
498.213
498.533
498.6
498.407
498.21
498.598
498.664
498.479
498.379
498.476
498.326
498.21
498.313
498.18
498.21
498.598
498.663
498.478
498.305
498.661
498.726
498.544
498.21
498.173
498.473
498.539
498.424
498.204
498.177
498.402
498.476
498.31
498.175
498.474
498.541
498.424
498.304
498.422
498.248
498.206
498.206
498.206
498.202
498.206
498.165
498.317
498.218
498.477
498.406
498.541
498.478
498.406
498.541
498.477
498.215
498.163
498.317
498.217
498.478
498.477
498.406
498.317
498.217
498.216
498.164
498.202
498.202
498.2
498.198
498.187
498.197
498.2
498.186
498.197
498.2
498.186
498.202
498.235
498.178
498.177
498.305
498.422
498.178
498.178
498.422
498.31
498.248
498.176
498.305
498.175
498.421
498.213
498.212
498.311
498.402
498.475
498.474
498.538
498.203
498.255
498.241
498.354
498.322
498.295
498.368
498.18
498.31
498.424
498.18
498.176
498.175
498.421
498.305
498.311
498.162
498.214
498.474
498.538
498.403
498.475
498.218
498.216
498.164
498.541
498.478
498.477
498.406
498.424
498.18
498.31
498.235
498.177
498.304
498.422
498.177
498.423
498.309
498.178
498.248
498.202
498.204
498.304
498.175
498.175
498.42
498.212
498.379
498.474
498.21
498.309
498.473
498.536
498.164
498.476
498.406
498.312
498.216
498.539
498.477
498.326
498.179
498.424
498.179
498.199
498.379
498.21
498.473
498.21
498.473
498.305
498.535
498.165
498.479
498.218
498.479
498.217
498.543
498.323
498.21
498.199
498.473
498.38
498.305
498.535
498.21
498.473
498.217
498.408
498.165
498.543
498.323
498.479
498.218
498.21
498.305
498.174
498.421
498.175
498.474
498.212
498.473
498.536
498.21
498.309
498.406
498.214
498.164
498.539
498.477
498.313
498.217
498.424
498.18
498.179
498.202
498.204
498.202
498.204
498.175
498.173
498.42
498.303
498.309
498.473
498.536
498.212
498.378
498.474
498.216
498.539
498.477
498.213
498.163
498.475
498.406
498.424
498.18
498.325
498.199
498.472
498.305
498.535
498.379
498.21
498.473
498.218
498.543
498.323
498.407
498.165
498.478
498.218
498.21
498.198
498.535
498.21
498.472
498.21
498.473
498.379
498.323
498.479
498.218
498.478
498.218
498.407
498.164
498.42
498.176
498.303
498.536
498.21
498.308
498.379
498.474
498.212
498.477
498.312
498.217
498.476
498.406
498.214
498.163
498.18
498.179
498.326
498.201
498.234
498.176
498.303
498.422
498.176
498.422
498.309
498.178
498.248
498.305
498.175
498.421
498.177
498.474
498.474
498.538
498.161
498.214
498.212
498.311
498.424
498.179
498.18
498.421
498.304
498.176
498.538
498.402
498.475
498.212
498.31
498.162
498.214
498.18
498.31
498.179
498.234
498.422
498.176
498.177
498.309
498.178
498.179
498.173
498.162
498.161
498.172
498.163
498.177
498.164
498.176
498.163
498.176
498.163
498.174
498.163
498.161
498.161
498.188
498.186
498.166
498.2
498.197
498.186
498.176
498.162
498.173
498.162
498.185
498.184
498.218
498.324
498.222
498.265
498.265
498.203
498.259
498.242
498.355
498.325
498.296
498.371
498.202
498.255
498.24
498.353
498.322
498.295
498.367
498.184
498.184
498.217
498.323
498.221
498.264
498.264
498.203
498.258
498.242
498.354
498.324
498.295
498.37
498.257
498.203
498.241
498.354
498.324
498.37
498.296
498.256
498.203
498.241
498.353
498.322
498.368
498.295
498.184
498.185
498.217
498.323
498.221
498.266
498.265
498.164
498.16
498.188
498.186
498.165
498.188
498.186
498.165
498.164
498.18
498.18
498.211
498.317
498.218
498.261
498.261
498.175
498.208
498.167
498.242
498.345
498.198
498.319
498.228
498.361
498.291
498.167
498.255
498.184
498.19
498.237
498.165
498.174
498.205
498.167
498.184
498.253
498.237
498.189
498.295
498.168
498.206
498.169
498.247
498.2
498.248
498.348
498.2
498.319
498.244
498.293
498.232
498.363
498.167
498.174
498.208
498.294
498.205
498.168
498.167
498.246
498.248
498.2
498.34
498.316
498.194
498.241
498.286
498.358
498.224
498.177
498.163
498.163
498.167
498.201
498.221
498.243
498.242
498.374
498.188
498.292
498.291
498.163
498.34
498.242
498.316
498.195
498.359
498.225
498.286
498.381
498.299
498.413
498.282
498.399
498.266
498.395
498.184
498.254
498.166
498.19
498.237
498.34
498.316
498.241
498.195
498.359
498.286
498.224
498.178
498.165
498.371
498.407
498.276
498.276
498.389
498.389
498.25
498.202
498.202
498.189
498.181
498.249
498.161
498.187
498.231
498.161
498.197
498.189
498.177
498.164
498.168
498.201
498.184
498.167
498.251
498.236
498.189
498.164
498.168
498.201
498.371
498.234
498.29
498.22
498.236
498.29
498.176
498.181
498.249
498.164
498.233
498.187
498.217
498.369
498.228
498.231
498.285
498.288
498.172
498.18
498.192
498.193
498.164
498.161
498.186
498.188
498.165
498.163
498.176
498.176
498.175
498.166
498.173
498.205
498.165
498.251
498.183
498.189
498.235
498.163
498.17
498.201
498.182
498.163
498.251
498.189
498.233
498.217
498.231
498.229
498.369
498.173
498.288
498.285
498.165
498.252
498.237
498.183
498.189
498.176
498.207
498.167
498.184
498.167
498.252
498.189
498.236
498.167
498.175
498.207
498.234
498.371
498.29
498.22
498.236
498.176
498.29
498.179
498.192
498.192
498.164
498.165
498.173
498.205
498.164
498.182
498.251
498.235
498.188
498.164
498.168
498.201
498.217
498.231
498.228
498.369
498.172
498.287
498.285
498.182
498.162
498.25
498.188
498.233
498.245
498.199
498.32
498.229
498.364
498.346
498.291
498.198
498.242
498.228
498.346
498.319
498.292
498.362
498.166
498.255
498.237
498.184
498.19
498.234
498.371
498.29
498.22
498.236
498.176
498.291
498.167
498.176
498.208
498.184
498.167
498.254
498.19
498.237
498.182
498.164
498.251
498.188
498.234
498.165
498.173
498.205
498.181
498.25
498.163
498.187
498.232
498.164
498.167
498.2
498.216
498.231
498.369
498.229
498.287
498.172
498.285
498.279
498.282
498.413
498.376
498.254
498.393
498.395
498.316
498.181
498.181
498.218
498.211
498.26
498.261
498.246
498.346
498.199
498.32
498.229
498.364
498.291
498.258
498.204
498.325
498.241
498.371
498.355
498.297
498.256
498.202
498.241
498.354
498.322
498.368
498.296
498.185
498.184
498.217
498.323
498.222
498.266
498.265
498.167
498.176
498.208
498.184
498.254
498.168
498.19
498.237
498.22
498.235
498.371
498.237
498.291
498.176
498.291
498.167
498.176
498.208
498.177
498.176
498.175
498.183
498.164
498.252
498.235
498.189
498.216
498.231
498.368
498.228
498.286
498.171
498.285
498.164
498.169
498.202
498.183
498.251
498.165
498.189
498.233
498.168
498.176
498.208
498.22
498.234
498.371
498.236
498.29
498.175
498.29
498.184
498.252
498.166
498.189
498.236
498.167
498.175
498.207
498.18
498.192
498.193
498.164
498.162
498.16
498.186
498.185
498.163
498.164
498.189
498.197
498.178
498.175
498.162
498.163
498.168
498.201
498.163
498.169
498.201
498.215
498.228
498.228
498.368
498.172
498.284
498.284
498.181
498.164
498.249
498.233
498.187
498.181
498.163
498.249
498.232
498.187
498.341
498.196
498.318
498.243
498.287
498.226
498.361
498.341
498.195
498.241
498.316
498.225
498.289
498.359
498.373
498.278
498.277
498.411
498.251
498.392
498.391
498.32
498.184
498.221
498.184
498.263
498.214
498.264
498.381
498.282
498.299
498.413
498.265
498.395
498.399
498.352
498.202
498.255
498.323
498.237
498.295
498.368
498.222
498.242
498.243
498.374
498.187
498.291
498.292
498.168
498.175
498.208
498.184
498.167
498.253
498.237
498.189
498.184
498.167
498.253
498.237
498.19
498.158
498.16
498.184
498.184
498.162
498.34
498.195
498.316
498.24
498.286
498.224
498.358
498.34
498.194
498.316
498.241
498.287
498.224
498.359
498.371
498.275
498.276
498.407
498.251
498.389
498.389
498.324
498.222
498.185
498.185
498.266
498.266
498.217
498.356
498.204
498.325
498.26
498.297
498.242
498.372
498.355
498.204
498.324
498.259
498.296
498.241
498.372
498.389
498.306
498.306
498.423
498.279
498.406
498.406
498.177
498.164
498.178
498.163
498.202
498.202
498.188
498.159
498.185
498.184
498.164
498.156
498.296
498.168
498.205
498.168
498.247
498.199
498.248
498.371
498.277
498.407
498.276
498.389
498.251
498.389
498.34
498.194
498.241
498.316
498.224
498.287
498.359
498.355
498.324
498.203
498.258
498.297
498.372
498.242
498.324
498.185
498.222
498.186
498.266
498.218
498.266
498.389
498.306
498.423
498.306
498.406
498.279
498.406
498.355
498.203
498.259
498.325
498.242
498.296
498.372
498.202
498.202
498.189
498.177
498.164
498.216
498.228
498.23
498.368
498.172
498.284
498.285
498.164
498.169
498.202
498.181
498.163
498.25
498.233
498.187
498.181
498.163
498.25
498.232
498.187
498.295
498.206
498.168
498.168
498.248
498.248
498.2
498.341
498.318
498.197
498.244
498.288
498.361
498.226
498.34
498.195
498.317
498.241
498.288
498.225
498.359
498.373
498.28
498.41
498.278
498.392
498.253
498.391
498.348
498.319
498.2
498.246
498.292
498.363
498.232
498.32
498.221
498.183
498.184
498.263
498.264
498.214
498.381
498.283
498.413
498.299
498.395
498.265
498.399
498.351
498.202
498.323
498.257
498.294
498.238
498.369
498.168
498.176
498.208
498.167
498.175
498.207
498.184
498.168
498.253
498.237
498.19
498.184
498.166
498.254
498.236
498.189
498.163
498.161
498.188
498.186
498.166
498.19
498.198
498.178
498.175
498.162
498.161
498.186
498.188
498.166
498.161
498.197
498.189
498.178
498.174
498.161
498.162
498.181
498.249
498.162
498.187
498.232
498.18
498.249
498.16
498.187
498.231
498.164
498.169
498.201
498.163
498.169
498.201
498.215
498.368
498.227
498.228
498.284
498.284
498.171
498.373
498.278
498.411
498.28
498.391
498.253
498.392
498.295
498.167
498.168
498.205
498.2
498.247
498.248
498.341
498.243
498.197
498.318
498.226
498.361
498.288
498.351
498.255
498.323
498.201
498.368
498.237
498.294
498.349
498.245
498.2
498.319
498.231
498.363
498.293
498.32
498.183
498.183
498.221
498.213
498.264
498.263
498.184
498.254
498.168
498.19
498.237
498.168
498.174
498.207
498.221
498.373
498.242
498.242
498.291
498.291
498.187
498.167
498.175
498.207
498.159
498.185
498.184
498.163
498.159
498.372
498.276
498.407
498.276
498.389
498.251
498.389
498.294
498.166
498.205
498.169
498.247
498.199
498.248
498.34
498.24
498.196
498.316
498.225
498.358
498.288
498.355
498.324
498.26
498.204
498.372
498.296
498.243
498.388
498.307
498.423
498.306
498.406
498.279
498.406
498.324
498.185
498.221
498.185
498.266
498.218
498.265
498.355
498.259
498.203
498.324
498.242
498.372
498.296
498.202
498.202
498.189
498.177
498.164
498.184
498.183
498.163
498.157
498.159
498.34
498.24
498.316
498.195
498.358
498.224
498.286
498.34
498.24
498.316
498.195
498.358
498.224
498.289
498.294
498.167
498.169
498.205
498.199
498.247
498.248
498.389
498.423
498.307
498.306
498.406
498.406
498.279
498.356
498.26
498.325
498.204
498.372
498.242
498.296
498.355
498.259
498.325
498.204
498.372
498.243
498.296
498.324
498.185
498.185
498.223
498.218
498.266
498.265
498.178
498.165
498.177
498.165
498.181
498.25
498.164
498.187
498.233
498.163
498.168
498.2
498.215
498.368
498.228
498.228
498.284
498.285
498.171
498.163
498.169
498.201
498.341
498.317
498.241
498.196
498.359
498.288
498.225
498.373
498.41
498.278
498.279
498.391
498.392
498.252
498.296
498.169
498.206
498.168
498.249
498.201
498.247
498.341
498.243
498.318
498.196
498.361
498.225
498.287
498.38
498.413
498.299
498.281
498.399
498.394
498.264
498.351
498.323
498.256
498.202
498.368
498.295
498.237
498.348
498.245
498.319
498.2
498.362
498.231
498.292
498.32
498.184
498.221
498.183
498.264
498.214
498.263
498.184
498.254
498.167
498.19
498.237
498.184
498.253
498.166
498.189
498.237
498.221
498.374
498.243
498.242
498.292
498.291
498.188
498.168
498.176
498.208
498.167
498.174
498.207
498.186
498.187
498.165
498.162
498.174
498.161
498.163
498.174
498.175
498.177
498.182
498.164
498.251
498.233
498.189
498.216
498.228
498.368
498.231
498.284
498.172
498.287
498.166
498.174
498.205
498.252
498.163
498.182
498.188
498.234
498.168
498.175
498.207
498.37
498.234
498.289
498.219
498.236
498.291
498.175
498.167
498.252
498.236
498.183
498.189
498.175
498.207
498.166
498.179
498.192
498.193
498.163
498.216
498.229
498.369
498.231
498.285
498.173
498.287
498.181
498.163
498.249
498.233
498.187
498.165
498.173
498.204
498.165
498.182
498.251
498.234
498.188
498.181
498.18
498.21
498.316
498.218
498.26
498.26
498.246
498.32
498.199
498.364
498.229
498.346
498.291
498.198
498.243
498.228
498.345
498.318
498.29
498.361
498.166
498.175
498.208
498.183
498.167
498.253
498.237
498.19
498.175
498.207
498.167
498.167
498.253
498.236
498.184
498.19
498.163
498.169
498.201
498.216
498.368
498.228
498.23
498.284
498.287
498.172
498.164
498.182
498.25
498.187
498.234
498.164
498.172
498.204
498.242
498.199
498.228
498.344
498.318
498.36
498.29
498.18
498.181
498.211
498.316
498.218
498.26
498.261
498.245
498.32
498.198
498.363
498.228
498.345
498.291
498.184
498.254
498.167
498.237
498.19
498.371
498.233
498.289
498.22
498.236
498.291
498.177
498.168
498.176
498.208
498.167
498.253
498.237
498.184
498.19
498.175
498.207
498.167
498.175
498.173
498.177
498.165
498.169
498.202
498.182
498.251
498.163
498.232
498.189
498.165
498.174
498.205
498.251
498.165
498.183
498.235
498.189
498.37
498.234
498.29
498.22
498.236
498.29
498.176
498.184
498.251
498.167
498.236
498.189
498.167
498.176
498.207
498.166
498.252
498.236
498.184
498.189
498.176
498.207
498.168
498.304
498.3
498.417
498.276
498.403
498.386
498.4
498.599
498.598
498.663
498.598
498.662
498.661
498.725
498.535
498.664
498.601
498.663
498.601
498.726
498.665
498.662
498.533
498.599
498.661
498.725
498.598
498.662
498.601
498.6
498.535
498.726
498.665
498.663
498.601
498.399
498.43
498.292
498.43
498.352
498.474
498.352
498.662
498.661
498.725
498.532
498.599
498.598
498.662
498.601
498.726
498.665
498.6
498.535
498.663
498.601
498.725
498.598
498.662
498.598
498.662
498.533
498.599
498.665
498.663
498.601
498.664
498.601
498.6
498.535
498.252
498.35
498.349
498.408
498.262
498.335
498.334
498.407
498.349
498.333
498.252
498.35
498.334
498.262
498.406
498.348
498.333
498.252
498.348
498.333
498.262
498.3
498.304
498.277
498.387
498.417
498.401
498.403
498.3
498.304
498.276
498.386
498.417
498.4
498.403
498.303
498.3
498.277
498.386
498.417
498.403
498.4
498.348
498.25
498.347
498.405
498.261
498.332
498.33
498.349
498.406
498.333
498.252
498.348
498.261
498.333
498.25
498.347
498.404
498.347
498.331
498.26
498.33
498.282
498.279
498.413
498.255
498.395
498.376
498.393
498.35
498.407
498.334
498.252
498.35
498.263
498.334
498.249
498.347
498.346
498.404
498.26
498.331
498.33
498.35
498.253
498.35
498.407
498.263
498.334
498.334
498.25
498.348
498.404
498.348
498.331
498.261
498.33
498.252
498.349
498.406
498.348
498.334
498.262
498.333
498.249
498.403
498.346
498.346
498.33
498.329
498.259
498.399
498.293
498.43
498.43
498.352
498.352
498.474
498.252
498.408
498.35
498.35
498.334
498.335
498.262
498.399
498.293
498.43
498.43
498.352
498.352
498.474
498.4
498.43
498.293
498.43
498.353
498.474
498.353
498.25
498.404
498.347
498.346
498.33
498.33
498.26
498.252
498.408
498.35
498.349
498.334
498.334
498.262
498.248
498.346
498.346
498.403
498.259
498.329
498.329
498.399
498.429
498.292
498.43
498.352
498.474
498.352
498.253
498.35
498.35
498.408
498.263
498.334
498.334
498.399
498.429
498.292
498.43
498.352
498.474
498.352
498.399
498.429
498.43
498.293
498.474
498.352
498.352
498.248
498.346
498.346
498.403
498.259
498.329
498.33
498.4
498.429
498.43
498.292
498.474
498.352
498.352
498.347
498.25
498.347
498.404
498.33
498.261
498.331
498.406
498.348
498.332
498.251
498.348
498.333
498.261
498.249
498.404
498.346
498.347
498.33
498.331
498.26
498.282
498.413
498.279
498.395
498.255
498.376
498.393
498.407
498.35
498.334
498.253
498.35
498.334
498.263
498.249
498.346
498.404
498.346
498.33
498.259
498.331
498.282
498.412
498.278
498.395
498.253
498.375
498.392
498.348
498.25
498.405
498.348
498.33
498.332
498.261
)
;

boundaryField
{
    sphere_to_oil
    {
        type            compressible::turbulentTemperatureCoupledBaffleMixed;
        refValue        nonuniform List<scalar> 
1536
(
302.123
302.201
302.201
302.325
302.332
302.198
302.26
302.225
302.246
302.32
302.366
302.313
302.243
302.304
302.39
302.26
302.197
302.198
302.26
302.246
302.218
302.243
302.239
302.261
302.252
302.257
302.252
302.269
302.206
302.065
302.214
302.307
302.296
302.086
302.251
302.184
302.296
302.272
302.336
302.088
302.203
302.204
302.259
302.254
302.268
302.265
302.278
302.286
302.27
302.293
302.257
302.273
302.301
302.261
302.258
302.246
302.236
302.231
302.236
302.21
302.223
302.265
302.242
302.218
302.189
302.238
302.336
302.323
302.388
302.207
302.266
302.223
302.247
302.242
302.238
302.205
302.269
302.209
302.082
302.181
302.355
302.318
302.367
302.103
302.215
302.162
302.238
302.249
302.21
302.221
302.222
302.246
302.244
302.245
302.265
302.258
302.214
302.254
302.227
302.251
302.325
302.357
302.16
302.194
302.151
302.279
302.244
302.221
302.226
302.205
302.261
302.402
302.34
302.137
302.163
302.191
302.321
302.305
302.256
302.255
302.399
302.277
302.209
302.143
302.193
302.284
302.26
302.202
302.2
302.216
302.227
302.329
302.332
302.327
302.182
302.204
302.136
302.337
302.253
302.223
302.225
302.239
302.265
302.266
302.267
302.259
302.233
302.233
302.186
302.221
302.361
302.278
302.355
302.123
302.217
302.194
302.229
302.215
302.263
302.342
302.302
302.193
302.117
302.233
302.304
302.259
302.253
302.395
302.321
302.319
302.316
302.107
302.197
302.24
302.245
302.233
302.31
302.337
302.325
302.348
302.163
302.13
302.192
302.228
302.241
302.219
302.236
302.268
302.204
302.221
302.186
302.234
302.239
302.282
302.222
302.215
302.221
302.251
302.133
302.216
302.169
302.363
302.334
302.226
302.205
302.26
302.254
302.2
302.237
302.384
302.106
302.186
302.207
302.355
302.218
302.285
302.256
302.195
302.242
302.219
302.21
302.249
302.241
302.256
302.226
302.249
302.259
302.237
302.157
302.184
302.155
302.266
302.263
302.12
302.176
302.224
302.199
302.21
302.182
302.255
302.241
302.131
302.181
302.213
302.194
302.241
302.231
302.162
302.206
302.197
302.27
302.167
302.151
302.234
302.287
302.207
302.149
302.176
302.218
302.112
302.116
302.175
302.131
302.207
302.119
302.313
302.296
302.285
302.441
302.159
302.268
302.27
302.281
302.282
302.208
302.105
302.272
302.171
302.31
302.191
302.166
302.251
302.137
302.265
302.271
302.247
302.271
302.412
302.373
302.344
302.249
302.284
302.267
302.211
302.416
302.4
302.356
302.354
302.26
302.223
302.266
302.219
302.405
302.233
302.135
302.298
302.139
302.35
302.137
302.287
302.298
302.113
302.312
302.175
302.298
302.291
302.126
302.188
302.227
302.263
302.132
302.174
302.232
302.277
302.227
302.3
302.275
302.277
302.18
302.3
302.387
302.197
302.212
302.176
302.298
302.419
302.171
302.162
302.267
302.27
302.238
302.294
302.251
302.173
302.176
302.221
302.256
302.221
302.262
302.382
302.167
302.175
302.237
302.292
302.259
302.252
302.261
302.194
302.26
302.21
302.387
302.207
302.14
302.315
302.296
302.295
302.409
302.195
302.203
302.24
302.255
302.24
302.23
302.388
302.349
302.236
302.159
302.205
302.242
302.26
302.188
302.306
302.264
302.401
302.186
302.252
302.172
302.135
302.207
302.182
302.164
302.209
302.221
302.222
302.191
302.405
302.322
302.311
302.131
302.3
302.168
302.278
302.396
302.36
302.202
302.26
302.14
302.091
302.304
302.225
302.331
302.409
302.242
302.226
302.183
302.208
302.171
302.265
302.263
302.292
302.354
302.264
302.169
302.124
302.255
302.297
302.259
302.177
302.168
302.167
302.259
302.316
302.239
302.233
302.13
302.172
302.227
302.233
302.21
302.174
302.399
302.299
302.262
302.172
302.209
302.189
302.25
302.242
302.203
302.137
302.224
302.21
302.225
302.164
302.455
302.263
302.274
302.264
302.286
302.269
302.166
302.138
302.322
302.254
302.253
302.255
302.259
302.286
302.222
302.235
302.295
302.35
302.279
302.316
302.283
302.142
302.124
302.163
302.158
302.175
302.089
302.3
302.298
302.244
302.181
302.242
302.249
302.119
302.104
302.254
302.274
302.236
302.293
302.277
302.197
302.3
302.266
302.211
302.205
302.183
302.215
302.24
302.225
302.268
302.364
302.174
302.225
302.2
302.251
302.28
302.255
302.243
302.168
302.175
302.206
302.236
302.226
302.202
302.403
302.281
302.298
302.155
302.134
302.149
302.258
302.273
302.266
302.296
302.254
302.152
302.146
302.213
302.227
302.322
302.251
302.285
302.239
302.278
302.245
302.357
302.2
302.22
302.213
302.255
302.297
302.171
302.181
302.161
302.228
302.271
302.173
302.16
302.233
302.239
302.233
302.244
302.41
302.232
302.255
302.303
302.343
302.211
302.189
302.324
302.302
302.317
302.304
302.128
302.12
302.118
302.167
302.151
302.231
302.262
302.232
302.232
302.406
302.134
302.289
302.17
302.255
302.315
302.248
302.308
302.121
302.183
302.244
302.208
302.248
302.237
302.384
302.263
302.291
302.267
302.255
302.316
302.157
302.154
302.196
302.236
302.322
302.275
302.434
302.278
302.433
302.186
302.152
302.186
302.29
302.23
302.307
302.244
302.273
302.259
302.269
302.201
302.165
302.258
302.253
302.262
302.262
302.355
302.26
302.307
302.258
302.138
302.171
302.23
302.263
302.236
302.313
302.158
302.173
302.18
302.239
302.319
302.186
302.139
302.243
302.258
302.197
302.328
302.376
302.27
302.311
302.154
302.217
302.097
302.223
302.275
302.187
302.13
302.23
302.203
302.274
302.182
302.386
302.284
302.27
302.288
302.265
302.257
302.255
302.248
302.285
302.312
302.434
302.358
302.382
302.254
302.27
302.259
302.206
302.404
302.167
302.205
302.229
302.228
302.231
302.299
302.407
302.265
302.296
302.174
302.174
302.177
302.26
302.254
302.265
302.234
302.27
302.207
302.207
302.184
302.239
302.23
302.255
302.372
302.317
302.275
302.224
302.216
302.289
302.325
302.277
302.277
302.23
302.333
302.248
302.233
302.144
302.143
302.275
302.252
302.282
302.142
302.273
302.182
302.177
302.218
302.215
302.182
302.256
302.378
302.271
302.306
302.219
302.191
302.161
302.252
302.264
302.197
302.226
302.196
302.252
302.285
302.234
302.393
302.312
302.237
302.209
302.243
302.337
302.214
302.165
302.165
302.239
302.274
302.187
302.191
302.217
302.257
302.228
302.242
302.382
302.249
302.291
302.232
302.282
302.316
302.281
302.334
302.173
302.117
302.135
302.15
302.187
302.108
302.219
302.32
302.137
302.296
302.285
302.189
302.167
302.186
302.174
302.203
302.308
302.294
302.255
302.271
302.236
302.226
302.268
302.12
302.16
302.158
302.137
302.143
302.234
302.208
302.18
302.221
302.458
302.148
302.163
302.242
302.23
302.2
302.203
302.403
302.271
302.285
302.284
302.262
302.291
302.13
302.251
302.184
302.238
302.267
302.259
302.32
302.152
302.213
302.16
302.25
302.269
302.315
302.402
302.322
302.396
302.325
302.231
302.26
302.261
302.308
302.348
302.28
302.343
302.203
302.186
302.195
302.292
302.177
302.256
302.406
302.304
302.246
302.217
302.161
302.185
302.237
302.246
302.225
302.326
302.206
302.179
302.177
302.251
302.276
302.266
302.15
302.12
302.163
302.221
302.165
302.305
302.295
302.177
302.302
302.177
302.29
302.419
302.282
302.405
302.242
302.283
302.274
302.217
302.381
302.383
302.359
302.28
302.234
302.15
302.145
302.249
302.227
302.261
302.161
302.178
302.144
302.261
302.272
302.291
302.19
302.13
302.316
302.308
302.32
302.275
302.195
302.244
302.163
302.353
302.102
302.301
302.163
302.209
302.377
302.287
302.267
302.157
302.269
302.302
302.387
302.358
302.26
302.268
302.264
302.229
302.38
302.354
302.265
302.266
302.297
302.194
302.25
302.195
302.178
302.123
302.229
302.272
302.27
302.175
302.179
302.216
302.217
302.224
302.232
302.394
302.332
302.256
302.184
302.149
302.195
302.291
302.285
302.266
302.287
302.173
302.198
302.151
302.25
302.27
302.372
302.227
302.197
302.2
302.213
302.184
302.226
302.286
302.276
302.373
302.297
302.37
302.302
302.375
302.275
302.237
302.253
302.268
302.31
302.374
302.205
302.179
302.226
302.275
302.207
302.236
302.392
302.132
302.194
302.223
302.279
302.267
302.222
302.386
302.297
302.262
302.153
302.177
302.202
302.253
302.253
302.364
302.217
302.163
302.19
302.146
302.31
302.216
302.165
302.274
302.146
302.175
302.24
302.161
302.286
302.266
302.329
302.241
302.194
302.292
302.256
302.36
302.234
302.26
302.231
302.139
302.123
302.188
302.169
302.159
302.312
302.287
302.297
302.41
302.176
302.236
302.191
302.104
302.331
302.265
302.31
302.251
302.222
302.208
302.235
302.129
302.166
302.178
302.106
302.159
302.357
302.279
302.322
302.19
302.146
302.126
302.241
302.264
302.231
302.351
302.086
302.16
302.171
302.243
302.306
302.186
302.175
302.222
302.216
302.236
302.236
302.384
302.131
302.235
302.222
302.231
302.237
302.186
302.425
302.308
302.278
302.205
302.19
302.2
302.224
302.256
302.273
302.167
302.372
302.268
302.285
302.414
302.376
302.295
302.367
302.276
302.237
302.242
302.243
302.312
302.273
302.305
302.189
302.236
302.179
302.268
302.265
302.19
302.2
302.218
302.303
302.187
302.218
302.381
302.328
302.317
302.165
302.174
302.225
302.278
302.237
302.213
302.403
302.203
302.115
302.343
302.293
302.304
302.157
302.218
302.21
302.172
302.306
302.117
302.189
302.254
302.158
302.444
302.212
302.325
302.167
302.278
302.298
302.393
302.353
302.267
302.249
302.246
302.223
302.392
302.374
302.265
302.265
302.286
302.215
302.239
302.196
302.161
302.186
302.296
302.284
302.183
302.201
302.271
302.148
302.152
302.324
302.175
302.131
302.283
302.312
302.407
302.299
302.417
302.138
302.195
302.232
302.168
302.178
302.417
302.391
302.282
302.373
302.385
302.266
302.183
302.25
302.279
302.393
302.226
302.236
302.182
302.192
302.192
302.246
302.236
302.174
302.226
302.036
302.23
302.29
302.17
302.195
302.196
302.23
302.284
302.154
302.176
302.206
302.211
302.208
302.243
302.412
302.316
302.251
302.233
302.18
302.257
302.227
302.213
302.224
302.216
302.392
302.275
302.416
302.193
302.323
302.176
302.368
302.263
302.201
302.186
302.288
302.279
302.404
302.349
302.312
302.438
302.263
302.256
302.246
302.239
302.32
302.309
302.248
302.184
302.163
302.17
302.266
302.252
302.322
302.239
302.175
302.181
302.196
302.274
302.232
302.329
302.289
302.189
302.214
302.248
302.281
302.265
302.187
302.369
302.193
302.145
302.206
302.277
302.22
302.26
302.39
302.284
302.305
302.224
302.202
302.265
302.174
302.249
302.119
302.23
302.236
302.135
302.125
302.124
302.219
302.286
302.106
302.246
302.27
302.245
302.207
302.301
302.287
302.263
302.303
302.241
302.331
302.26
302.23
302.152
302.178
302.295
302.25
302.275
302.198
302.322
302.129
302.191
302.228
302.245
302.272
302.243
302.394
302.206
302.163
302.078
302.248
302.351
302.249
302.305
302.193
302.219
302.216
302.223
302.239
302.311
302.37
302.28
302.242
302.274
302.219
302.186
302.171
302.238
302.292
302.239
302.272
302.247
302.212
302.231
302.369
302.203
302.195
302.221
302.246
302.236
302.266
302.303
302.319
302.332
302.301
302.125
302.146
302.156
302.292
302.233
302.274
302.318
302.262
302.237
302.135
302.173
302.29
302.243
302.151
302.178
302.228
302.267
302.244
302.226
302.399
302.21
302.218
302.14
302.252
302.299
302.251
302.271
302.249
302.251
302.232
302.255
302.236
302.329
302.472
302.287
302.448
302.211
302.159
302.173
302.251
302.218
302.229
302.43
302.291
302.253
302.254
302.218
302.155
302.251
302.294
302.267
302.275
302.241
302.387
302.237
302.163
302.225
302.143
302.224
302.15
302.304
302.274
302.256
302.278
302.119
302.179
302.239
302.201
302.241
302.178
302.481
302.283
302.283
302.263
302.179
302.217
302.151
302.24
302.297
302.234
302.275
302.19
302.165
302.232
302.269
302.22
302.183
302.392
302.319
302.459
302.229
302.289
302.256
302.291
302.245
302.281
302.426
302.333
302.228
302.145
302.218
302.128
302.278
302.236
302.256
302.277
302.246
302.199
302.182
302.239
302.248
302.283
302.24
302.344
302.165
302.18
302.313
302.286
302.243
302.25
302.265
302.256
302.226
302.224
302.4
302.166
302.2
302.192
302.329
302.263
302.227
302.215
302.238
302.258
302.257
302.258
302.3
302.2
302.215
302.23
302.223
302.252
302.211
302.351
302.319
302.252
302.138
302.144
302.153
302.252
302.273
302.17
302.201
302.209
302.277
302.249
302.264
302.369
302.097
302.168
302.176
302.302
302.245
302.241
302.256
302.212
302.263
302.324
302.306
302.254
302.197
302.166
302.092
302.238
302.267
302.195
302.192
302.227
302.274
302.249
302.209
302.371
302.173
302.163
302.223
302.299
302.253
302.248
302.26
302.258
302.264
302.2
302.386
302.198
302.186
302.204
)
;
        refGradient     uniform 0;
        valueFraction   nonuniform List<scalar> 
1536
(
0.00012937
0.000146894
0.000155924
0.000386767
0.000369699
0.000209913
0.000228712
0.000200872
0.000215085
0.000372027
0.000367132
0.000369585
0.000207147
0.000219495
0.000369331
0.000349017
0.000214582
0.000237023
0.000325292
0.000195547
0.000209239
0.00019519
0.000206421
0.000339562
0.000340255
0.000339705
0.000322455
0.000340096
0.000172913
0.000148512
0.000158063
0.000399004
0.000391713
0.000136098
0.000149123
0.000152446
0.000391258
0.000390236
0.000389492
0.000137073
0.000148247
0.000152348
0.000323219
0.000322915
0.000306855
0.000302857
0.000246119
0.000297333
0.000308812
0.000242226
0.000300637
0.000307377
0.000241779
0.0003239
0.000193062
0.000202359
0.000199226
0.000214064
0.000204637
0.000223283
0.000199929
0.00021033
0.000212957
0.00024189
0.000207638
0.000232769
0.000374152
0.000372735
0.00030993
0.000209679
0.000226583
0.00020173
0.000214065
0.000209341
0.000237315
0.000200534
0.000211328
0.000148338
0.000133548
0.000155771
0.000376922
0.000395494
0.000389022
0.000136397
0.000152272
0.000152467
0.000202019
0.000212303
0.000204937
0.000223251
0.000199488
0.000211615
0.000201044
0.000218852
0.000319694
0.000327203
0.000196111
0.00020777
0.000205305
0.000215117
0.000368427
0.000368606
0.000144867
0.000148942
0.00012705
0.000392422
0.000204497
0.000215355
0.000206065
0.000222693
0.000314329
0.000366728
0.000368456
0.000134742
0.000155552
0.000160298
0.000395514
0.00039034
0.000350026
0.000316091
0.000370397
0.000393535
0.000140256
0.000127861
0.000147266
0.000392716
0.000349277
0.000213446
0.00024043
0.000201157
0.000219275
0.000368441
0.000367969
0.000371797
0.00014951
0.000153474
0.000130541
0.000392576
0.000200591
0.000213584
0.00021044
0.000232995
0.000318631
0.000327029
0.000321288
0.000327824
0.000195807
0.000210285
0.000216613
0.000229673
0.000371504
0.000393415
0.000370082
0.000131065
0.000150186
0.000139485
0.000204433
0.000219469
0.00031485
0.000369667
0.000394604
0.000152039
0.000134202
0.000148261
0.00039549
0.000349519
0.000315304
0.000369679
0.000368941
0.000390812
0.000395624
0.00013321
0.00014654
0.000143185
0.000196065
0.000216599
0.000369501
0.000369245
0.00039157
0.000371189
0.00015237
0.000130193
0.000149858
0.000201055
0.000211609
0.000207146
0.000221357
0.000314173
0.000205664
0.000226397
0.000215547
0.00023783
0.000203324
0.000215451
0.000201849
0.000221643
0.000200166
0.000212007
0.000127306
0.000146808
0.000152505
0.000379321
0.00037302
0.00020758
0.000223984
0.000199064
0.000213116
0.000199508
0.000213204
0.00036984
0.000134658
0.000168991
0.000157152
0.000374189
0.000207754
0.00022053
0.000200247
0.000214407
0.000195477
0.000208353
0.000197745
0.000207114
0.000191034
0.000200352
0.000199899
0.000210807
0.000205998
0.000179539
0.000132635
0.000159309
0.00020246
0.000173244
0.000188425
0.000127634
0.000222538
0.000186183
0.000129638
0.000164149
0.00020044
0.000214529
0.000187793
0.000202822
0.000132078
0.000170394
0.000220694
0.000187266
0.000183633
0.000132469
0.000184311
0.000200225
0.000180781
0.000127854
0.000165613
0.000180111
0.000217055
0.000186876
0.00013358
0.000164168
0.000197837
0.000179931
0.000141992
0.000207984
0.000144071
0.000119045
0.000196097
0.000247875
0.000239699
0.000200103
0.000211133
0.000140576
0.000310341
0.000302592
0.000246686
0.000211179
0.000189289
0.000134357
0.000162962
0.000181293
0.00022881
0.000186963
0.000132404
0.000176107
0.000184228
0.000223424
0.000248433
0.000225502
0.000254661
0.000398746
0.000314968
0.000312362
0.000219448
0.000244946
0.000220628
0.000254673
0.000392485
0.000307879
0.000310892
0.000308704
0.000218997
0.000258214
0.000216077
0.000252321
0.000389911
0.000171455
0.000135377
0.000209059
0.000169883
0.000220912
0.000130201
0.000252444
0.000243927
0.000217173
0.000206236
0.000143971
0.000251375
0.000240313
0.000191392
0.000138854
0.00019766
0.000178658
0.000141835
0.000210525
0.00020564
0.000230247
0.000207797
0.000241999
0.000360622
0.000179855
0.000194271
0.000196439
0.000341368
0.000152865
0.000168336
0.000164209
0.000291087
0.000447872
0.000157269
0.000140803
0.000189633
0.000233247
0.000238859
0.000257676
0.000259304
0.000155604
0.000172156
0.000158998
0.000171712
0.000179825
0.000199091
0.00033836
0.000172776
0.000141979
0.000208218
0.000234599
0.000241189
0.000254612
0.000255944
0.000183428
0.000189843
0.000155239
0.000334774
0.000182987
0.000157829
0.000212018
0.000299882
0.000298141
0.000460581
0.00017617
0.000151336
0.000165243
0.000168713
0.000176656
0.000184035
0.000346702
0.000343545
0.000198598
0.000196829
0.000156412
0.000187168
0.000187671
0.000151031
0.000302449
0.000286235
0.000440821
0.000214756
0.000186315
0.000130471
0.000166383
0.000180784
0.000174369
0.000151095
0.00016058
0.000158881
0.000177177
0.000175982
0.000328888
0.000245912
0.000245711
0.00015725
0.000193259
0.00012404
0.000286321
0.000442734
0.000234752
0.000247379
0.000182688
0.000157002
0.000215948
0.000254401
0.000259762
0.000289007
0.000435537
0.000213643
0.000190673
0.00013256
0.000157168
0.000200678
0.000310842
0.000310887
0.000243548
0.000224177
0.000229841
0.000174395
0.000151708
0.000176942
0.000251237
0.000251375
0.000152271
0.000123031
0.000202809
0.000296404
0.000243631
0.000190303
0.000251597
0.000152666
0.000180578
0.000156065
0.000157127
0.000174241
0.00017981
0.000328362
0.00022566
0.000231641
0.000154049
0.000135233
0.000198822
0.000248796
0.000252174
0.000182323
0.000152943
0.000171193
0.000168679
0.000182192
0.000179332
0.000334823
0.000195496
0.000187284
0.000193604
0.000225268
0.000228594
0.000151041
0.000139917
0.000214717
0.00024835
0.000249548
0.000184788
0.000186534
0.000188292
0.000203224
0.000193254
0.000185675
0.000249622
0.000249197
0.00024461
0.000246309
0.000140331
0.000135954
0.000135324
0.000151973
0.000123585
0.000201707
0.000241769
0.000252392
0.000213212
0.000145322
0.000206026
0.000180509
0.000137034
0.000206451
0.000182181
0.000193347
0.000189705
0.000191369
0.000199516
0.000200244
0.000185638
0.00018963
0.000195713
0.000147812
0.00018366
0.000158312
0.000169669
0.000176698
0.000185683
0.000340787
0.000137092
0.000190752
0.00015167
0.000235853
0.000230324
0.000252414
0.000249882
0.000146746
0.000171777
0.000160866
0.000164148
0.000186265
0.000184751
0.000326123
0.000230685
0.00022693
0.000141484
0.00019048
0.000159912
0.000250404
0.000248032
0.000200691
0.000188992
0.000189524
0.000150337
0.000178603
0.000193249
0.000238658
0.000232132
0.000252629
0.000250468
0.000174705
0.000182797
0.000196413
0.000346985
0.000147007
0.000170205
0.00015125
0.000230987
0.000224568
0.000137921
0.000151492
0.000205342
0.000252163
0.000248689
0.0001467
0.000174951
0.000152661
0.000173029
0.00018028
0.00018573
0.000344677
0.000191536
0.000183593
0.000185826
0.000193505
0.000201266
0.000200951
0.000245989
0.000250897
0.000249429
0.000248287
0.000141965
0.000146478
0.000142625
0.000152864
0.00017983
0.000157529
0.000172645
0.000182635
0.000187782
0.000343414
0.000152048
0.000194823
0.000171285
0.000235614
0.000233303
0.000254377
0.000255212
0.000184234
0.000149015
0.000153543
0.000158871
0.000176299
0.000174957
0.00032512
0.000188637
0.000180503
0.00018138
0.000235778
0.000234138
0.00014365
0.000190015
0.000171015
0.000255263
0.000252522
0.000295721
0.000451305
0.000295684
0.000446092
0.000191206
0.00014835
0.000160916
0.000233348
0.000239779
0.000254923
0.000257317
0.000179055
0.000187033
0.000187197
0.000171049
0.000148411
0.000148419
0.000169057
0.000180032
0.000182475
0.000350204
0.000229779
0.000224912
0.000188398
0.000163871
0.000142227
0.00025419
0.000249908
0.000237387
0.000235149
0.00014329
0.000172286
0.000191769
0.000254088
0.000254329
0.000151607
0.000180224
0.000160488
0.000172501
0.000187754
0.000199554
0.000341508
0.000227947
0.000222484
0.000141623
0.00014867
0.000207286
0.000252625
0.000249107
0.000154055
0.000210353
0.000167502
0.000155935
0.000172728
0.000172006
0.000327264
0.000178924
0.000183374
0.000188079
0.000205699
0.000237304
0.000236897
0.000209106
0.000355302
0.000295045
0.000443099
0.000314914
0.00031128
0.000221935
0.000266195
0.000220149
0.000266784
0.000393037
0.000150189
0.000177061
0.000153049
0.000179053
0.000190116
0.00018742
0.000351329
0.000233311
0.000226761
0.000159092
0.000212586
0.000144562
0.000252811
0.000249703
0.000195694
0.000189336
0.000194356
0.000146483
0.000175267
0.000161828
0.00017145
0.000186737
0.000192137
0.000344721
0.000193545
0.0002006
0.000191548
0.000198009
0.000201434
0.00020035
0.000181268
0.000194319
0.000178941
0.000231219
0.000238512
0.000203571
0.000149013
0.000182438
0.000252571
0.000254801
0.000172449
0.000179639
0.000176221
0.000179684
0.00014786
0.000160956
0.000158358
0.00016951
0.000170781
0.000329983
0.000233598
0.000227631
0.00018492
0.000159791
0.000140818
0.000251254
0.000248672
0.000150504
0.000183043
0.000163957
0.000170271
0.000180249
0.000189762
0.000346941
0.000181
0.000183402
0.000182997
0.000241729
0.00023409
0.000177379
0.000204994
0.000150091
0.000255664
0.000252159
0.000174865
0.000151373
0.000158074
0.000168721
0.000179735
0.000188327
0.000340029
0.000196422
0.000197333
0.000197476
0.000252767
0.000248867
0.000249656
0.000249978
0.000136974
0.000138245
0.000139246
0.000164221
0.000123712
0.000196
0.000169931
0.000202557
0.000128323
0.000242286
0.000243666
0.000191115
0.000195318
0.0001409
0.000152768
0.000122514
0.000199086
0.000247275
0.000294448
0.000240307
0.000189113
0.000195082
0.000177176
0.000162103
0.000123539
0.000158767
0.000175355
0.000146391
0.000155615
0.000159257
0.000177829
0.000172304
0.000328935
0.000178425
0.000147249
0.000155334
0.000158714
0.000181138
0.000179662
0.000327752
0.000187638
0.000180547
0.000181809
0.00023071
0.000226181
0.000139248
0.00021235
0.000150301
0.000252853
0.000249693
0.000227934
0.000222657
0.000145656
0.000209597
0.000163366
0.000249988
0.00024778
0.00028479
0.000432254
0.000289333
0.000435455
0.000250957
0.000214829
0.000246947
0.000213508
0.000372222
0.000308086
0.000240989
0.00024143
0.000195473
0.000160558
0.000173805
0.000169382
0.000186547
0.000185784
0.000342531
0.000228159
0.000234101
0.000201475
0.00014314
0.000157329
0.000250562
0.000251853
0.000239909
0.000229982
0.000192783
0.000171738
0.000145052
0.000252358
0.000249503
0.000193092
0.000197248
0.000129957
0.000160392
0.000194048
0.00012726
0.000238761
0.000240206
0.000196771
0.000202061
0.000139464
0.000286789
0.000433975
0.000287568
0.000438401
0.000221103
0.00025492
0.000215254
0.000248328
0.000395641
0.000317494
0.00030733
0.000220626
0.000190321
0.000193885
0.000137188
0.000187481
0.000208374
0.000185448
0.000191692
0.000134109
0.000164411
0.00031286
0.000309747
0.000246807
0.000181597
0.000130002
0.000192972
0.000241711
0.000240017
0.000214199
0.000143641
0.000196869
0.000183779
0.00019338
0.000139041
0.000197801
0.000184144
0.000154433
0.000348582
0.0002088
0.000190417
0.000157608
0.000307671
0.000293158
0.000440089
0.000310226
0.00024507
0.000216755
0.000214952
0.000243304
0.000392331
0.000307208
0.000311209
0.000310284
0.000243465
0.000213535
0.000186371
0.000185616
0.000132334
0.000168952
0.000183107
0.000192533
0.000180297
0.000175351
0.000147909
0.000158131
0.000157096
0.000165988
0.000174038
0.000329332
0.000232522
0.000239615
0.00021001
0.000146415
0.000170794
0.000257547
0.000256218
0.000237265
0.000229044
0.00018665
0.000148384
0.000139707
0.000259228
0.000252352
0.000338716
0.000186768
0.00015274
0.000189731
0.000187274
0.000151671
0.00019052
0.000300685
0.000286688
0.000437511
0.000283466
0.0004365
0.000294514
0.000468151
0.000240836
0.000212831
0.000237407
0.000211761
0.000372365
0.000306811
0.000189667
0.000156638
0.000161576
0.000169886
0.000191796
0.000189893
0.000342791
0.000184357
0.000150067
0.000157714
0.000174437
0.000202416
0.000189293
0.000337665
0.000226059
0.000228288
0.000205418
0.000158906
0.000142419
0.000248363
0.000248828
0.000230756
0.000236793
0.000206193
0.000192136
0.000155135
0.000250661
0.000254505
0.000158492
0.000187541
0.000126257
0.000159956
0.000189471
0.000124728
0.000247129
0.00024372
0.000196889
0.000194745
0.000141253
0.000250581
0.000299758
0.000245456
0.000194314
0.000218579
0.00018649
0.00017026
0.00012826
0.000164803
0.000151792
0.000126012
0.000239615
0.000247148
0.000248388
0.00019363
0.000147267
0.000208908
0.000168715
0.00013331
0.000183356
0.000293901
0.000248479
0.000189353
0.000244678
0.000201476
0.000181629
0.00012464
0.000157484
0.000159106
0.000190073
0.000132508
0.000200849
0.000226284
0.000222458
0.000135065
0.000155645
0.000188594
0.000250409
0.000248883
0.00023354
0.000229378
0.000157993
0.000179596
0.000181233
0.000248952
0.000246877
0.000153992
0.000206036
0.00016747
0.000166177
0.000191735
0.000185973
0.000326169
0.000156574
0.000171563
0.000163542
0.000169148
0.000181866
0.00017624
0.00032681
0.000181886
0.000179828
0.000185566
0.000191707
0.000152571
0.000184945
0.000184658
0.000191415
0.000156164
0.000340224
0.00030532
0.000293725
0.000438746
0.000304586
0.000295884
0.000465332
0.000213095
0.000237943
0.000207913
0.000236843
0.000369065
0.000234754
0.00022883
0.000155692
0.00018794
0.000141496
0.000254953
0.000252541
0.000156585
0.00019192
0.000171785
0.000169549
0.000185716
0.000182331
0.000338635
0.000239428
0.000240839
0.000159534
0.000190694
0.000172832
0.00017076
0.000181496
0.000183661
0.000344405
0.000171888
0.000134358
0.000200357
0.000241409
0.000239999
0.000191597
0.000135491
0.00019038
0.000160683
0.000194756
0.000128262
0.000191652
0.000186519
0.000156413
0.000331281
0.000193869
0.000209598
0.000160747
0.000303144
0.00029293
0.000437763
0.000311766
0.00025703
0.000222115
0.000219411
0.000255809
0.000396806
0.000310844
0.000311897
0.000311541
0.000247075
0.000220461
0.000189468
0.000190601
0.00013483
0.000172688
0.000238625
0.000243007
0.00013884
0.000198673
0.000199345
0.000184948
0.000128564
0.000193818
0.000154353
0.000126099
0.000205288
0.000289439
0.000438332
0.000294614
0.000435425
0.000196831
0.000158025
0.000210321
0.000192284
0.000165524
0.000219653
0.000338202
0.000302555
0.000307445
0.000313338
0.00021925
0.00025164
0.000217387
0.000240533
0.000393484
0.000222195
0.0001894
0.000132535
0.000172114
0.00019336
0.000220188
0.000189222
0.00013294
0.00017676
0.000198985
0.000238221
0.000229109
0.000154794
0.000202069
0.000133721
0.000254931
0.000250023
0.000157058
0.00019774
0.000175568
0.000167811
0.000194598
0.000192672
0.000327679
0.00018736
0.000193065
0.000194425
0.000145064
0.000171067
0.000160063
0.000160113
0.000187454
0.000176657
0.000335727
0.000291421
0.000434666
0.000197408
0.000198796
0.000161547
0.000341402
0.000187515
0.000150764
0.000179238
0.0003077
0.000285883
0.000435516
0.000306145
0.000291796
0.000446689
0.000242033
0.000212454
0.000210426
0.000237828
0.000370025
0.000225183
0.000229968
0.000140318
0.000163196
0.00019368
0.000248777
0.000250732
0.000229203
0.000234731
0.000142477
0.000167216
0.000196033
0.000250182
0.000253351
0.000246396
0.000241035
0.000152446
0.0001836
0.000157543
0.000170421
0.000190073
0.000189492
0.000344306
0.000154157
0.000181214
0.000170526
0.000166589
0.000173731
0.000177958
0.000340121
0.000237768
0.00023917
0.000206788
0.000134736
0.000205403
0.000166478
0.00018991
0.000131954
0.000218122
0.000183692
0.000123707
0.000161488
0.000162261
0.000167006
0.000196427
0.000135286
0.000183879
0.000188879
0.000183177
0.000186426
0.000189653
0.000196289
0.000186009
0.000193065
0.000188715
0.000226726
0.0002342
0.000193273
0.000146154
0.000172192
0.000250038
0.000253992
0.000179637
0.000181874
0.000179393
0.000189532
0.000150047
0.000156363
0.000174941
0.000182883
0.000188565
0.000338755
0.000200006
0.000187958
0.000161416
0.00023853
0.000233349
0.000255184
0.000254481
0.000153932
0.000201003
0.000161191
0.000169695
0.000181936
0.00018632
0.000348302
0.000194279
0.000187269
0.000191186
0.00016009
0.000193311
0.000143321
0.000235872
0.000232882
0.00025319
0.000252523
0.000175451
0.000191402
0.000197698
0.000345307
0.000173803
0.00014767
0.000155202
0.00019994
0.000198496
0.000191589
0.000248635
0.000253203
0.000247036
0.000243066
0.000139205
0.000138052
0.00013723
0.000187406
0.000198549
0.000182718
0.000229854
0.00023787
0.00018895
0.000143025
0.000163665
0.000248009
0.000250728
0.000185776
0.00015744
0.000168117
0.000165532
0.000180481
0.00017523
0.000336939
0.000195282
0.000159222
0.000146061
0.000240804
0.000234963
0.000252249
0.000250493
0.000204695
0.000235403
0.000204045
0.000236384
0.000354393
0.000294867
0.000438153
0.000294649
0.000446727
0.000175155
0.000165721
0.000171428
0.000171593
0.000188577
0.00018665
0.000344011
0.000247318
0.000254048
0.000200288
0.000168543
0.000146533
0.000256092
0.000258835
0.000168048
0.000184026
0.000190988
0.00034317
0.000181171
0.000156362
0.000161665
0.000191733
0.000175131
0.000144549
0.000239457
0.000245881
0.000254383
0.000259551
0.000147766
0.000174411
0.000152829
0.000169183
0.000195688
0.000192918
0.000338753
0.000182363
0.000182553
0.000188343
0.00015898
0.000191543
0.000139172
0.000233979
0.000229488
0.000251095
0.000248152
0.00017204
0.000153459
0.000154781
0.000170762
0.0001872
0.000190714
0.000338419
0.000294229
0.000437638
0.000204901
0.0002325
0.000206379
0.000233674
0.000355613
0.000290614
0.000442122
0.000227069
0.000234281
0.000151176
0.000171639
0.000202006
0.000255696
0.000257987
0.000195251
0.000190519
0.000185466
0.000143519
0.000175177
0.000149836
0.000171889
0.000182838
0.000180745
0.000342947
0.000142405
0.000158489
0.00019122
0.000229862
0.000235259
0.000248648
0.000252012
0.000167551
0.000186015
0.000182648
0.000340781
0.000175102
0.000149014
0.000160021
0.000190478
0.000193712
0.000197461
0.000184721
0.000180063
0.000178703
0.000194617
0.000189816
0.00018592
0.000174404
0.000141413
0.000149444
0.000160216
0.000173517
0.000182981
0.000329691
0.000222275
0.000227764
0.000194155
0.000164599
0.000147834
0.000249507
0.000251931
0.000174646
0.000145771
0.000153209
0.000169848
0.000182205
0.000188005
0.000339761
0.000201831
0.000156147
0.000136627
0.000225508
0.000230375
0.000250864
0.000253504
0.00018124
0.000181485
0.000181802
0.000225016
0.000231416
0.000133241
0.000158619
0.0002004
0.00025118
0.000254162
0.000179595
0.000151376
0.000163372
0.000168494
0.000181969
0.000182815
0.000341698
0.000142836
0.000163713
0.000190779
0.000227757
0.000233488
0.000251279
0.000254474
0.000168196
0.000190093
0.000183432
0.000341045
0.000187765
0.00015232
0.000167689
)
;
        value           nonuniform List<scalar> 
1536
(
498.148
498.144
498.143
498.152
498.151
498.151
498.147
498.152
498.149
498.153
498.15
498.15
498.151
498.149
498.15
498.154
498.143
498.139
498.152
498.151
498.149
498.149
498.147
498.152
498.151
498.152
498.151
498.152
498.143
498.148
498.146
498.152
498.151
498.149
498.146
498.146
498.153
498.152
498.152
498.15
498.147
498.147
498.151
498.151
498.152
498.151
498.151
498.151
498.152
498.151
498.151
498.152
498.151
498.151
498.152
498.15
498.15
498.147
498.15
498.146
498.151
498.149
498.147
498.141
498.146
498.142
498.152
498.151
498.154
498.151
498.148
498.152
498.15
498.148
498.142
498.148
498.146
498.145
498.148
498.143
498.152
498.152
498.152
498.149
498.146
498.146
498.152
498.15
498.149
498.146
498.15
498.148
498.151
498.148
498.151
498.152
498.149
498.147
498.147
498.145
498.152
498.151
498.148
498.147
498.152
498.152
498.151
498.149
498.151
498.148
498.149
498.15
498.15
498.151
498.146
498.146
498.153
498.153
498.154
498.149
498.149
498.152
498.15
498.152
498.148
498.153
498.154
498.144
498.139
498.148
498.144
498.152
498.15
498.153
498.147
498.146
498.151
498.153
498.153
498.15
498.15
498.146
498.152
498.152
498.151
498.152
498.149
498.146
498.143
498.14
498.152
498.152
498.153
498.149
498.145
498.148
498.152
498.149
498.149
498.15
498.153
498.147
498.151
498.148
498.152
498.154
498.149
498.15
498.15
498.154
498.153
498.15
498.148
498.148
498.149
498.145
498.15
498.152
498.152
498.153
498.146
498.15
498.146
498.153
498.151
498.15
498.148
498.152
498.148
498.144
498.146
498.142
498.151
498.149
498.147
498.143
498.15
498.147
498.148
498.144
498.143
498.152
498.151
498.151
498.147
498.153
498.15
498.149
498.147
498.152
498.148
498.141
498.144
498.153
498.152
498.149
498.152
498.149
498.15
498.148
498.151
498.149
498.153
498.151
498.152
498.15
498.145
498.15
498.148
498.143
498.135
498.139
498.136
498.148
498.14
498.148
498.15
498.143
498.136
498.147
498.152
498.136
498.15
498.143
498.145
498.151
498.139
498.149
498.139
498.149
498.153
498.15
498.143
498.14
498.144
498.15
498.149
498.143
498.136
498.138
498.145
498.132
498.145
498.15
498.135
498.152
498.152
498.139
498.136
498.15
498.151
498.15
498.15
498.147
498.151
498.148
498.143
498.139
498.14
498.148
498.148
498.14
498.138
498.153
498.148
498.152
498.147
498.152
498.154
498.153
498.153
498.148
498.154
498.147
498.153
498.155
498.155
498.154
498.154
498.146
498.155
498.147
498.153
498.143
498.15
498.135
498.139
498.129
498.147
498.151
498.15
498.135
498.137
498.149
498.151
498.151
498.139
498.15
498.138
498.141
498.149
498.135
498.152
498.147
498.152
498.145
498.152
498.152
498.15
498.149
498.153
498.149
498.146
498.147
498.153
498.153
498.149
498.152
498.142
498.15
498.149
498.152
498.152
498.146
498.143
498.146
498.152
498.151
498.147
498.151
498.145
498.151
498.138
498.15
498.149
498.151
498.151
498.145
498.143
498.15
498.153
498.145
498.15
498.139
498.154
498.154
498.154
498.145
498.15
498.147
498.154
498.152
498.151
498.152
498.15
498.141
498.141
498.149
498.142
498.142
498.15
498.153
498.15
498.15
498.147
498.153
498.15
498.143
498.14
498.141
498.146
498.144
498.149
498.145
498.145
498.149
498.152
498.152
498.145
498.138
498.151
498.151
498.15
498.151
498.148
498.142
498.147
498.136
498.153
498.151
498.15
498.151
498.148
498.153
498.152
498.147
498.138
498.154
498.153
498.153
498.149
498.148
498.139
498.144
498.139
498.15
498.15
498.143
498.149
498.133
498.151
498.153
498.152
498.14
498.146
498.141
498.145
498.15
498.146
498.145
498.149
498.152
498.151
498.149
498.152
498.14
498.152
498.151
498.14
498.146
498.142
498.148
498.145
498.146
498.148
498.15
498.152
498.15
498.149
498.148
498.146
498.149
498.134
498.151
498.15
498.148
498.148
498.148
498.152
498.154
498.156
498.156
498.156
498.157
498.157
498.148
498.149
498.149
498.143
498.149
498.134
498.151
498.151
498.135
498.149
498.137
498.139
498.148
498.134
498.153
498.15
498.151
498.151
498.149
498.149
498.151
498.15
498.149
498.149
498.142
498.147
498.152
498.15
498.149
498.151
498.151
498.14
498.148
498.149
498.15
498.151
498.152
498.147
498.142
498.144
498.15
498.145
498.146
498.15
498.149
498.15
498.148
498.138
498.144
498.152
498.152
498.146
498.149
498.149
498.148
498.142
498.14
498.149
498.15
498.152
498.152
498.154
498.152
498.15
498.152
498.15
498.146
498.149
498.151
498.152
498.152
498.149
498.139
498.152
498.153
498.151
498.145
498.149
498.154
498.152
498.151
498.152
498.151
498.152
498.152
498.154
498.152
498.152
498.156
498.155
498.156
498.156
498.148
498.147
498.148
498.147
498.142
498.147
498.151
498.15
498.149
498.15
498.146
498.138
498.143
498.148
498.149
498.151
498.15
498.14
498.147
498.146
498.149
498.146
498.146
498.15
498.148
498.149
498.149
498.148
498.148
498.146
498.137
498.141
498.15
498.151
498.153
498.153
498.153
498.153
498.141
498.149
498.147
498.151
498.149
498.153
498.152
498.153
498.151
498.151
498.146
498.151
498.151
498.155
498.153
498.152
498.152
498.151
498.152
498.143
498.147
498.152
498.153
498.153
498.147
498.148
498.148
498.142
498.138
498.15
498.15
498.147
498.142
498.145
498.152
498.149
498.147
498.15
498.149
498.15
498.147
498.146
498.134
498.15
498.151
498.147
498.135
498.144
498.149
498.145
498.146
498.149
498.149
498.148
498.148
498.153
498.147
498.146
498.152
498.154
498.154
498.155
498.154
498.154
498.153
498.145
498.153
498.144
498.152
498.15
498.145
498.15
498.153
498.151
498.152
498.151
498.151
498.152
498.149
498.138
498.152
498.153
498.154
498.15
498.151
498.15
498.151
498.145
498.148
498.155
498.152
498.151
498.153
498.152
498.15
498.152
498.15
498.149
498.149
498.152
498.15
498.153
498.15
498.148
498.137
498.147
498.141
498.152
498.151
498.15
498.148
498.149
498.142
498.148
498.145
498.15
498.148
498.148
498.149
498.149
498.15
498.141
498.146
498.149
498.152
498.152
498.15
498.144
498.148
498.155
498.153
498.151
498.152
498.152
498.151
498.151
498.149
498.15
498.144
498.138
498.149
498.151
498.152
498.145
498.149
498.148
498.155
498.153
498.151
498.152
498.154
498.154
498.154
498.155
498.156
498.157
498.157
498.149
498.149
498.149
498.142
498.15
498.136
498.139
498.133
498.147
498.151
498.15
498.138
498.137
498.148
498.146
498.152
498.137
498.153
498.152
498.143
498.153
498.149
498.152
498.142
498.15
498.143
498.141
498.147
498.145
498.149
498.146
498.147
498.149
498.141
498.147
498.145
498.15
498.145
498.146
498.149
498.148
498.149
498.149
498.148
498.149
498.149
498.135
498.147
498.15
498.15
498.149
498.15
498.146
498.134
498.143
498.15
498.151
498.153
498.153
498.151
498.152
498.147
498.154
498.148
498.155
498.153
498.154
498.152
498.152
498.142
498.149
498.146
498.155
498.151
498.151
498.154
498.151
498.15
498.139
498.151
498.148
498.153
498.152
498.149
498.151
498.142
498.146
498.151
498.152
498.153
498.133
498.132
498.145
498.141
498.134
498.147
498.149
498.15
498.136
498.135
498.147
498.151
498.152
498.15
498.151
498.154
498.147
498.155
498.149
498.152
498.154
498.156
498.146
498.152
498.138
498.149
498.139
498.149
498.153
498.138
498.149
498.143
498.153
498.154
498.152
498.136
498.146
498.134
498.149
498.149
498.134
498.148
498.137
498.133
498.131
498.141
498.141
498.144
498.15
498.149
498.139
498.143
498.149
498.151
498.149
498.15
498.155
498.15
498.155
498.156
498.15
498.153
498.155
498.153
498.154
498.154
498.148
498.153
498.14
498.15
498.143
498.148
498.146
498.149
498.142
498.147
498.145
498.15
498.149
498.147
498.149
498.148
498.147
498.134
498.146
498.141
498.149
498.149
498.147
498.149
498.139
498.146
498.148
498.149
498.15
498.151
498.144
498.15
498.143
498.144
498.15
498.143
498.154
498.153
498.152
498.152
498.152
498.155
498.152
498.148
498.153
498.149
498.154
498.153
498.154
498.143
498.15
498.149
498.155
498.15
498.151
498.153
498.143
498.15
498.148
498.153
498.148
498.15
498.153
498.152
498.152
498.14
498.149
498.152
498.153
498.153
498.151
498.15
498.138
498.14
498.148
498.153
498.152
498.144
498.138
498.15
498.142
498.136
498.149
498.152
498.151
498.14
498.14
498.151
498.153
498.151
498.142
498.152
498.144
498.151
498.141
498.149
498.142
498.143
498.148
498.126
498.15
498.151
498.14
498.149
498.137
498.14
498.147
498.138
498.152
498.153
498.153
498.142
498.147
498.151
498.149
498.143
498.143
498.137
498.148
498.135
498.149
498.15
498.148
498.144
498.137
498.15
498.15
498.147
498.148
498.141
498.137
498.136
498.15
498.151
498.146
498.136
498.144
498.149
498.144
498.145
498.149
498.144
498.141
498.143
498.148
498.146
498.147
498.149
498.147
498.148
498.147
498.142
498.15
498.143
498.144
498.143
498.15
498.151
498.153
498.151
498.152
498.154
498.155
498.152
498.153
498.148
498.154
498.149
498.153
498.151
498.152
498.15
498.143
498.152
498.152
498.153
498.149
498.142
498.146
498.153
498.15
498.151
498.153
498.153
498.152
498.148
498.142
498.146
498.153
498.151
498.151
498.152
498.138
498.145
498.133
498.15
498.149
498.138
498.149
498.138
498.139
498.133
498.146
498.141
498.142
498.148
498.153
498.143
498.14
498.149
498.152
498.151
498.151
498.155
498.147
498.154
498.154
498.147
498.152
498.155
498.154
498.153
498.153
498.146
498.152
498.139
498.15
498.143
498.149
498.148
498.148
498.136
498.136
498.133
498.144
498.132
498.141
498.147
498.131
498.151
498.15
498.15
498.151
498.14
498.148
498.138
498.143
498.149
498.138
498.151
498.152
498.156
498.155
498.154
498.148
498.155
498.15
498.153
498.146
498.153
498.151
498.144
498.139
498.146
498.153
498.151
498.142
498.138
498.146
498.148
498.146
498.137
498.15
498.15
498.151
498.145
498.137
498.141
498.148
498.142
498.143
498.148
498.147
498.146
498.145
498.147
498.142
498.144
498.15
498.145
498.147
498.148
498.151
498.152
498.142
498.142
498.15
498.151
498.143
498.151
498.145
498.153
498.152
498.152
498.154
498.155
498.156
498.149
498.154
498.154
498.148
498.154
498.152
498.151
498.152
498.147
498.141
498.153
498.153
498.151
498.15
498.151
498.146
498.14
498.153
498.152
498.152
498.153
498.15
498.144
498.149
498.154
498.151
498.151
498.153
498.149
498.144
498.146
498.154
498.152
498.152
498.153
498.151
498.153
498.137
498.151
498.137
498.142
498.137
498.149
498.144
498.151
498.149
498.142
498.142
498.142
498.136
498.148
498.15
498.149
498.15
498.151
498.15
498.149
498.153
498.151
498.152
498.15
498.149
498.138
498.148
498.143
498.152
498.151
498.149
498.148
498.149
498.141
498.148
498.147
498.152
498.15
498.149
498.151
498.136
498.138
498.144
498.148
498.149
498.151
498.151
498.15
498.141
498.149
498.154
498.152
498.151
498.151
498.15
498.151
498.15
498.148
498.141
498.151
498.149
498.15
498.151
498.152
498.153
498.149
498.148
498.151
498.145
498.15
498.148
498.152
498.153
498.154
498.155
498.154
498.157
498.158
498.148
498.149
498.149
498.148
498.146
498.149
498.149
498.147
498.138
498.147
498.143
498.151
498.15
498.14
498.146
498.144
498.152
498.149
498.15
498.151
498.139
498.146
498.148
498.147
498.148
498.15
498.151
498.153
498.147
498.152
498.146
498.153
498.154
498.155
498.153
498.153
498.144
498.146
498.145
498.153
498.15
498.151
498.153
498.147
498.146
498.14
498.146
498.15
498.152
498.151
498.155
498.152
498.15
498.152
498.144
498.149
498.148
498.141
498.145
498.151
498.149
498.148
498.152
498.151
498.147
498.141
498.146
498.148
498.143
498.144
498.147
498.148
498.148
498.147
498.146
498.139
498.149
498.148
498.149
498.151
498.151
498.143
498.146
498.146
498.151
498.148
498.147
498.15
498.153
498.155
498.153
498.147
498.153
498.148
498.153
498.154
498.154
498.152
498.151
498.15
498.146
498.14
498.152
498.152
498.151
498.151
498.152
498.152
498.146
498.151
498.155
498.153
498.153
498.153
498.151
498.148
498.142
498.151
498.15
498.153
498.153
498.155
498.151
498.152
498.153
498.145
498.15
498.148
498.15
498.149
498.148
498.149
498.15
498.15
498.151
498.152
498.152
498.143
498.149
498.148
498.15
498.147
498.146
498.149
498.151
498.15
498.137
498.143
498.146
498.152
498.152
498.143
498.149
498.148
498.153
498.15
498.149
498.151
498.138
498.147
498.15
498.151
498.15
498.152
498.152
498.153
498.153
498.153
498.152
498.151
498.153
498.148
498.14
498.152
498.152
498.144
498.15
498.148
498.155
498.152
498.152
498.153
498.151
498.147
498.141
498.151
498.15
498.152
498.152
498.155
498.151
498.152
498.153
498.143
498.15
498.147
)
;
        Tnbr            T;
        thicknessLayers 0();
        kappaLayers     0();
        kappaMethod     solidThermo;
        kappa           none;
        alphaAni        none;
        alpha           none;
    }
}


// ************************************************************************* //
