/*--------------------------------*- C++ -*----------------------------------*\
| =========                 |                                                 |
| \\      /  F ield         | OpenFOAM: The Open Source CFD Toolbox           |
|  \\    /   O peration     | Version:  v1912                                 |
|   \\  /    A nd           | Website:  www.openfoam.com                      |
|    \\/     M anipulation  |                                                 |
\*---------------------------------------------------------------------------*/
FoamFile
{
    version     2.0;
    format      ascii;
    class       volScalarField;
    location    "294/sphere";
    object      ddt0((betavSolid*thermo:rho),h);
}
// * * * * * * * * * * * * * * * * * * * * * * * * * * * * * * * * * * * * * //

dimensions      [1 -1 -3 0 0 0 0];


internalField   nonuniform List<scalar> 
6600
(
-248448
-248494
-248490
-248593
-248464
-248462
-248493
-248795
-248859
-248674
-248489
-248857
-248921
-248744
-248648
-248742
-248594
-248488
-248589
-248464
-248489
-248855
-248920
-248745
-248579
-248919
-248982
-248808
-248493
-248455
-248740
-248803
-248692
-248485
-248461
-248667
-248744
-248582
-248457
-248739
-248805
-248691
-248575
-248689
-248521
-248487
-248487
-248487
-248483
-248487
-248451
-248593
-248498
-248744
-248676
-248806
-248747
-248676
-248805
-248744
-248495
-248451
-248592
-248497
-248745
-248743
-248675
-248592
-248496
-248496
-248452
-248482
-248482
-248480
-248477
-248465
-248478
-248481
-248467
-248477
-248481
-248466
-248483
-248509
-248461
-248461
-248577
-248689
-248461
-248462
-248689
-248583
-248522
-248459
-248576
-248458
-248688
-248491
-248490
-248587
-248671
-248742
-248741
-248803
-248482
-248533
-248520
-248626
-248595
-248571
-248640
-248464
-248582
-248692
-248464
-248459
-248458
-248687
-248577
-248587
-248448
-248494
-248741
-248802
-248672
-248741
-248498
-248497
-248451
-248805
-248747
-248744
-248677
-248692
-248464
-248584
-248508
-248460
-248576
-248689
-248461
-248690
-248583
-248462
-248522
-248482
-248485
-248575
-248459
-248457
-248686
-248491
-248648
-248740
-248489
-248584
-248740
-248800
-248452
-248743
-248676
-248588
-248496
-248802
-248744
-248595
-248463
-248691
-248463
-248478
-248648
-248489
-248738
-248488
-248738
-248580
-248797
-248452
-248746
-248499
-248744
-248498
-248808
-248600
-248493
-248478
-248738
-248648
-248580
-248799
-248489
-248741
-248497
-248676
-248454
-248807
-248600
-248746
-248498
-248493
-248575
-248455
-248687
-248458
-248741
-248491
-248739
-248800
-248489
-248585
-248675
-248493
-248451
-248803
-248745
-248588
-248497
-248692
-248464
-248463
-248483
-248485
-248483
-248485
-248458
-248455
-248686
-248574
-248585
-248738
-248800
-248492
-248648
-248741
-248496
-248803
-248744
-248493
-248451
-248743
-248675
-248692
-248463
-248594
-248478
-248738
-248580
-248797
-248647
-248488
-248740
-248499
-248808
-248600
-248675
-248453
-248745
-248498
-248493
-248477
-248799
-248488
-248738
-248487
-248741
-248648
-248600
-248747
-248499
-248745
-248499
-248676
-248454
-248687
-248459
-248575
-248799
-248489
-248584
-248647
-248740
-248491
-248745
-248588
-248497
-248742
-248675
-248494
-248451
-248464
-248462
-248595
-248482
-248507
-248460
-248575
-248689
-248459
-248689
-248583
-248462
-248521
-248576
-248457
-248686
-248459
-248741
-248737
-248800
-248448
-248493
-248490
-248586
-248691
-248463
-248464
-248686
-248574
-248459
-248801
-248669
-248740
-248491
-248586
-248448
-248493
-248464
-248581
-248463
-248507
-248688
-248460
-248461
-248582
-248462
-248462
-248456
-248446
-248444
-248453
-248447
-248461
-248448
-248458
-248448
-248458
-248448
-248457
-248446
-248441
-248444
-248468
-248466
-248449
-248480
-248477
-248464
-248459
-248447
-248456
-248447
-248467
-248466
-248497
-248596
-248500
-248541
-248541
-248483
-248539
-248521
-248628
-248599
-248571
-248645
-248481
-248533
-248518
-248625
-248595
-248570
-248640
-248467
-248467
-248497
-248595
-248498
-248541
-248540
-248483
-248537
-248521
-248627
-248597
-248571
-248643
-248536
-248483
-248520
-248627
-248596
-248643
-248571
-248534
-248482
-248519
-248626
-248595
-248640
-248570
-248467
-248466
-248497
-248596
-248500
-248542
-248542
-248447
-248442
-248467
-248465
-248448
-248467
-248464
-248448
-248447
-248463
-248462
-248491
-248589
-248495
-248538
-248537
-248462
-248487
-248453
-248521
-248618
-248477
-248590
-248508
-248634
-248565
-248454
-248535
-248467
-248474
-248517
-248451
-248459
-248484
-248452
-248466
-248532
-248515
-248472
-248571
-248457
-248487
-248455
-248527
-248480
-248529
-248623
-248481
-248592
-248524
-248570
-248512
-248636
-248454
-248463
-248488
-248570
-248485
-248454
-248455
-248525
-248527
-248479
-248612
-248588
-248473
-248520
-248561
-248631
-248503
-248460
-248449
-248449
-248455
-248480
-248498
-248522
-248519
-248644
-248469
-248568
-248564
-248448
-248613
-248522
-248587
-248474
-248632
-248504
-248561
-248653
-248575
-248684
-248560
-248670
-248544
-248667
-248468
-248535
-248451
-248474
-248517
-248612
-248588
-248520
-248474
-248631
-248561
-248503
-248462
-248451
-248643
-248676
-248553
-248552
-248660
-248659
-248528
-248484
-248484
-248469
-248463
-248528
-248447
-248469
-248510
-248442
-248478
-248469
-248458
-248450
-248456
-248482
-248466
-248452
-248530
-248514
-248471
-248449
-248456
-248482
-248642
-248513
-248566
-248496
-248513
-248563
-248463
-248462
-248527
-248449
-248512
-248468
-248493
-248638
-248507
-248506
-248560
-248560
-248459
-248466
-248472
-248472
-248453
-248443
-248465
-248467
-248448
-248445
-248463
-248462
-248461
-248452
-248459
-248485
-248452
-248530
-248465
-248471
-248514
-248450
-248457
-248482
-248464
-248449
-248530
-248471
-248511
-248493
-248510
-248505
-248639
-248460
-248563
-248557
-248451
-248531
-248515
-248466
-248471
-248462
-248487
-248454
-248466
-248453
-248531
-248471
-248515
-248453
-248462
-248487
-248513
-248642
-248565
-248496
-248513
-248463
-248564
-248467
-248472
-248471
-248453
-248451
-248459
-248485
-248449
-248464
-248531
-248514
-248471
-248450
-248456
-248480
-248493
-248508
-248505
-248639
-248459
-248562
-248557
-248464
-248447
-248529
-248470
-248511
-248524
-248478
-248592
-248509
-248636
-248619
-248567
-248477
-248521
-248508
-248619
-248590
-248566
-248634
-248452
-248535
-248516
-248466
-248474
-248513
-248642
-248564
-248496
-248511
-248463
-248564
-248454
-248463
-248488
-248467
-248455
-248534
-248473
-248517
-248464
-248448
-248530
-248471
-248513
-248450
-248460
-248484
-248463
-248528
-248446
-248470
-248509
-248449
-248455
-248479
-248492
-248510
-248638
-248505
-248562
-248460
-248557
-248556
-248559
-248683
-248648
-248533
-248665
-248666
-248589
-248463
-248463
-248495
-248491
-248536
-248538
-248526
-248619
-248479
-248593
-248509
-248637
-248567
-248538
-248484
-248599
-248520
-248645
-248628
-248573
-248536
-248484
-248521
-248627
-248596
-248642
-248572
-248467
-248466
-248497
-248597
-248500
-248543
-248541
-248454
-248463
-248489
-248467
-248534
-248453
-248473
-248516
-248497
-248514
-248643
-248514
-248567
-248463
-248564
-248454
-248463
-248488
-248465
-248463
-248462
-248465
-248449
-248531
-248514
-248472
-248492
-248510
-248638
-248505
-248561
-248458
-248557
-248451
-248456
-248481
-248465
-248531
-248451
-248472
-248513
-248454
-248463
-248487
-248496
-248513
-248642
-248513
-248566
-248462
-248563
-248467
-248532
-248452
-248472
-248516
-248453
-248462
-248486
-248467
-248473
-248472
-248454
-248445
-248443
-248466
-248464
-248447
-248449
-248469
-248478
-248459
-248457
-248447
-248450
-248457
-248483
-248449
-248456
-248481
-248491
-248506
-248505
-248637
-248459
-248560
-248556
-248463
-248449
-248528
-248512
-248469
-248463
-248447
-248527
-248510
-248469
-248613
-248476
-248590
-248522
-248562
-248505
-248633
-248614
-248477
-248520
-248589
-248504
-248566
-248632
-248645
-248556
-248554
-248680
-248530
-248663
-248662
-248593
-248466
-248500
-248466
-248541
-248494
-248541
-248653
-248560
-248574
-248684
-248543
-248667
-248670
-248624
-248481
-248534
-248597
-248516
-248571
-248641
-248498
-248520
-248520
-248644
-248468
-248566
-248566
-248454
-248464
-248489
-248467
-248452
-248533
-248516
-248472
-248467
-248453
-248533
-248516
-248473
-248439
-248442
-248462
-248462
-248445
-248612
-248474
-248588
-248519
-248561
-248503
-248630
-248612
-248474
-248587
-248519
-248562
-248503
-248631
-248643
-248552
-248553
-248676
-248529
-248659
-248660
-248597
-248500
-248468
-248467
-248543
-248543
-248498
-248629
-248485
-248599
-248540
-248573
-248523
-248646
-248628
-248483
-248598
-248538
-248572
-248520
-248645
-248660
-248582
-248582
-248694
-248555
-248677
-248676
-248461
-248449
-248462
-248448
-248483
-248484
-248468
-248442
-248463
-248462
-248447
-248440
-248572
-248454
-248486
-248454
-248525
-248479
-248527
-248644
-248554
-248676
-248552
-248660
-248530
-248660
-248613
-248474
-248521
-248588
-248503
-248563
-248631
-248628
-248598
-248483
-248538
-248572
-248645
-248522
-248598
-248469
-248502
-248468
-248542
-248498
-248543
-248659
-248582
-248694
-248582
-248676
-248556
-248677
-248628
-248483
-248539
-248598
-248521
-248572
-248645
-248483
-248484
-248469
-248461
-248449
-248491
-248504
-248508
-248637
-248459
-248556
-248559
-248450
-248457
-248482
-248464
-248447
-248528
-248512
-248470
-248463
-248448
-248528
-248511
-248469
-248571
-248485
-248456
-248455
-248527
-248527
-248480
-248614
-248590
-248476
-248524
-248564
-248634
-248506
-248613
-248475
-248588
-248519
-248563
-248504
-248631
-248646
-248558
-248680
-248555
-248665
-248533
-248661
-248622
-248592
-248480
-248526
-248568
-248637
-248512
-248592
-248500
-248464
-248466
-248539
-248541
-248493
-248653
-248561
-248683
-248575
-248667
-248543
-248670
-248624
-248482
-248597
-248536
-248570
-248517
-248642
-248454
-248464
-248489
-248453
-248463
-248487
-248467
-248453
-248533
-248516
-248472
-248467
-248451
-248534
-248516
-248473
-248447
-248444
-248467
-248465
-248451
-248469
-248479
-248460
-248458
-248447
-248443
-248465
-248467
-248451
-248445
-248478
-248470
-248459
-248456
-248446
-248446
-248463
-248527
-248448
-248468
-248510
-248462
-248527
-248444
-248469
-248510
-248449
-248456
-248480
-248449
-248457
-248481
-248491
-248637
-248504
-248506
-248556
-248559
-248459
-248646
-248556
-248681
-248557
-248663
-248533
-248664
-248571
-248454
-248456
-248485
-248480
-248526
-248527
-248615
-248523
-248477
-248591
-248506
-248634
-248564
-248623
-248534
-248597
-248481
-248641
-248515
-248570
-248622
-248526
-248480
-248592
-248511
-248637
-248568
-248593
-248466
-248464
-248499
-248493
-248540
-248539
-248468
-248533
-248455
-248473
-248516
-248453
-248462
-248488
-248497
-248643
-248520
-248518
-248567
-248564
-248468
-248453
-248462
-248488
-248442
-248463
-248462
-248447
-248441
-248644
-248553
-248676
-248552
-248661
-248530
-248659
-248570
-248453
-248485
-248455
-248526
-248478
-248527
-248613
-248518
-248475
-248588
-248503
-248630
-248563
-248628
-248598
-248539
-248484
-248645
-248573
-248522
-248660
-248582
-248694
-248582
-248676
-248557
-248676
-248597
-248468
-248500
-248467
-248543
-248498
-248542
-248628
-248539
-248483
-248598
-248522
-248645
-248572
-248484
-248484
-248469
-248460
-248449
-248462
-248461
-248446
-248440
-248440
-248612
-248519
-248588
-248474
-248631
-248503
-248561
-248613
-248518
-248587
-248475
-248630
-248503
-248566
-248569
-248452
-248455
-248485
-248478
-248525
-248528
-248660
-248694
-248583
-248582
-248677
-248677
-248557
-248629
-248539
-248599
-248484
-248646
-248522
-248572
-248629
-248539
-248599
-248484
-248646
-248522
-248572
-248597
-248467
-248468
-248501
-248498
-248543
-248543
-248461
-248450
-248461
-248449
-248463
-248528
-248450
-248469
-248512
-248448
-248455
-248479
-248491
-248637
-248505
-248507
-248556
-248559
-248458
-248450
-248456
-248482
-248614
-248588
-248519
-248476
-248631
-248565
-248505
-248645
-248680
-248555
-248557
-248662
-248664
-248531
-248572
-248457
-248485
-248455
-248529
-248481
-248526
-248614
-248523
-248590
-248475
-248634
-248505
-248562
-248652
-248683
-248574
-248559
-248669
-248666
-248542
-248624
-248597
-248535
-248481
-248642
-248571
-248516
-248622
-248525
-248592
-248482
-248636
-248511
-248568
-248593
-248466
-248499
-248465
-248541
-248494
-248539
-248468
-248533
-248453
-248473
-248516
-248467
-248533
-248452
-248472
-248516
-248498
-248645
-248522
-248519
-248569
-248564
-248469
-248455
-248463
-248489
-248453
-248462
-248487
-248465
-248467
-248448
-248445
-248457
-248445
-248446
-248461
-248461
-248463
-248465
-248450
-248530
-248513
-248471
-248492
-248506
-248637
-248506
-248559
-248458
-248559
-248451
-248459
-248484
-248531
-248446
-248465
-248471
-248513
-248454
-248462
-248487
-248642
-248512
-248562
-248496
-248514
-248566
-248463
-248452
-248532
-248515
-248466
-248472
-248460
-248486
-248453
-248466
-248472
-248472
-248453
-248491
-248507
-248638
-248507
-248560
-248458
-248558
-248463
-248448
-248528
-248512
-248469
-248449
-248458
-248483
-248449
-248463
-248528
-248512
-248469
-248462
-248461
-248489
-248588
-248495
-248536
-248535
-248526
-248593
-248479
-248637
-248509
-248619
-248566
-248477
-248522
-248507
-248617
-248589
-248565
-248633
-248452
-248461
-248488
-248466
-248453
-248533
-248516
-248473
-248462
-248487
-248454
-248453
-248533
-248516
-248467
-248474
-248449
-248456
-248483
-248491
-248637
-248507
-248506
-248559
-248558
-248458
-248450
-248463
-248528
-248469
-248512
-248450
-248458
-248483
-248522
-248478
-248508
-248617
-248589
-248633
-248565
-248462
-248463
-248490
-248588
-248496
-248536
-248537
-248525
-248592
-248478
-248636
-248508
-248618
-248566
-248468
-248535
-248453
-248518
-248474
-248641
-248511
-248564
-248497
-248512
-248564
-248463
-248455
-248464
-248488
-248454
-248532
-248516
-248466
-248472
-248461
-248487
-248454
-248461
-248460
-248462
-248452
-248456
-248481
-248464
-248529
-248447
-248511
-248471
-248452
-248460
-248484
-248530
-248449
-248464
-248513
-248471
-248641
-248512
-248565
-248496
-248513
-248563
-248463
-248466
-248530
-248452
-248514
-248472
-248453
-248462
-248486
-248452
-248531
-248514
-248466
-248471
-248462
-248487
-248453
-248579
-248575
-248688
-248552
-248674
-248657
-248670
-248859
-248856
-248919
-248856
-248918
-248916
-248978
-248796
-248923
-248862
-248919
-248859
-248981
-248922
-248918
-248795
-248857
-248919
-248978
-248858
-248918
-248861
-248859
-248798
-248981
-248922
-248921
-248862
-248671
-248698
-248567
-248699
-248624
-248743
-248625
-248917
-248916
-248978
-248794
-248858
-248856
-248917
-248860
-248981
-248922
-248861
-248798
-248922
-248861
-248978
-248857
-248917
-248859
-248919
-248795
-248857
-248923
-248921
-248863
-248922
-248862
-248859
-248798
-248526
-248622
-248622
-248676
-248537
-248606
-248605
-248674
-248621
-248604
-248525
-248622
-248604
-248537
-248673
-248620
-248603
-248524
-248620
-248602
-248536
-248575
-248580
-248554
-248657
-248688
-248671
-248674
-248575
-248579
-248553
-248656
-248687
-248670
-248673
-248579
-248575
-248553
-248656
-248687
-248673
-248670
-248619
-248522
-248619
-248671
-248535
-248602
-248599
-248620
-248674
-248603
-248524
-248620
-248535
-248603
-248522
-248619
-248671
-248618
-248602
-248534
-248599
-248559
-248557
-248683
-248535
-248667
-248650
-248665
-248623
-248675
-248604
-248525
-248622
-248538
-248604
-248521
-248619
-248617
-248670
-248534
-248601
-248598
-248623
-248526
-248622
-248675
-248538
-248605
-248604
-248523
-248619
-248671
-248620
-248601
-248535
-248600
-248525
-248620
-248674
-248621
-248604
-248536
-248603
-248520
-248669
-248617
-248616
-248600
-248598
-248533
-248672
-248568
-248698
-248700
-248625
-248627
-248743
-248525
-248675
-248622
-248621
-248605
-248605
-248537
-248671
-248567
-248698
-248698
-248624
-248624
-248743
-248671
-248698
-248567
-248698
-248624
-248742
-248625
-248522
-248670
-248618
-248618
-248599
-248600
-248534
-248525
-248676
-248622
-248622
-248605
-248604
-248537
-248520
-248617
-248616
-248669
-248532
-248598
-248598
-248671
-248697
-248566
-248699
-248623
-248742
-248626
-248526
-248623
-248621
-248675
-248538
-248606
-248604
-248670
-248698
-248566
-248698
-248624
-248742
-248625
-248671
-248698
-248700
-248568
-248743
-248624
-248626
-248521
-248617
-248618
-248669
-248533
-248598
-248599
-248671
-248698
-248699
-248566
-248742
-248625
-248625
-248619
-248522
-248619
-248671
-248601
-248535
-248600
-248673
-248620
-248603
-248524
-248619
-248603
-248535
-248521
-248670
-248617
-248617
-248600
-248599
-248532
-248560
-248682
-248556
-248667
-248534
-248648
-248663
-248674
-248622
-248605
-248526
-248622
-248604
-248538
-248520
-248617
-248669
-248617
-248599
-248532
-248599
-248559
-248682
-248555
-248666
-248532
-248647
-248663
-248619
-248522
-248671
-248619
-248600
-248600
-248535
-248334
-248164
-248021
-248338
-248167
-248022
-248339
-248167
-248022
-248344
-248172
-248025
-248341
-248170
-248023
-248340
-248169
-248025
-248344
-248172
-248026
-248340
-248169
-248024
-248341
-248170
-248024
-248345
-248173
-248026
-248342
-248171
-248024
-248339
-248168
-248021
-248341
-248170
-248024
-248345
-248174
-248027
-248342
-248171
-248023
-248344
-248173
-248026
-248330
-248159
-248015
-248332
-248161
-248017
-248341
-248169
-248022
-248340
-248169
-248024
-248340
-248169
-248024
-248336
-248165
-248019
-248338
-248166
-248020
-248339
-248167
-248021
-248340
-248168
-248022
-248339
-248167
-248021
-248338
-248166
-248020
-248340
-248168
-248021
-248339
-248167
-248023
-248341
-248169
-248024
-248340
-248168
-248024
-248340
-248168
-248024
-248341
-248168
-248024
-248337
-248165
-248018
-248337
-248165
-248018
-248340
-248168
-248021
-248337
-248166
-248019
-248339
-248167
-248020
-248340
-248169
-248022
-248337
-248166
-248019
-248340
-248168
-248021
-248338
-248167
-248020
-248342
-248170
-248024
-248341
-248169
-248023
-248339
-248168
-248023
-248343
-248171
-248025
-248337
-248165
-248021
-248338
-248166
-248021
-248345
-248174
-248027
-248344
-248172
-248026
-248342
-248171
-248026
-248344
-248172
-248027
-248338
-248167
-248021
-248339
-248167
-248021
-248340
-248169
-248024
-248339
-248167
-248023
-248342
-248171
-248026
-248344
-248172
-248026
-248339
-248168
-248022
-248339
-248168
-248023
-248342
-248170
-248024
-248340
-248169
-248023
-248342
-248171
-248025
-248339
-248167
-248020
-248340
-248169
-248022
-248339
-248167
-248021
-248336
-248165
-248019
-248342
-248170
-248025
-248340
-248170
-248025
-248341
-248170
-248025
-248335
-248163
-248016
-248349
-248177
-248030
-248347
-248176
-248028
-248344
-248172
-248026
-248334
-248162
-248016
-248341
-248170
-248026
-248343
-248172
-248027
-248347
-248175
-248028
-248344
-248173
-248026
-248332
-248161
-248017
-248335
-248165
-248019
-248338
-248166
-248021
-248344
-248173
-248026
-248341
-248170
-248023
-248341
-248169
-248025
-248337
-248166
-248023
-248348
-248176
-248028
-248343
-248172
-248026
-248343
-248171
-248026
-248339
-248168
-248023
-248341
-248170
-248025
-248339
-248168
-248021
-248341
-248169
-248022
-248339
-248168
-248021
-248340
-248169
-248022
-248338
-248166
-248021
-248333
-248162
-248017
-248342
-248170
-248025
-248341
-248169
-248024
-248341
-248171
-248026
-248342
-248171
-248026
-248335
-248163
-248016
-248338
-248167
-248024
-248342
-248170
-248025
-248346
-248175
-248028
-248344
-248172
-248026
-248334
-248162
-248015
-248349
-248177
-248030
-248348
-248176
-248029
-248340
-248168
-248025
-248343
-248171
-248026
-248345
-248172
-248027
-248337
-248166
-248020
-248339
-248167
-248021
-248344
-248173
-248026
-248346
-248174
-248027
-248346
-248175
-248028
-248341
-248169
-248025
-248337
-248166
-248023
-248340
-248168
-248024
-248344
-248172
-248027
-248342
-248170
-248025
-248340
-248168
-248021
-248339
-248168
-248023
-248333
-248163
-248019
-248337
-248166
-248021
-248339
-248168
-248022
-248343
-248171
-248024
-248336
-248165
-248019
-248336
-248166
-248020
-248340
-248168
-248022
-248340
-248169
-248024
-248341
-248170
-248025
-248343
-248172
-248026
-248344
-248173
-248027
-248336
-248166
-248021
-248339
-248167
-248022
-248338
-248166
-248021
-248345
-248173
-248027
-248341
-248170
-248025
-248339
-248168
-248022
-248339
-248168
-248022
-248339
-248168
-248023
-248341
-248169
-248023
-248343
-248171
-248025
-248342
-248170
-248024
-248334
-248163
-248018
-248336
-248165
-248021
-248339
-248167
-248021
-248327
-248157
-248014
-248331
-248160
-248015
-248338
-248166
-248022
-248338
-248167
-248021
-248336
-248166
-248020
-248338
-248167
-248021
-248340
-248168
-248023
-248332
-248162
-248017
-248338
-248167
-248022
-248325
-248156
-248013
-248334
-248163
-248019
-248332
-248161
-248017
-248336
-248165
-248021
-248336
-248165
-248018
-248336
-248165
-248018
-248339
-248167
-248021
-248337
-248165
-248018
-248336
-248165
-248020
-248337
-248165
-248021
-248330
-248160
-248016
-248336
-248164
-248020
-248344
-248172
-248026
-248344
-248172
-248026
-248346
-248173
-248027
-248343
-248171
-248026
-248345
-248173
-248027
-248344
-248172
-248026
-248331
-248161
-248018
-248341
-248170
-248024
-248336
-248166
-248020
-248325
-248156
-248013
-248334
-248164
-248017
-248333
-248162
-248015
-248335
-248164
-248017
-248333
-248162
-248015
-248338
-248167
-248022
-248329
-248159
-248017
-248336
-248165
-248021
-248344
-248172
-248026
-248344
-248172
-248026
-248343
-248172
-248027
-248348
-248175
-248029
-248342
-248171
-248025
-248343
-248171
-248026
-248340
-248168
-248024
-248343
-248172
-248025
-248347
-248175
-248028
-248340
-248169
-248025
-248339
-248168
-248024
-248345
-248173
-248027
-248342
-248171
-248026
-248343
-248172
-248026
-248346
-248174
-248029
-248339
-248167
-248022
-248339
-248166
-248022
-248338
-248166
-248021
-248342
-248169
-248024
-248345
-248172
-248026
-248338
-248167
-248023
-248338
-248167
-248023
-248342
-248170
-248025
-248342
-248171
-248025
-248343
-248172
-248026
-248344
-248173
-248027
-248343
-248171
-248026
-248342
-248170
-248025
-248338
-248167
-248023
-248343
-248172
-248026
-248345
-248174
-248027
-248346
-248175
-248028
-248352
-248180
-248032
-248343
-248171
-248026
-248343
-248171
-248026
-248341
-248169
-248024
-248346
-248173
-248027
-248347
-248174
-248028
-248337
-248166
-248022
-248338
-248167
-248022
-248342
-248170
-248024
-248339
-248168
-248023
-248345
-248173
-248026
-248339
-248168
-248022
-248343
-248172
-248024
-248339
-248168
-248022
-248340
-248169
-248024
-248337
-248165
-248021
-248337
-248166
-248021
-248336
-248164
-248020
-248340
-248168
-248023
-248340
-248168
-248024
-248346
-248174
-248028
-248345
-248174
-248027
-248342
-248170
-248024
-248334
-248163
-248019
-248341
-248170
-248023
-248347
-248175
-248028
-248345
-248174
-248027
-248343
-248171
-248026
-248339
-248168
-248023
-248334
-248164
-248021
-248336
-248165
-248022
-248345
-248173
-248028
-248342
-248170
-248023
-248345
-248174
-248026
-248340
-248169
-248024
-248340
-248169
-248025
-248343
-248171
-248025
-248342
-248171
-248024
-248341
-248169
-248022
-248341
-248169
-248022
-248333
-248161
-248017
-248330
-248159
-248016
-248337
-248165
-248019
-248342
-248170
-248024
-248329
-248159
-248016
-248336
-248164
-248021
-248339
-248167
-248021
-248338
-248168
-248020
-248342
-248171
-248025
-248337
-248166
-248021
-248337
-248166
-248022
-248337
-248166
-248021
-248340
-248168
-248024
-248340
-248168
-248024
-248343
-248172
-248025
-248343
-248172
-248025
-248340
-248168
-248024
-248340
-248169
-248024
-248341
-248169
-248025
-248343
-248172
-248026
-248337
-248165
-248021
-248336
-248164
-248020
-248335
-248164
-248019
-248340
-248168
-248023
-248339
-248167
-248023
-248347
-248175
-248029
-248345
-248173
-248027
-248345
-248173
-248028
-248338
-248167
-248021
-248340
-248169
-248022
-248335
-248164
-248019
-248334
-248163
-248019
-248340
-248169
-248023
-248341
-248169
-248023
-248344
-248172
-248026
-248343
-248171
-248025
-248344
-248172
-248026
-248349
-248176
-248031
-248349
-248176
-248030
-248348
-248176
-248030
-248351
-248179
-248031
-248347
-248175
-248029
-248349
-248177
-248030
-248347
-248175
-248029
-248342
-248170
-248026
-248342
-248170
-248026
-248329
-248159
-248015
-248332
-248161
-248019
-248335
-248164
-248017
-248334
-248164
-248017
-248338
-248167
-248023
-248327
-248157
-248015
-248335
-248164
-248020
-248346
-248174
-248028
-248345
-248173
-248027
-248345
-248173
-248027
-248343
-248171
-248026
-248345
-248173
-248027
-248343
-248171
-248026
-248340
-248169
-248023
-248340
-248168
-248024
-248338
-248167
-248022
-248343
-248171
-248025
-248340
-248168
-248023
-248341
-248170
-248024
-248338
-248166
-248022
-248338
-248166
-248022
-248337
-248166
-248021
-248341
-248169
-248025
-248340
-248169
-248023
-248335
-248164
-248020
-248336
-248165
-248021
-248340
-248168
-248023
-248342
-248171
-248024
-248346
-248174
-248028
-248347
-248174
-248029
-248342
-248171
-248025
-248344
-248171
-248026
-248341
-248169
-248024
-248343
-248172
-248025
-248340
-248168
-248024
-248341
-248170
-248025
-248342
-248170
-248025
-248341
-248169
-248025
-248341
-248169
-248024
-248345
-248172
-248027
-248346
-248174
-248028
-248349
-248176
-248030
-248348
-248176
-248030
-248348
-248175
-248030
-248348
-248176
-248030
-248349
-248177
-248030
-248348
-248176
-248029
-248341
-248169
-248025
-248339
-248167
-248023
-248338
-248166
-248022
-248338
-248166
-248021
-248342
-248169
-248024
-248335
-248164
-248020
-248340
-248169
-248022
-248337
-248166
-248022
-248338
-248166
-248021
-248338
-248166
-248021
-248342
-248170
-248025
-248340
-248169
-248022
-248335
-248163
-248019
-248339
-248168
-248023
-248343
-248172
-248025
-248343
-248171
-248026
-248345
-248174
-248028
-248347
-248175
-248029
-248344
-248172
-248027
-248343
-248171
-248026
-248343
-248171
-248026
-248347
-248175
-248029
-248344
-248173
-248027
-248340
-248169
-248025
-248341
-248170
-248025
-248340
-248168
-248022
-248335
-248163
-248019
-248338
-248166
-248021
-248338
-248166
-248022
-248338
-248166
-248022
-248336
-248165
-248020
-248341
-248169
-248025
-248346
-248174
-248027
-248340
-248169
-248022
-248335
-248164
-248019
-248333
-248162
-248019
-248336
-248164
-248020
-248335
-248164
-248021
-248335
-248164
-248019
-248342
-248170
-248024
-248340
-248168
-248024
-248346
-248174
-248028
-248346
-248174
-248027
-248342
-248170
-248025
-248342
-248171
-248026
-248343
-248171
-248026
-248341
-248170
-248025
-248347
-248175
-248028
-248343
-248172
-248026
-248340
-248168
-248024
-248341
-248170
-248026
-248339
-248168
-248024
-248344
-248173
-248027
-248348
-248175
-248029
-248343
-248171
-248026
-248343
-248171
-248026
-248340
-248169
-248024
-248345
-248173
-248027
-248346
-248174
-248028
-248347
-248175
-248029
-248345
-248173
-248028
-248347
-248175
-248029
-248348
-248176
-248029
-248345
-248173
-248027
-248346
-248174
-248028
-248344
-248172
-248026
-248341
-248170
-248024
-248342
-248171
-248025
-248334
-248163
-248020
-248344
-248172
-248027
-248342
-248170
-248024
-248339
-248167
-248022
-248339
-248167
-248022
-248338
-248166
-248021
-248342
-248170
-248025
-248342
-248171
-248024
-248339
-248167
-248023
-248337
-248166
-248022
-248342
-248170
-248025
-248344
-248172
-248026
-248340
-248168
-248024
-248346
-248174
-248028
-248344
-248172
-248027
-248346
-248174
-248028
-248344
-248173
-248026
-248339
-248168
-248023
-248339
-248168
-248024
-248337
-248166
-248022
-248342
-248170
-248025
-248342
-248170
-248025
-248340
-248169
-248024
-248344
-248172
-248027
-248346
-248174
-248028
-248350
-248177
-248031
-248348
-248175
-248030
-248348
-248176
-248030
-248348
-248176
-248030
-248348
-248176
-248029
-248349
-248177
-248030
-248342
-248170
-248026
-248343
-248171
-248027
-248331
-248161
-248017
-248334
-248163
-248020
-248337
-248166
-248020
-248328
-248157
-248014
-248337
-248166
-248018
-248334
-248163
-248016
-248336
-248165
-248020
-248343
-248171
-248026
-248339
-248168
-248021
-248340
-248169
-248022
-248338
-248167
-248021
-248337
-248165
-248022
-248338
-248166
-248022
-248338
-248166
-248021
-248341
-248169
-248025
-248337
-248165
-248022
-248338
-248166
-248021
-248338
-248166
-248021
-248341
-248169
-248024
-248339
-248168
-248022
-248336
-248165
-248021
-248340
-248168
-248021
-248333
-248162
-248018
-248347
-248175
-248028
-248342
-248170
-248026
-248342
-248170
-248026
-248339
-248168
-248024
-248347
-248174
-248029
-248343
-248172
-248025
-248343
-248172
-248026
-248339
-248168
-248023
-248344
-248173
-248027
-248344
-248173
-248026
-248340
-248168
-248024
-248339
-248168
-248024
-248331
-248160
-248017
-248323
-248153
-248010
-248335
-248163
-248019
-248327
-248157
-248013
-248332
-248161
-248014
-248332
-248161
-248014
-248347
-248177
-248029
-248345
-248174
-248027
-248338
-248168
-248022
-248341
-248170
-248024
-248342
-248171
-248024
-248343
-248172
-248025
-248325
-248155
-248011
-248336
-248164
-248018
-248333
-248162
-248014
-248332
-248161
-248014
-248336
-248164
-248019
-248334
-248163
-248017
-248321
-248152
-248009
-248347
-248175
-248029
-248346
-248175
-248028
-248346
-248174
-248029
-248348
-248177
-248030
-248345
-248175
-248028
-248342
-248171
-248024
-248343
-248172
-248025
-248339
-248169
-248023
-248342
-248170
-248024
-248338
-248166
-248022
-248338
-248166
-248021
-248337
-248165
-248020
-248342
-248170
-248024
-248340
-248168
-248021
-248341
-248169
-248023
-248333
-248162
-248017
-248343
-248171
-248025
-248339
-248168
-248022
-248336
-248165
-248020
-248335
-248163
-248019
-248343
-248172
-248025
-248348
-248176
-248029
-248342
-248171
-248024
-248346
-248174
-248027
-248342
-248171
-248025
-248345
-248173
-248027
-248344
-248173
-248026
-248345
-248174
-248027
-248345
-248174
-248026
-248343
-248171
-248026
-248342
-248171
-248026
-248341
-248169
-248024
-248346
-248174
-248028
-248341
-248169
-248025
-248343
-248171
-248025
-248340
-248169
-248024
-248345
-248173
-248028
-248343
-248172
-248026
-248344
-248172
-248026
-248340
-248169
-248024
-248341
-248170
-248025
-248344
-248173
-248027
-248345
-248174
-248027
-248343
-248171
-248026
-248337
-248166
-248022
-248334
-248164
-248020
-248343
-248172
-248027
-248341
-248169
-248023
-248332
-248162
-248018
-248337
-248166
-248021
-248330
-248159
-248016
-248337
-248166
-248019
-248334
-248164
-248017
-248338
-248167
-248020
-248339
-248167
-248021
-248335
-248164
-248019
-248328
-248158
-248014
-248336
-248165
-248020
-248334
-248164
-248017
-248337
-248166
-248019
-248341
-248170
-248025
-248329
-248159
-248016
-248341
-248169
-248023
-248340
-248168
-248022
-248338
-248167
-248020
-248341
-248169
-248024
-248336
-248165
-248020
-248338
-248167
-248022
-248330
-248160
-248017
-248340
-248169
-248023
-248340
-248169
-248022
-248335
-248163
-248019
-248336
-248164
-248020
-248339
-248168
-248021
-248330
-248159
-248015
-248333
-248162
-248017
-248337
-248165
-248020
-248336
-248165
-248021
-248335
-248164
-248019
-248341
-248169
-248024
-248341
-248169
-248024
-248337
-248165
-248020
-248339
-248167
-248022
-248336
-248164
-248020
-248341
-248169
-248024
-248340
-248168
-248024
-248343
-248171
-248025
-248343
-248171
-248025
-248344
-248172
-248026
-248345
-248173
-248027
-248342
-248170
-248026
-248345
-248173
-248028
-248341
-248170
-248026
-248341
-248169
-248024
-248342
-248170
-248025
-248339
-248167
-248023
-248345
-248173
-248027
-248346
-248174
-248027
-248341
-248169
-248025
-248340
-248169
-248025
-248339
-248168
-248023
-248345
-248173
-248028
-248346
-248173
-248028
-248326
-248156
-248013
-248337
-248165
-248019
-248332
-248161
-248014
-248332
-248161
-248014
-248336
-248164
-248020
-248336
-248164
-248018
-248325
-248155
-248011
-248345
-248173
-248027
-248344
-248173
-248027
-248345
-248173
-248028
-248348
-248176
-248029
-248345
-248175
-248027
-248343
-248171
-248025
-248342
-248171
-248024
-248338
-248167
-248022
-248331
-248160
-248013
-248330
-248160
-248013
-248336
-248164
-248020
-248337
-248166
-248021
-248324
-248154
-248011
-248336
-248164
-248018
-248325
-248155
-248011
-248335
-248164
-248018
-248337
-248165
-248021
-248344
-248173
-248026
-248348
-248177
-248030
-248347
-248176
-248029
-248345
-248174
-248028
-248343
-248172
-248027
-248346
-248174
-248028
-248347
-248175
-248028
-248348
-248176
-248029
-248339
-248169
-248023
-248340
-248169
-248025
-248338
-248168
-248022
-248337
-248166
-248023
-248339
-248168
-248022
-248336
-248165
-248020
-248339
-248167
-248023
-248336
-248165
-248021
-248335
-248163
-248019
-248335
-248163
-248020
-248334
-248163
-248019
-248339
-248168
-248023
-248341
-248169
-248024
-248342
-248170
-248025
-248338
-248167
-248022
-248341
-248168
-248023
-248336
-248165
-248020
-248341
-248169
-248024
-248342
-248170
-248025
-248339
-248169
-248025
-248340
-248169
-248024
-248340
-248168
-248023
-248346
-248174
-248028
-248342
-248171
-248025
-248347
-248176
-248029
-248343
-248172
-248025
-248349
-248178
-248031
-248354
-248182
-248034
-248346
-248174
-248028
-248344
-248172
-248026
-248343
-248172
-248026
-248343
-248172
-248026
-248347
-248175
-248029
-248345
-248174
-248027
-248345
-248173
-248027
-248340
-248169
-248025
-248342
-248170
-248026
-248345
-248174
-248028
-248344
-248173
-248026
-248344
-248172
-248026
-248339
-248168
-248024
-248342
-248170
-248025
-248344
-248173
-248027
-248347
-248175
-248029
-248345
-248173
-248027
-248343
-248172
-248027
-248344
-248172
-248027
-248342
-248171
-248025
-248347
-248175
-248029
-248346
-248174
-248029
-248342
-248170
-248025
-248340
-248168
-248025
-248340
-248169
-248024
-248345
-248173
-248027
-248347
-248175
-248029
-248335
-248164
-248017
-248337
-248167
-248020
-248339
-248168
-248024
-248338
-248167
-248022
-248330
-248159
-248016
-248335
-248164
-248019
-248337
-248165
-248022
-248342
-248170
-248024
-248331
-248160
-248017
-248344
-248173
-248026
-248344
-248172
-248026
-248345
-248173
-248027
-248345
-248173
-248027
-248345
-248173
-248027
-248347
-248174
-248028
-248345
-248173
-248027
-248342
-248171
-248024
-248342
-248171
-248024
-248337
-248166
-248021
-248344
-248172
-248026
-248344
-248172
-248025
-248338
-248166
-248023
-248340
-248168
-248022
-248338
-248166
-248021
-248343
-248170
-248025
-248332
-248161
-248018
-248328
-248158
-248016
-248341
-248170
-248024
-248341
-248169
-248025
-248342
-248171
-248026
-248340
-248168
-248024
-248347
-248175
-248028
-248344
-248172
-248027
-248348
-248175
-248029
-248340
-248168
-248023
-248341
-248169
-248024
-248337
-248166
-248022
-248342
-248171
-248025
-248342
-248170
-248026
-248344
-248172
-248027
-248342
-248169
-248025
-248341
-248170
-248025
-248340
-248168
-248023
-248348
-248176
-248030
-248348
-248176
-248030
-248347
-248175
-248029
-248349
-248177
-248030
-248350
-248177
-248030
-248348
-248176
-248029
-248343
-248170
-248026
-248341
-248169
-248024
-248339
-248168
-248021
-248340
-248168
-248022
-248335
-248163
-248019
-248341
-248169
-248023
-248337
-248165
-248021
-248337
-248165
-248021
-248335
-248164
-248019
-248341
-248169
-248023
-248337
-248165
-248021
-248334
-248163
-248020
-248339
-248168
-248022
-248341
-248169
-248024
-248340
-248168
-248024
-248336
-248165
-248022
-248344
-248172
-248026
-248340
-248170
-248024
-248342
-248171
-248025
-248339
-248168
-248023
-248338
-248167
-248023
-248347
-248175
-248029
-248345
-248173
-248027
-248343
-248171
-248026
-248340
-248169
-248024
-248339
-248168
-248023
-248340
-248169
-248024
-248338
-248167
-248024
-248343
-248172
-248026
-248344
-248172
-248026
-248347
-248176
-248029
-248337
-248165
-248021
-248337
-248166
-248021
-248337
-248166
-248021
-248338
-248167
-248023
-248342
-248170
-248024
-248344
-248172
-248026
-248336
-248165
-248021
-248340
-248168
-248023
-248336
-248164
-248021
-248339
-248168
-248022
-248339
-248166
-248022
-248339
-248167
-248022
-248337
-248166
-248021
-248340
-248168
-248023
-248341
-248169
-248024
-248344
-248171
-248025
-248346
-248175
-248028
-248344
-248173
-248027
-248341
-248169
-248025
-248340
-248168
-248025
-248345
-248174
-248029
-248347
-248175
-248029
-248345
-248173
-248028
-248344
-248172
-248027
-248344
-248172
-248027
-248342
-248171
-248025
-248348
-248176
-248029
-248347
-248175
-248029
-248341
-248169
-248025
-248346
-248174
-248028
-248343
-248172
-248026
-248343
-248172
-248026
-248346
-248174
-248028
-248344
-248172
-248027
-248345
-248173
-248027
-248341
-248169
-248025
-248343
-248171
-248026
-248340
-248169
-248024
-248344
-248172
-248026
-248344
-248172
-248026
-248342
-248171
-248025
-248344
-248172
-248026
-248343
-248171
-248026
-248345
-248173
-248027
-248345
-248173
-248027
-248346
-248173
-248027
-248341
-248168
-248024
-248340
-248169
-248023
-248340
-248168
-248023
-248342
-248170
-248025
-248341
-248170
-248024
-248343
-248171
-248025
-248334
-248163
-248019
-248333
-248162
-248019
-248345
-248173
-248027
-248340
-248168
-248024
-248341
-248169
-248024
-248339
-248167
-248023
-248344
-248171
-248026
-248336
-248165
-248021
-248335
-248165
-248020
-248341
-248170
-248023
-248342
-248170
-248024
-248344
-248172
-248026
-248346
-248174
-248028
-248348
-248175
-248029
-248343
-248172
-248025
-248344
-248172
-248026
-248339
-248168
-248024
-248339
-248167
-248024
-248345
-248173
-248027
-248342
-248170
-248026
-248342
-248170
-248025
-248340
-248169
-248024
-248346
-248173
-248027
-248345
-248173
-248028
-248339
-248167
-248023
-248342
-248170
-248025
-248342
-248171
-248025
-248344
-248172
-248026
-248344
-248173
-248027
-248346
-248173
-248028
-248345
-248172
-248027
-248342
-248170
-248026
-248341
-248169
-248025
-248340
-248168
-248024
-248339
-248167
-248023
-248344
-248172
-248027
-248337
-248165
-248021
-248341
-248169
-248024
-248343
-248171
-248026
-248348
-248176
-248029
-248342
-248171
-248026
-248341
-248169
-248025
-248345
-248173
-248027
-248345
-248173
-248026
-248341
-248169
-248024
-248342
-248170
-248025
-248338
-248167
-248024
-248345
-248174
-248028
-248340
-248169
-248024
-248342
-248170
-248025
-248345
-248173
-248026
-248337
-248165
-248022
-248347
-248176
-248029
-248344
-248172
-248026
-248343
-248172
-248027
-248340
-248169
-248022
-248333
-248162
-248018
-248339
-248169
-248023
-248343
-248171
-248025
-248343
-248171
-248026
-248341
-248170
-248025
-248342
-248171
-248025
-248334
-248163
-248020
-248344
-248172
-248026
-248340
-248168
-248022
-248345
-248174
-248026
-248336
-248165
-248019
-248342
-248171
-248025
-248340
-248169
-248024
-248333
-248162
-248018
-248334
-248163
-248021
-248347
-248175
-248028
-248343
-248171
-248025
-248336
-248165
-248022
-248346
-248174
-248028
-248340
-248168
-248023
-248345
-248173
-248027
-248340
-248168
-248023
-248347
-248175
-248028
-248341
-248169
-248023
-248336
-248165
-248022
-248341
-248170
-248024
-248328
-248158
-248016
-248341
-248169
-248022
-248333
-248162
-248018
-248348
-248176
-248029
-248344
-248172
-248025
-248349
-248177
-248029
-248341
-248169
-248023
-248336
-248165
-248021
-248345
-248174
-248026
-248339
-248167
-248022
-248341
-248170
-248023
-248331
-248160
-248017
-248333
-248162
-248019
-248345
-248174
-248027
-248338
-248167
-248022
-248335
-248164
-248018
-248337
-248166
-248019
-248336
-248165
-248018
-248340
-248169
-248023
-248338
-248168
-248022
-248335
-248164
-248019
-248340
-248169
-248024
-248335
-248165
-248019
-248332
-248161
-248017
-248333
-248162
-248019
-248346
-248174
-248027
-248336
-248165
-248021
-248337
-248166
-248021
-248339
-248168
-248022
-248340
-248169
-248024
-248341
-248170
-248024
-248344
-248172
-248026
-248343
-248171
-248026
-248341
-248169
-248025
-248344
-248172
-248027
-248333
-248163
-248018
-248342
-248170
-248024
-248342
-248170
-248025
-248340
-248169
-248025
-248345
-248173
-248027
-248335
-248164
-248019
-248337
-248165
-248021
-248342
-248170
-248024
-248341
-248170
-248024
-248344
-248172
-248027
-248343
-248171
-248026
-248345
-248173
-248027
-248343
-248171
-248026
-248344
-248172
-248027
-248340
-248168
-248024
-248344
-248172
-248026
-248337
-248166
-248020
-248343
-248172
-248025
-248335
-248164
-248020
-248342
-248171
-248023
-248334
-248163
-248018
-248338
-248167
-248023
-248338
-248167
-248023
-248344
-248172
-248025
-248340
-248168
-248023
-248340
-248169
-248024
-248334
-248163
-248018
-248344
-248173
-248027
-248343
-248171
-248025
-248342
-248170
-248026
-248347
-248175
-248029
-248344
-248172
-248025
-248332
-248161
-248017
-248341
-248169
-248022
-248332
-248161
-248017
-248344
-248173
-248026
-248343
-248171
-248026
-248332
-248161
-248017
-248342
-248170
-248022
-248328
-248157
-248014
-248343
-248171
-248025
-248346
-248175
-248028
-248342
-248170
-248025
-248341
-248170
-248025
-248330
-248159
-248015
-248343
-248171
-248026
-248347
-248175
-248028
-248342
-248170
-248025
-248342
-248170
-248025
-248347
-248175
-248029
-248346
-248174
-248028
-248337
-248165
-248021
-248334
-248163
-248018
-248342
-248170
-248024
-248336
-248165
-248019
-248332
-248161
-248017
-248345
-248174
-248026
-248336
-248165
-248021
-248344
-248172
-248025
-248339
-248167
-248022
-248345
-248174
-248027
-248333
-248163
-248020
-248338
-248167
-248023
-248330
-248160
-248016
-248342
-248170
-248025
-248344
-248172
-248026
-248341
-248169
-248024
-248343
-248171
-248026
-248346
-248175
-248028
-248346
-248174
-248027
-248342
-248170
-248026
-248346
-248174
-248028
-248333
-248162
-248017
-248339
-248168
-248021
-248331
-248159
-248015
-248341
-248169
-248024
-248350
-248178
-248030
-248342
-248170
-248025
-248341
-248170
-248025
-248342
-248170
-248022
-248329
-248158
-248015
-248339
-248168
-248021
-248330
-248159
-248015
-248336
-248165
-248021
-248339
-248167
-248023
-248344
-248173
-248025
-248343
-248171
-248026
-248343
-248171
-248026
-248340
-248169
-248023
-248343
-248171
-248026
-248342
-248170
-248026
-248347
-248175
-248028
-248343
-248171
-248026
-248346
-248175
-248028
-248346
-248174
-248028
-248335
-248164
-248020
-248340
-248168
-248023
-248337
-248166
-248022
-248337
-248166
-248022
-248338
-248166
-248021
-248341
-248170
-248024
-248343
-248171
-248026
-248342
-248171
-248025
-248334
-248163
-248018
-248337
-248166
-248021
-248342
-248170
-248024
-248344
-248172
-248027
-248345
-248173
-248027
-248341
-248169
-248024
-248336
-248165
-248021
-248340
-248168
-248023
-248346
-248174
-248028
-248344
-248172
-248026
-248342
-248171
-248025
-248343
-248171
-248025
-248345
-248173
-248026
-248344
-248172
-248026
-248341
-248170
-248024
-248339
-248168
-248023
-248346
-248174
-248028
-248331
-248161
-248017
-248336
-248164
-248020
-248342
-248171
-248025
-248346
-248174
-248027
-248337
-248166
-248022
-248349
-248178
-248030
-248333
-248163
-248018
-248338
-248166
-248021
-248344
-248173
-248026
-248342
-248171
-248025
-248337
-248166
-248023
-248347
-248175
-248028
-248334
-248164
-248020
-248340
-248168
-248023
-248345
-248174
-248027
-248343
-248172
-248026
-248344
-248173
-248026
-248340
-248168
-248023
-248347
-248176
-248028
-248333
-248163
-248019
-248339
-248168
-248023
-248347
-248176
-248029
-248334
-248163
-248020
-248339
-248167
-248023
-248345
-248174
-248027
-248331
-248160
-248017
-248337
-248165
-248021
-248344
-248173
-248026
-248344
-248173
-248026
-248344
-248172
-248026
-248348
-248176
-248029
-248341
-248170
-248024
-248340
-248169
-248024
-248348
-248176
-248029
-248343
-248172
-248025
-248340
-248169
-248024
-248348
-248177
-248029
-248341
-248170
-248024
-248343
-248172
-248026
-248350
-248178
-248030
-248334
-248164
-248020
-248334
-248163
-248017
-248330
-248160
-248017
-248341
-248169
-248023
-248346
-248175
-248028
-248330
-248160
-248016
-248339
-248167
-248022
-248346
-248175
-248028
-248343
-248172
-248026
-248343
-248171
-248025
-248346
-248174
-248027
-248345
-248174
-248026
-248337
-248166
-248023
-248351
-248180
-248031
-248342
-248171
-248025
-248339
-248168
-248022
-248348
-248177
-248029
-248331
-248161
-248018
-248332
-248162
-248018
-248340
-248169
-248024
-248341
-248170
-248024
-248346
-248174
-248028
-248343
-248172
-248026
-248348
-248176
-248029
-248342
-248170
-248025
-248343
-248171
-248025
-248343
-248172
-248026
-248343
-248172
-248026
-248348
-248176
-248029
-248341
-248169
-248025
-248346
-248174
-248028
-248340
-248168
-248022
-248341
-248169
-248022
-248341
-248170
-248024
-248341
-248169
-248024
-248347
-248175
-248029
-248345
-248173
-248026
-248342
-248170
-248024
-248338
-248166
-248022
-248342
-248170
-248024
-248343
-248172
-248026
-248347
-248174
-248029
-248348
-248176
-248029
-248348
-248176
-248030
-248349
-248177
-248030
-248346
-248174
-248028
-248342
-248170
-248026
-248345
-248173
-248027
-248344
-248173
-248027
-248345
-248174
-248027
-248346
-248174
-248027
-248337
-248166
-248022
-248336
-248165
-248022
-248336
-248165
-248021
-248338
-248167
-248023
-248345
-248175
-248028
-248344
-248173
-248025
-248340
-248169
-248023
-248335
-248164
-248019
-248340
-248169
-248024
-248340
-248169
-248024
-248339
-248168
-248023
-248344
-248173
-248027
-248345
-248174
-248027
-248350
-248178
-248031
-248346
-248174
-248027
-248341
-248169
-248022
-248339
-248167
-248022
-248340
-248169
-248023
-248340
-248169
-248023
-248347
-248176
-248029
-248337
-248166
-248022
-248341
-248170
-248025
-248346
-248176
-248029
-248339
-248169
-248022
-248341
-248169
-248022
-248341
-248170
-248025
-248341
-248170
-248024
-248348
-248176
-248029
-248339
-248168
-248023
-248337
-248166
-248020
-248338
-248167
-248022
-248345
-248174
-248026
-248343
-248171
-248025
-248340
-248168
-248023
-248342
-248170
-248024
-248343
-248171
-248025
-248345
-248173
-248028
-248346
-248173
-248028
-248347
-248175
-248029
-248342
-248170
-248026
-248346
-248175
-248027
-248343
-248171
-248025
-248339
-248167
-248022
-248342
-248170
-248024
-248340
-248168
-248022
-248338
-248167
-248023
-248340
-248169
-248024
-248341
-248169
-248025
-248345
-248173
-248026
-248345
-248172
-248028
-248348
-248176
-248030
-248347
-248175
-248029
-248340
-248169
-248024
-248340
-248169
-248025
-248338
-248167
-248023
-248338
-248167
-248023
-248335
-248165
-248021
-248333
-248162
-248019
-248337
-248166
-248023
-248333
-248162
-248019
-248337
-248166
-248022
-248332
-248161
-248017
-248342
-248170
-248024
-248342
-248171
-248025
-248349
-248177
-248030
-248346
-248175
-248028
-248349
-248178
-248030
-248334
-248163
-248020
-248335
-248164
-248020
-248339
-248168
-248024
-248345
-248172
-248026
-248343
-248170
-248025
-248343
-248170
-248025
-248345
-248173
-248027
-248343
-248171
-248026
-248342
-248170
-248026
-248345
-248173
-248027
-248343
-248171
-248026
-248342
-248170
-248025
-248345
-248173
-248027
-248345
-248173
-248027
-248344
-248172
-248026
-248342
-248171
-248025
-248343
-248171
-248024
-248344
-248172
-248026
-248344
-248172
-248026
-248346
-248174
-248027
-248342
-248169
-248024
-248344
-248172
-248026
-248343
-248171
-248025
-248346
-248174
-248027
-248337
-248166
-248022
-248342
-248170
-248025
-248344
-248172
-248026
-248344
-248172
-248026
-248346
-248175
-248027
-248345
-248173
-248028
-248344
-248173
-248026
-248349
-248178
-248030
-248347
-248175
-248028
-248345
-248173
-248027
-248350
-248178
-248031
-248348
-248176
-248029
-248341
-248169
-248025
-248342
-248170
-248026
-248348
-248176
-248030
-248347
-248175
-248029
-248346
-248174
-248029
-248332
-248161
-248017
-248347
-248175
-248027
-248341
-248169
-248023
-248343
-248171
-248025
-248341
-248169
-248023
-248341
-248169
-248023
-248342
-248170
-248024
-248341
-248170
-248024
-248343
-248171
-248024
-248342
-248171
-248024
-248335
-248163
-248019
-248342
-248171
-248025
-248343
-248172
-248025
-248347
-248176
-248029
-248345
-248173
-248027
-248345
-248174
-248028
-248348
-248176
-248029
-248344
-248172
-248027
-248346
-248174
-248028
-248345
-248174
-248028
-248332
-248161
-248017
-248343
-248172
-248025
-248344
-248173
-248025
-248342
-248170
-248024
-248343
-248171
-248025
-248342
-248170
-248024
-248342
-248171
-248024
-248338
-248166
-248022
-248342
-248171
-248025
-248345
-248173
-248027
-248346
-248175
-248028
-248349
-248178
-248030
-248346
-248174
-248028
-248345
-248174
-248028
-248348
-248177
-248030
-248347
-248175
-248029
-248348
-248176
-248029
-248343
-248171
-248026
-248341
-248169
-248025
-248345
-248173
-248027
-248342
-248169
-248025
-248343
-248170
-248025
-248343
-248172
-248026
-248343
-248172
-248025
-248344
-248173
-248027
-248345
-248173
-248026
-248340
-248168
-248024
-248341
-248169
-248024
-248344
-248173
-248026
-248348
-248176
-248029
-248347
-248175
-248028
-248343
-248172
-248026
-248344
-248173
-248027
-248345
-248173
-248027
-248347
-248176
-248028
-248344
-248172
-248026
-248344
-248172
-248027
-248347
-248174
-248029
-248348
-248175
-248029
-248335
-248164
-248020
-248344
-248173
-248026
-248336
-248165
-248021
-248346
-248175
-248028
-248343
-248172
-248025
-248336
-248165
-248021
-248346
-248175
-248027
-248332
-248161
-248017
-248344
-248172
-248026
-248342
-248172
-248026
-248343
-248172
-248026
-248337
-248166
-248022
-248345
-248174
-248027
-248338
-248167
-248022
-248334
-248163
-248020
-248338
-248166
-248021
-248343
-248172
-248025
-248338
-248167
-248023
-248331
-248161
-248017
-248348
-248177
-248029
-248340
-248169
-248024
-248342
-248171
-248025
-248345
-248173
-248026
-248336
-248165
-248021
-248342
-248170
-248024
-248341
-248169
-248023
-248341
-248169
-248023
-248341
-248169
-248023
-248341
-248169
-248023
-248341
-248169
-248023
-248341
-248169
-248023
-248350
-248178
-248030
-248343
-248171
-248026
-248345
-248173
-248028
-248343
-248172
-248026
-248343
-248171
-248026
-248345
-248173
-248027
-248345
-248174
-248027
-248342
-248170
-248023
-248334
-248163
-248019
-248344
-248173
-248026
-248340
-248169
-248022
-248337
-248165
-248020
-248345
-248174
-248026
-248330
-248159
-248015
-248333
-248163
-248020
-248340
-248169
-248024
-248334
-248164
-248020
-248337
-248166
-248022
-248338
-248168
-248021
-248336
-248164
-248019
-248338
-248167
-248022
-248337
-248166
-248022
-248341
-248169
-248023
-248331
-248160
-248015
-248340
-248169
-248022
-248343
-248171
-248023
-248340
-248168
-248024
-248340
-248169
-248022
-248336
-248165
-248021
-248338
-248167
-248023
-248330
-248159
-248015
-248345
-248174
-248026
-248338
-248167
-248022
-248341
-248169
-248024
-248341
-248169
-248022
-248341
-248169
-248023
-248342
-248170
-248024
-248341
-248169
-248023
-248349
-248178
-248030
-248342
-248171
-248027
-248348
-248176
-248028
-248339
-248167
-248023
-248344
-248173
-248027
-248346
-248175
-248028
-248343
-248171
-248025
-248340
-248168
-248024
-248336
-248165
-248020
-248338
-248166
-248022
-248338
-248167
-248021
-248331
-248161
-248018
-248338
-248166
-248022
-248334
-248163
-248019
-248344
-248172
-248025
-248335
-248165
-248020
-248339
-248168
-248023
-248339
-248168
-248024
-248344
-248173
-248026
-248343
-248172
-248026
-248348
-248177
-248030
-248338
-248167
-248021
-248332
-248162
-248019
-248337
-248165
-248021
-248344
-248173
-248025
-248346
-248175
-248028
-248348
-248177
-248029
-248344
-248172
-248026
-248342
-248171
-248026
-248345
-248174
-248027
-248327
-248156
-248014
-248341
-248169
-248023
-248341
-248169
-248022
-248343
-248171
-248024
-248340
-248168
-248023
-248343
-248171
-248024
-248344
-248173
-248025
-248339
-248167
-248022
-248343
-248170
-248024
-248345
-248173
-248027
-248346
-248175
-248028
-248345
-248174
-248028
-248346
-248175
-248027
-248346
-248174
-248027
-248350
-248178
-248030
-248347
-248175
-248029
-248336
-248164
-248020
-248333
-248161
-248016
-248336
-248165
-248021
-248337
-248166
-248022
-248341
-248170
-248024
-248340
-248169
-248022
-248344
-248173
-248025
-248339
-248169
-248022
-248340
-248169
-248024
-248335
-248164
-248021
-248339
-248168
-248023
-248331
-248160
-248015
-248341
-248170
-248022
-248344
-248173
-248026
-248341
-248170
-248023
-248346
-248174
-248026
-248336
-248165
-248020
-248337
-248166
-248022
-248342
-248171
-248024
-248336
-248166
-248022
-248341
-248170
-248025
-248334
-248164
-248021
-248340
-248169
-248024
-248339
-248168
-248022
-248341
-248169
-248024
-248341
-248170
-248023
-248342
-248171
-248023
-248341
-248169
-248023
-248345
-248174
-248027
-248344
-248172
-248026
-248346
-248174
-248028
-248345
-248174
-248027
-248348
-248176
-248029
-248349
-248177
-248030
-248335
-248164
-248020
-248330
-248160
-248017
-248335
-248164
-248020
-248335
-248164
-248020
-248343
-248171
-248025
-248341
-248169
-248025
-248343
-248171
-248025
-248343
-248171
-248025
-248344
-248172
-248026
-248343
-248171
-248025
-248344
-248172
-248026
-248342
-248170
-248024
-248343
-248172
-248026
-248345
-248173
-248026
-248335
-248164
-248020
-248342
-248170
-248024
-248344
-248172
-248026
-248346
-248175
-248028
-248346
-248174
-248028
-248342
-248171
-248025
-248343
-248172
-248026
-248344
-248173
-248026
-248346
-248175
-248027
-248344
-248171
-248027
-248345
-248173
-248027
-248347
-248174
-248028
-248332
-248161
-248018
-248341
-248169
-248022
-248345
-248173
-248026
-248339
-248167
-248022
-248341
-248170
-248024
-248340
-248168
-248022
-248341
-248169
-248023
-248342
-248170
-248024
-248349
-248177
-248029
-248344
-248172
-248026
-248344
-248173
-248027
-248347
-248175
-248028
-248340
-248168
-248024
-248345
-248174
-248028
-248347
-248176
-248028
-248341
-248170
-248024
-248340
-248168
-248022
-248340
-248169
-248023
-248341
-248170
-248023
-248345
-248173
-248026
-248343
-248171
-248024
-248346
-248175
-248029
-248347
-248176
-248029
-248344
-248173
-248027
-248350
-248178
-248030
-248343
-248171
-248026
-248344
-248172
-248026
-248342
-248171
-248025
-248334
-248163
-248020
-248342
-248171
-248025
-248346
-248174
-248027
-248337
-248165
-248022
-248342
-248171
-248025
-248343
-248172
-248026
-248347
-248175
-248028
-248343
-248172
-248026
-248348
-248176
-248028
)
;

boundaryField
{
    sphere_to_oil
    {
        type            calculated;
        value           nonuniform List<scalar> 
1536
(
-248015
-248016
-248016
-248017
-248016
-248018
-248020
-248017
-248018
-248019
-248016
-248014
-248018
-248020
-248015
-248019
-248009
-248010
-248015
-248017
-248017
-248012
-248013
-248014
-248015
-248014
-248013
-248014
-248017
-248018
-248017
-248017
-248017
-248012
-248012
-248014
-248012
-248013
-248015
-248012
-248014
-248013
-248017
-248017
-248016
-248018
-248014
-248014
-248019
-248020
-248020
-248020
-248015
-248014
-248017
-248017
-248019
-248020
-248016
-248017
-248018
-248017
-248018
-248013
-248015
-248015
-248012
-248018
-248018
-248018
-248009
-248022
-248021
-248019
-248009
-248020
-248020
-248021
-248019
-248011
-248013
-248014
-248019
-248016
-248018
-248017
-248020
-248020
-248019
-248017
-248018
-248014
-248015
-248014
-248015
-248014
-248011
-248018
-248018
-248019
-248019
-248009
-248018
-248019
-248020
-248019
-248008
-248022
-248022
-248019
-248020
-248020
-248014
-248015
-248018
-248020
-248021
-248018
-248017
-248018
-248020
-248018
-248014
-248016
-248013
-248015
-248016
-248017
-248013
-248014
-248015
-248018
-248018
-248019
-248020
-248014
-248015
-248015
-248020
-248019
-248016
-248016
-248016
-248017
-248018
-248018
-248012
-248015
-248014
-248009
-248009
-248016
-248015
-248014
-248015
-248016
-248011
-248016
-248008
-248013
-248011
-248015
-248012
-248012
-248014
-248011
-248014
-248014
-248010
-248014
-248019
-248019
-248019
-248019
-248020
-248019
-248012
-248017
-248013
-248008
-248011
-248009
-248011
-248009
-248015
-248011
-248015
-248018
-248018
-248020
-248022
-248019
-248019
-248018
-248018
-248020
-248018
-248018
-248020
-248019
-248020
-248022
-248016
-248016
-248015
-248017
-248019
-248017
-248017
-248018
-248018
-248019
-248020
-248019
-248018
-248017
-248019
-248020
-248021
-248024
-248019
-248019
-248018
-248020
-248021
-248015
-248016
-248017
-248017
-248019
-248015
-248017
-248016
-248018
-248015
-248014
-248014
-248017
-248018
-248021
-248021
-248017
-248013
-248016
-248020
-248020
-248019
-248017
-248015
-248016
-248021
-248016
-248018
-248017
-248018
-248018
-248017
-248015
-248015
-248011
-248010
-248012
-248017
-248010
-248014
-248014
-248014
-248018
-248015
-248015
-248014
-248017
-248018
-248018
-248019
-248017
-248018
-248018
-248019
-248014
-248014
-248013
-248017
-248017
-248022
-248020
-248021
-248014
-248015
-248013
-248013
-248015
-248016
-248020
-248019
-248019
-248024
-248023
-248023
-248024
-248023
-248023
-248022
-248020
-248020
-248009
-248013
-248011
-248011
-248016
-248009
-248014
-248021
-248020
-248021
-248020
-248020
-248020
-248017
-248017
-248016
-248018
-248017
-248017
-248015
-248016
-248015
-248018
-248016
-248014
-248015
-248017
-248018
-248021
-248022
-248019
-248020
-248018
-248018
-248017
-248019
-248019
-248019
-248018
-248020
-248021
-248023
-248023
-248023
-248023
-248023
-248022
-248019
-248016
-248016
-248015
-248017
-248014
-248016
-248016
-248015
-248015
-248018
-248015
-248013
-248017
-248019
-248019
-248022
-248022
-248020
-248020
-248019
-248022
-248020
-248019
-248019
-248015
-248013
-248015
-248015
-248016
-248014
-248018
-248020
-248015
-248013
-248013
-248013
-248015
-248013
-248017
-248018
-248021
-248020
-248019
-248019
-248020
-248018
-248021
-248019
-248018
-248019
-248018
-248021
-248022
-248019
-248019
-248018
-248021
-248022
-248022
-248021
-248022
-248022
-248020
-248021
-248019
-248017
-248018
-248014
-248020
-248017
-248016
-248016
-248015
-248018
-248018
-248016
-248016
-248019
-248020
-248018
-248021
-248020
-248022
-248019
-248017
-248017
-248016
-248019
-248019
-248018
-248020
-248021
-248024
-248023
-248023
-248023
-248023
-248023
-248020
-248020
-248012
-248014
-248013
-248009
-248012
-248010
-248014
-248018
-248014
-248016
-248015
-248016
-248016
-248015
-248018
-248015
-248015
-248015
-248017
-248015
-248014
-248015
-248012
-248021
-248019
-248019
-248018
-248021
-248019
-248019
-248017
-248020
-248019
-248018
-248018
-248010
-248005
-248012
-248008
-248008
-248008
-248022
-248020
-248016
-248017
-248017
-248018
-248006
-248011
-248008
-248008
-248012
-248010
-248004
-248022
-248021
-248022
-248022
-248021
-248018
-248018
-248017
-248018
-248016
-248015
-248014
-248018
-248015
-248016
-248011
-248017
-248015
-248014
-248013
-248018
-248021
-248017
-248019
-248019
-248019
-248019
-248020
-248020
-248020
-248019
-248018
-248021
-248019
-248019
-248018
-248021
-248019
-248019
-248018
-248018
-248020
-248020
-248019
-248016
-248015
-248020
-248016
-248013
-248014
-248010
-248013
-248011
-248014
-248014
-248013
-248009
-248013
-248011
-248013
-248018
-248011
-248016
-248015
-248014
-248017
-248014
-248016
-248011
-248016
-248015
-248013
-248014
-248014
-248009
-248011
-248014
-248015
-248013
-248017
-248018
-248014
-248015
-248013
-248017
-248017
-248019
-248018
-248019
-248020
-248019
-248021
-248019
-248018
-248019
-248017
-248020
-248020
-248018
-248018
-248017
-248021
-248021
-248008
-248012
-248008
-248008
-248013
-248011
-248006
-248020
-248020
-248020
-248022
-248020
-248018
-248017
-248016
-248007
-248007
-248013
-248013
-248005
-248011
-248006
-248011
-248014
-248018
-248023
-248022
-248021
-248020
-248021
-248021
-248022
-248017
-248018
-248016
-248017
-248015
-248014
-248016
-248014
-248012
-248013
-248013
-248016
-248017
-248018
-248015
-248016
-248014
-248018
-248018
-248018
-248018
-248017
-248021
-248018
-248021
-248019
-248023
-248025
-248020
-248019
-248020
-248019
-248021
-248020
-248020
-248019
-248020
-248021
-248019
-248020
-248017
-248019
-248020
-248022
-248020
-248020
-248020
-248019
-248022
-248022
-248019
-248018
-248018
-248020
-248021
-248011
-248013
-248017
-248015
-248011
-248013
-248015
-248017
-248012
-248020
-248019
-248020
-248020
-248020
-248021
-248020
-248017
-248018
-248015
-248019
-248018
-248016
-248016
-248015
-248018
-248012
-248011
-248017
-248018
-248019
-248017
-248021
-248020
-248022
-248017
-248018
-248016
-248018
-248019
-248020
-248018
-248018
-248017
-248023
-248023
-248022
-248023
-248023
-248022
-248020
-248017
-248014
-248015
-248013
-248016
-248015
-248014
-248013
-248017
-248014
-248014
-248015
-248018
-248017
-248016
-248020
-248018
-248018
-248017
-248017
-248022
-248021
-248019
-248018
-248017
-248018
-248017
-248019
-248019
-248022
-248015
-248015
-248014
-248016
-248017
-248019
-248014
-248016
-248014
-248015
-248015
-248015
-248014
-248016
-248017
-248018
-248021
-248020
-248019
-248019
-248022
-248022
-248021
-248020
-248021
-248019
-248022
-248022
-248018
-248021
-248019
-248020
-248021
-248020
-248021
-248019
-248019
-248018
-248019
-248020
-248019
-248019
-248019
-248020
-248020
-248020
-248017
-248016
-248016
-248018
-248017
-248018
-248013
-248013
-248020
-248017
-248017
-248016
-248019
-248015
-248014
-248017
-248018
-248019
-248021
-248021
-248019
-248019
-248017
-248018
-248020
-248019
-248018
-248018
-248021
-248021
-248017
-248018
-248018
-248019
-248020
-248021
-248021
-248019
-248018
-248018
-248017
-248020
-248015
-248017
-248019
-248022
-248019
-248019
-248020
-248019
-248017
-248018
-248018
-248020
-248018
-248018
-248019
-248016
-248021
-248019
-248020
-248015
-248012
-248017
-248018
-248018
-248019
-248018
-248014
-248018
-248015
-248019
-248013
-248019
-248017
-248011
-248015
-248021
-248018
-248016
-248020
-248017
-248020
-248017
-248020
-248016
-248016
-248017
-248010
-248015
-248012
-248021
-248018
-248021
-248016
-248015
-248019
-248015
-248016
-248011
-248013
-248020
-248015
-248012
-248013
-248012
-248016
-248016
-248013
-248018
-248013
-248011
-248014
-248020
-248014
-248015
-248016
-248017
-248017
-248019
-248019
-248018
-248020
-248012
-248017
-248018
-248019
-248020
-248013
-248015
-248017
-248017
-248020
-248020
-248021
-248019
-248020
-248018
-248020
-248014
-248018
-248014
-248016
-248012
-248016
-248017
-248018
-248016
-248017
-248011
-248020
-248018
-248019
-248022
-248017
-248010
-248015
-248010
-248019
-248019
-248010
-248014
-248008
-248018
-248020
-248018
-248018
-248009
-248019
-248021
-248018
-248018
-248022
-248021
-248015
-248012
-248017
-248013
-248011
-248019
-248014
-248018
-248015
-248020
-248014
-248017
-248010
-248018
-248019
-248018
-248019
-248020
-248020
-248019
-248021
-248011
-248014
-248009
-248017
-248022
-248018
-248018
-248015
-248009
-248014
-248009
-248015
-248016
-248018
-248019
-248019
-248016
-248019
-248019
-248021
-248019
-248022
-248021
-248014
-248016
-248015
-248015
-248015
-248017
-248019
-248019
-248012
-248015
-248017
-248020
-248020
-248017
-248015
-248016
-248022
-248020
-248019
-248018
-248020
-248020
-248017
-248017
-248021
-248011
-248014
-248018
-248020
-248015
-248022
-248012
-248015
-248019
-248018
-248016
-248020
-248014
-248017
-248020
-248019
-248019
-248016
-248021
-248013
-248017
-248021
-248014
-248016
-248020
-248011
-248015
-248019
-248019
-248019
-248021
-248018
-248017
-248021
-248018
-248016
-248021
-248017
-248018
-248022
-248014
-248010
-248012
-248016
-248021
-248010
-248015
-248020
-248019
-248018
-248019
-248019
-248016
-248023
-248017
-248015
-248021
-248012
-248011
-248017
-248018
-248021
-248019
-248021
-248018
-248018
-248019
-248019
-248021
-248018
-248021
-248016
-248016
-248017
-248017
-248022
-248018
-248017
-248015
-248017
-248019
-248022
-248022
-248023
-248022
-248020
-248019
-248020
-248020
-248020
-248020
-248016
-248016
-248015
-248017
-248021
-248018
-248016
-248013
-248017
-248017
-248017
-248020
-248020
-248022
-248019
-248016
-248015
-248016
-248016
-248022
-248016
-248018
-248022
-248016
-248015
-248019
-248017
-248021
-248016
-248014
-248016
-248019
-248018
-248016
-248017
-248018
-248021
-248021
-248022
-248020
-248019
-248017
-248015
-248017
-248015
-248017
-248017
-248018
-248019
-248021
-248023
-248022
-248018
-248018
-248017
-248016
-248015
-248013
-248017
-248013
-248015
-248011
-248017
-248018
-248022
-248020
-248022
-248014
-248014
-248017
-248020
-248018
-248018
-248020
-248019
-248019
-248020
-248019
-248019
-248020
-248020
-248019
-248018
-248018
-248019
-248019
-248019
-248018
-248019
-248018
-248020
-248016
-248018
-248019
-248019
-248020
-248021
-248019
-248022
-248021
-248021
-248024
-248022
-248019
-248020
-248023
-248022
-248022
-248011
-248020
-248016
-248018
-248016
-248016
-248018
-248018
-248017
-248017
-248013
-248018
-248017
-248022
-248020
-248021
-248022
-248020
-248021
-248021
-248011
-248017
-248018
-248017
-248018
-248017
-248017
-248015
-248018
-248020
-248022
-248023
-248021
-248021
-248022
-248022
-248022
-248020
-248018
-248020
-248018
-248019
-248019
-248018
-248020
-248019
-248017
-248018
-248019
-248021
-248021
-248019
-248020
-248020
-248021
-248019
-248021
-248022
-248022
-248014
-248019
-248014
-248020
-248018
-248014
-248020
-248011
-248019
-248020
-248019
-248016
-248020
-248016
-248014
-248015
-248018
-248016
-248011
-248021
-248017
-248018
-248019
-248014
-248017
-248016
-248016
-248017
-248017
-248016
-248015
-248023
-248019
-248021
-248020
-248019
-248021
-248020
-248016
-248012
-248018
-248015
-248013
-248018
-248009
-248014
-248018
-248014
-248016
-248015
-248012
-248016
-248015
-248016
-248009
-248014
-248016
-248018
-248016
-248015
-248017
-248010
-248019
-248015
-248018
-248015
-248016
-248017
-248016
-248023
-248020
-248021
-248017
-248020
-248021
-248018
-248017
-248014
-248016
-248015
-248013
-248015
-248012
-248018
-248014
-248016
-248018
-248019
-248019
-248022
-248014
-248013
-248015
-248019
-248021
-248021
-248019
-248019
-248020
-248008
-248016
-248015
-248017
-248016
-248017
-248018
-248015
-248017
-248020
-248021
-248021
-248020
-248020
-248023
-248021
-248013
-248010
-248015
-248015
-248017
-248015
-248017
-248016
-248018
-248015
-248017
-248009
-248015
-248018
-248016
-248018
-248014
-248016
-248017
-248016
-248019
-248015
-248018
-248015
-248017
-248016
-248016
-248016
-248020
-248019
-248021
-248020
-248022
-248022
-248013
-248012
-248014
-248014
-248019
-248018
-248019
-248019
-248019
-248018
-248019
-248017
-248019
-248018
-248013
-248017
-248018
-248021
-248021
-248018
-248019
-248019
-248020
-248021
-248021
-248021
-248012
-248015
-248018
-248015
-248017
-248015
-248017
-248017
-248022
-248019
-248020
-248021
-248018
-248021
-248020
-248017
-248015
-248016
-248016
-248018
-248017
-248022
-248022
-248020
-248022
-248019
-248019
-248018
-248014
-248018
-248019
-248016
-248018
-248019
-248021
-248019
-248021
)
;
    }
}


// ************************************************************************* //
