/*--------------------------------*- C++ -*----------------------------------*\
| =========                 |                                                 |
| \\      /  F ield         | OpenFOAM: The Open Source CFD Toolbox           |
|  \\    /   O peration     | Version:  v1912                                 |
|   \\  /    A nd           | Website:  www.openfoam.com                      |
|    \\/     M anipulation  |                                                 |
\*---------------------------------------------------------------------------*/
FoamFile
{
    version     2.0;
    format      ascii;
    class       volScalarField;
    location    "264/sphere";
    object      ddt0((betavSolid*thermo:rho),h);
}
// * * * * * * * * * * * * * * * * * * * * * * * * * * * * * * * * * * * * * //

dimensions      [1 -1 -3 0 0 0 0];


internalField   nonuniform List<scalar> 
6600
(
-358552
-358617
-358611
-358758
-358574
-358572
-358615
-359048
-359140
-358875
-358609
-359137
-359228
-358975
-358838
-358971
-358761
-358609
-358752
-358574
-358609
-359134
-359227
-358976
-358739
-359225
-359315
-359067
-358615
-358561
-358969
-359059
-358900
-358604
-358570
-358865
-358976
-358744
-358565
-358968
-359062
-358899
-358732
-358896
-358656
-358607
-358607
-358607
-358601
-358607
-358556
-358759
-358623
-358974
-358878
-359064
-358980
-358877
-359062
-358975
-358618
-358556
-358758
-358621
-358976
-358973
-358876
-358758
-358620
-358620
-358557
-358600
-358600
-358597
-358593
-358576
-358594
-358599
-358578
-358593
-358598
-358576
-358601
-358638
-358570
-358569
-358736
-358896
-358570
-358571
-358897
-358744
-358657
-358567
-358735
-358565
-358894
-358613
-358611
-358750
-358871
-358973
-358970
-359059
-358600
-358673
-358653
-358806
-358761
-358727
-358826
-358574
-358743
-358900
-358574
-358567
-358566
-358894
-358736
-358749
-358551
-358617
-358971
-359057
-358872
-358971
-358623
-358621
-358556
-359062
-358979
-358974
-358879
-358900
-358574
-358745
-358637
-358569
-358734
-358896
-358570
-358897
-358744
-358571
-358657
-358600
-358604
-358732
-358566
-358564
-358892
-358613
-358838
-358969
-358610
-358746
-358969
-359055
-358556
-358973
-358877
-358752
-358620
-359058
-358975
-358761
-358572
-358899
-358572
-358594
-358837
-358610
-358966
-358608
-358967
-358740
-359050
-358557
-358977
-358624
-358974
-358622
-359066
-358768
-358615
-358594
-358966
-358837
-358740
-359054
-358609
-358970
-358622
-358878
-358560
-359065
-358769
-358978
-358623
-358615
-358734
-358562
-358894
-358566
-358970
-358613
-358968
-359055
-358609
-358747
-358876
-358615
-358556
-359059
-358976
-358752
-358622
-358900
-358574
-358572
-358600
-358604
-358601
-358604
-358565
-358562
-358892
-358732
-358747
-358967
-359055
-358614
-358837
-358971
-358620
-359059
-358975
-358615
-358556
-358974
-358877
-358900
-358573
-358760
-358594
-358966
-358740
-359051
-358836
-358608
-358969
-358624
-359066
-358768
-358876
-358558
-358976
-358623
-358615
-358593
-359053
-358609
-358966
-358608
-358971
-358838
-358769
-358979
-358624
-358977
-358624
-358878
-358559
-358893
-358566
-358733
-359054
-358609
-358746
-358836
-358969
-358613
-358977
-358752
-358621
-358971
-358877
-358616
-358555
-358575
-358572
-358762
-358600
-358636
-358568
-358732
-358896
-358567
-358897
-358744
-358571
-358656
-358735
-358564
-358892
-358567
-358970
-358965
-359056
-358551
-358616
-358611
-358749
-358899
-358572
-358574
-358892
-358732
-358566
-359057
-358867
-358970
-358612
-358748
-358551
-358615
-358575
-358742
-358573
-358636
-358895
-358569
-358569
-358743
-358571
-358571
-358562
-358548
-358545
-358559
-358550
-358569
-358551
-358566
-358551
-358566
-358551
-358563
-358549
-358542
-358545
-358579
-358576
-358553
-358597
-358593
-358574
-358567
-358550
-358562
-358549
-358578
-358577
-358622
-358763
-358626
-358685
-358684
-358601
-358681
-358655
-358808
-358767
-358727
-358833
-358599
-358673
-358652
-358805
-358761
-358726
-358826
-358578
-358578
-358621
-358762
-358623
-358684
-358683
-358602
-358678
-358655
-358807
-358765
-358728
-358831
-358676
-358601
-358654
-358807
-358764
-358830
-358728
-358675
-358600
-358653
-358805
-358762
-358827
-358726
-358578
-358578
-358621
-358763
-358625
-358686
-358685
-358550
-358543
-358579
-358575
-358551
-358578
-358574
-358550
-358549
-358573
-358572
-358613
-358753
-358619
-358680
-358679
-358572
-358608
-358559
-358656
-358794
-358593
-358754
-358636
-358817
-358719
-358559
-358676
-358578
-358589
-358649
-358555
-358568
-358603
-358557
-358578
-358671
-358648
-358585
-358727
-358564
-358607
-358562
-358664
-358597
-358667
-358801
-358598
-358758
-358661
-358726
-358643
-358821
-358560
-358572
-358608
-358726
-358605
-358559
-358561
-358661
-358664
-358596
-358787
-358751
-358587
-358655
-358713
-358813
-358630
-358568
-358553
-358553
-358561
-358598
-358622
-358657
-358653
-358832
-358581
-358723
-358717
-358551
-358787
-358656
-358751
-358588
-358814
-358631
-358712
-358844
-358732
-358888
-358712
-358868
-358688
-358864
-358580
-358675
-358555
-358588
-358651
-358786
-358751
-358654
-358589
-358814
-358713
-358630
-358571
-358555
-358830
-358877
-358701
-358700
-358855
-358853
-358666
-358603
-358602
-358581
-358573
-358665
-358549
-358582
-358641
-358543
-358594
-358581
-358565
-358554
-358563
-358599
-358577
-358558
-358669
-358646
-358584
-358553
-358563
-358600
-358829
-358644
-358720
-358620
-358644
-358716
-358572
-358572
-358664
-358553
-358643
-358580
-358615
-358824
-358635
-358634
-358712
-358711
-358568
-358577
-358586
-358586
-358559
-358543
-358576
-358578
-358550
-358546
-358572
-358571
-358571
-358557
-358567
-358605
-358557
-358669
-358575
-358584
-358646
-358554
-358565
-358599
-358575
-358552
-358668
-358585
-358641
-358615
-358639
-358634
-358825
-358569
-358716
-358708
-358555
-358670
-358648
-358577
-358585
-358572
-358607
-358560
-358577
-358558
-358670
-358585
-358648
-358559
-358572
-358607
-358645
-358829
-358719
-358620
-358644
-358573
-358717
-358578
-358585
-358585
-358558
-358555
-358567
-358604
-358553
-358575
-358670
-358646
-358584
-358554
-358562
-358597
-358615
-358638
-358632
-358824
-358567
-358715
-358707
-358574
-358550
-358667
-358583
-358641
-358660
-358594
-358757
-358638
-358821
-358796
-358721
-358593
-358656
-358636
-358795
-358755
-358720
-358817
-358557
-358675
-358649
-358578
-358589
-358644
-358828
-358718
-358620
-358642
-358573
-358717
-358560
-358572
-358608
-358579
-358561
-358674
-358587
-358650
-358574
-358552
-358669
-358583
-358645
-358554
-358568
-358603
-358573
-358666
-358549
-358582
-358639
-358552
-358561
-358596
-358614
-358640
-358824
-358633
-358714
-358568
-358707
-358706
-358710
-358888
-358838
-358673
-358861
-358863
-358753
-358573
-358573
-358619
-358613
-358677
-358680
-358663
-358796
-358596
-358759
-358638
-358822
-358721
-358680
-358603
-358768
-358655
-358833
-358809
-358731
-358676
-358602
-358655
-358807
-358763
-358828
-358728
-358578
-358577
-358622
-358764
-358625
-358687
-358685
-358560
-358573
-358609
-358579
-358674
-358558
-358587
-358649
-358622
-358645
-358830
-358646
-358721
-358573
-358718
-358560
-358572
-358608
-358576
-358573
-358571
-358576
-358553
-358670
-358646
-358585
-358614
-358640
-358823
-358633
-358713
-358565
-358707
-358555
-358563
-358599
-358576
-358669
-358555
-358585
-358644
-358560
-358572
-358608
-358620
-358645
-358829
-358644
-358720
-358571
-358716
-358579
-358671
-358557
-358586
-358649
-358559
-358571
-358606
-358578
-358586
-358586
-358559
-358546
-358544
-358577
-358574
-358549
-358552
-358582
-358595
-358567
-358565
-358549
-358554
-358564
-358601
-358553
-358562
-358598
-358613
-358635
-358633
-358822
-358567
-358711
-358706
-358573
-358553
-358666
-358642
-358581
-358573
-358550
-358664
-358640
-358581
-358788
-358592
-358754
-358658
-358715
-358632
-358816
-358789
-358592
-358655
-358753
-358632
-358720
-358814
-358833
-358705
-358703
-358884
-358669
-358859
-358857
-358759
-358576
-358626
-358577
-358684
-358617
-358684
-358845
-358712
-358732
-358888
-358688
-358864
-358868
-358803
-358599
-358674
-358764
-358648
-358728
-358828
-358623
-358655
-358654
-358832
-358580
-358721
-358721
-358560
-358573
-358609
-358578
-358557
-358673
-358649
-358586
-358578
-358558
-358673
-358649
-358586
-358539
-358542
-358571
-358572
-358547
-358785
-358589
-358752
-358653
-358713
-358630
-358812
-358787
-358588
-358750
-358653
-358714
-358630
-358813
-358831
-358700
-358701
-358877
-358667
-358854
-358855
-358765
-358626
-358579
-358579
-358687
-358687
-358622
-358811
-358604
-358767
-358682
-358731
-358658
-358835
-358809
-358601
-358766
-358681
-358729
-358655
-358833
-358854
-358743
-358743
-358903
-358704
-358879
-358878
-358570
-358552
-358571
-358551
-358601
-358602
-358579
-358542
-358573
-358572
-358550
-358540
-358729
-358560
-358605
-358560
-358662
-358595
-358665
-358832
-358703
-358877
-358700
-358855
-358669
-358855
-358787
-358589
-358655
-358752
-358630
-358716
-358813
-358809
-358766
-358602
-358680
-358729
-358833
-358656
-358766
-358581
-358628
-358580
-358686
-358623
-358687
-358854
-358743
-358903
-358744
-358878
-358706
-358878
-358809
-358602
-358681
-358766
-358656
-358729
-358834
-358602
-358603
-358581
-358569
-358552
-358613
-358632
-358637
-358822
-358567
-358706
-358711
-358554
-358564
-358599
-358574
-358549
-358666
-358643
-358583
-358573
-358552
-358666
-358641
-358582
-358727
-358605
-358562
-358561
-358664
-358664
-358597
-358789
-358755
-358591
-358660
-358717
-358818
-358634
-358787
-358590
-358751
-358653
-358716
-358631
-358813
-358834
-358708
-358884
-358704
-358861
-358673
-358857
-358800
-358757
-358597
-358663
-358723
-358821
-358642
-358758
-358625
-358574
-358577
-358681
-358684
-358616
-358845
-358712
-358888
-358732
-358865
-358688
-358868
-358803
-358600
-358765
-358677
-358726
-358650
-358829
-358560
-358574
-358610
-358559
-358572
-358607
-358578
-358559
-358673
-358648
-358586
-358579
-358555
-358674
-358649
-358587
-358550
-358545
-358579
-358575
-358556
-358582
-358595
-358568
-358565
-358549
-358544
-358575
-358578
-358556
-358547
-358595
-358582
-358567
-358563
-358548
-358548
-358573
-358665
-358550
-358581
-358640
-358572
-358664
-358546
-358581
-358640
-358553
-358562
-358597
-358553
-358564
-358598
-358613
-358821
-358631
-358635
-358706
-358710
-358566
-358835
-358705
-358884
-358708
-358858
-358673
-358860
-358727
-358560
-358563
-358605
-358597
-358662
-358665
-358790
-358659
-358592
-358756
-358634
-358818
-358717
-358802
-358674
-358764
-358598
-358827
-358648
-358725
-358800
-358662
-358598
-358757
-358641
-358821
-358724
-358758
-358576
-358575
-358624
-358615
-358684
-358682
-358579
-358673
-358561
-358587
-358649
-358559
-358571
-358608
-358622
-358831
-358655
-358652
-358721
-358717
-358580
-358558
-358572
-358608
-358543
-358572
-358571
-358550
-358541
-358832
-358702
-358877
-358700
-358855
-358669
-358854
-358726
-358558
-358605
-358561
-358663
-358595
-358665
-358787
-358651
-358589
-358751
-358630
-358812
-358717
-358809
-358767
-358682
-358603
-358834
-358730
-358657
-358854
-358744
-358903
-358743
-358878
-358707
-358878
-358765
-358580
-358625
-358578
-358688
-358623
-358686
-358809
-358681
-358602
-358766
-358657
-358833
-358729
-358603
-358602
-358581
-358569
-358553
-358571
-358570
-358548
-358539
-358540
-358786
-358653
-358751
-358588
-358813
-358629
-358714
-358787
-358652
-358751
-358591
-358811
-358630
-358719
-358725
-358557
-358562
-358605
-358595
-358662
-358666
-358855
-358904
-358744
-358744
-358879
-358878
-358707
-358810
-358682
-358767
-358603
-358834
-358657
-358728
-358810
-358682
-358767
-358603
-358834
-358657
-358729
-358765
-358579
-358580
-358627
-358623
-358687
-358687
-358570
-358554
-358570
-358553
-358572
-358666
-358554
-358581
-358643
-358551
-358561
-358596
-358613
-358822
-358633
-358636
-358707
-358711
-358566
-358554
-358563
-358600
-358789
-358752
-358652
-358591
-358813
-358718
-358632
-358834
-358883
-358704
-358707
-358857
-358860
-358671
-358729
-358564
-358605
-358562
-358667
-358599
-358663
-358788
-358658
-358755
-358590
-358817
-358633
-358714
-358844
-358888
-358732
-358711
-358868
-358863
-358685
-358803
-358764
-358676
-358599
-358828
-358727
-358649
-358800
-358662
-358757
-358599
-358821
-358642
-358723
-358759
-358577
-358624
-358576
-358684
-358617
-358681
-358579
-358673
-358559
-358587
-358648
-358579
-358673
-358557
-358586
-358649
-358623
-358833
-358657
-358652
-358724
-358718
-358581
-358562
-358573
-358609
-358558
-358572
-358607
-358575
-358579
-358552
-358547
-358564
-358547
-358549
-358569
-358570
-358573
-358576
-358555
-358669
-358644
-358585
-358614
-358635
-358822
-358635
-358710
-358566
-358710
-358555
-358567
-358603
-358670
-358549
-358576
-358585
-358645
-358559
-358571
-358607
-358828
-358643
-358715
-358620
-358645
-358720
-358573
-358558
-358671
-358648
-358577
-358585
-358569
-358606
-358558
-358577
-358585
-358586
-358559
-358613
-358636
-358823
-358636
-358711
-358566
-358709
-358572
-358552
-358665
-358642
-358581
-358553
-358566
-358601
-358553
-358573
-358666
-358643
-358582
-358572
-358570
-358611
-358751
-358618
-358677
-358676
-358662
-358758
-358596
-358822
-358638
-358796
-358721
-358592
-358657
-358636
-358794
-358753
-358718
-358816
-358558
-358570
-358608
-358577
-358558
-358673
-358649
-358587
-358572
-358608
-358559
-358558
-358673
-358649
-358579
-358588
-358553
-358562
-358601
-358612
-358821
-358635
-358634
-358710
-358709
-358566
-358553
-358572
-358666
-358581
-358642
-358554
-358565
-358602
-358657
-358594
-358637
-358793
-358753
-358817
-358718
-358571
-358573
-358611
-358751
-358620
-358677
-358678
-358662
-358757
-358594
-358821
-358636
-358794
-358720
-358580
-358675
-358559
-358651
-358588
-358828
-358642
-358717
-358621
-358643
-358717
-358573
-358561
-358574
-358609
-358560
-358672
-358648
-358577
-358586
-358570
-358608
-358559
-358570
-358568
-358572
-358556
-358563
-358599
-358575
-358668
-358550
-358641
-358584
-358556
-358568
-358603
-358668
-358553
-358575
-358644
-358584
-358828
-358643
-358719
-358620
-358644
-358716
-358573
-358578
-358669
-358557
-358646
-358585
-358559
-358571
-358606
-358557
-358670
-358646
-358577
-358585
-358571
-358607
-358559
-358738
-358732
-358894
-358700
-358874
-358850
-358870
-359140
-359136
-359226
-359135
-359223
-359221
-359310
-359049
-359231
-359144
-359226
-359139
-359314
-359230
-359224
-359048
-359137
-359226
-359311
-359138
-359224
-359142
-359139
-359052
-359315
-359230
-359228
-359144
-358871
-358909
-358721
-358911
-358803
-358973
-358805
-359223
-359221
-359309
-359047
-359138
-359135
-359223
-359141
-359315
-359230
-359143
-359052
-359230
-359142
-359311
-359137
-359223
-359139
-359225
-359049
-359136
-359231
-359228
-359145
-359230
-359143
-359140
-359052
-358663
-358800
-358800
-358878
-358678
-358777
-358775
-358875
-358799
-358774
-358662
-358801
-358775
-358679
-358873
-358797
-358773
-358660
-358797
-358772
-358677
-358733
-358740
-358703
-358851
-358894
-358870
-358874
-358733
-358738
-358702
-358849
-358893
-358869
-358873
-358738
-358733
-358702
-358849
-358893
-358873
-358869
-358796
-358658
-358796
-358871
-358676
-358771
-358767
-358797
-358874
-358773
-358660
-358797
-358676
-358773
-358657
-358796
-358870
-358794
-358771
-358674
-358767
-358711
-358707
-358888
-358676
-358864
-358840
-358862
-358801
-358876
-358775
-358661
-358801
-358680
-358775
-358656
-358796
-358794
-358869
-358674
-358770
-358766
-358801
-358663
-358801
-358877
-358680
-358776
-358775
-358658
-358796
-358871
-358797
-358771
-358676
-358769
-358661
-358798
-358874
-358798
-358774
-358678
-358773
-358655
-358868
-358793
-358792
-358768
-358765
-358672
-358872
-358723
-358909
-358912
-358804
-358807
-358974
-358662
-358876
-358800
-358799
-358776
-358776
-358678
-358870
-358722
-358909
-358909
-358803
-358804
-358973
-358871
-358909
-358721
-358909
-358803
-358973
-358804
-358657
-358869
-358794
-358794
-358768
-358768
-358674
-358662
-358877
-358800
-358800
-358776
-358775
-358678
-358654
-358793
-358792
-358868
-358672
-358766
-358766
-358870
-358907
-358721
-358911
-358802
-358973
-358805
-358663
-358802
-358799
-358877
-358680
-358777
-358774
-358869
-358909
-358720
-358910
-358803
-358972
-358804
-358871
-358909
-358912
-358723
-358973
-358803
-358806
-358655
-358793
-358794
-358868
-358673
-358766
-358768
-358871
-358910
-358911
-358720
-358973
-358805
-358804
-358797
-358658
-358796
-358870
-358770
-358676
-358769
-358874
-358797
-358772
-358660
-358796
-358773
-358676
-358655
-358869
-358793
-358793
-358769
-358767
-358672
-358711
-358887
-358706
-358864
-358674
-358838
-358860
-358875
-358800
-358776
-358663
-358800
-358775
-358680
-358654
-358793
-358868
-358793
-358768
-358672
-358767
-358710
-358886
-358704
-358863
-358671
-358836
-358859
-358796
-358657
-358870
-358795
-358769
-358769
-358676
-358389
-358144
-357940
-358395
-358149
-357942
-358395
-358149
-357942
-358402
-358156
-357945
-358398
-358153
-357942
-358396
-358152
-357945
-358402
-358157
-357948
-358397
-358152
-357944
-358399
-358153
-357945
-358403
-358158
-357947
-358400
-358154
-357943
-358395
-358150
-357939
-358398
-358153
-357944
-358404
-358158
-357948
-358400
-358154
-357942
-358402
-358157
-357948
-358382
-358138
-357931
-358385
-358140
-357934
-358397
-358151
-357941
-358397
-358153
-357944
-358397
-358152
-357944
-358391
-358146
-357937
-358393
-358147
-357939
-358395
-358149
-357940
-358396
-358150
-357940
-358395
-358149
-357939
-358394
-358148
-357938
-358396
-358150
-357940
-358395
-358149
-357943
-358399
-358153
-357945
-358396
-358151
-357944
-358397
-358151
-357944
-358397
-358151
-357944
-358392
-358146
-357936
-358392
-358146
-357936
-358396
-358150
-357940
-358392
-358147
-357936
-358395
-358149
-357938
-358397
-358151
-357941
-358392
-358147
-357937
-358396
-358150
-357940
-358394
-358148
-357937
-358399
-358153
-357944
-358397
-358152
-357943
-358396
-358150
-357943
-358401
-358155
-357945
-358392
-358147
-357939
-358393
-358148
-357940
-358404
-358159
-357948
-358402
-358157
-357948
-358400
-358155
-357948
-358402
-358157
-357948
-358394
-358148
-357940
-358396
-358150
-357940
-358397
-358151
-357944
-358395
-358149
-357943
-358399
-358155
-357946
-358402
-358156
-357947
-358395
-358150
-357942
-358395
-358151
-357943
-358399
-358154
-357945
-358397
-358152
-357943
-358400
-358154
-357946
-358395
-358149
-357939
-358397
-358151
-357942
-358396
-358150
-357941
-358391
-358146
-357937
-358399
-358153
-357945
-358397
-358153
-357945
-358398
-358153
-357945
-358389
-358143
-357932
-358409
-358163
-357952
-358407
-358161
-357950
-358402
-358157
-357948
-358388
-358142
-357932
-358398
-358153
-357948
-358402
-358156
-357949
-358406
-358160
-357951
-358402
-358157
-357948
-358386
-358141
-357934
-358390
-358146
-357938
-358393
-358148
-357939
-358402
-358157
-357946
-358398
-358152
-357941
-358398
-358152
-357945
-358393
-358148
-357943
-358408
-358161
-357950
-358401
-358156
-357948
-358400
-358155
-357947
-358395
-358151
-357943
-358399
-358154
-357945
-358395
-358150
-357939
-358397
-358151
-357941
-358395
-358149
-357939
-358397
-358151
-357941
-358394
-358148
-357939
-358387
-358142
-357934
-358399
-358153
-357946
-358398
-358151
-357945
-358399
-358154
-357946
-358399
-358154
-357947
-358389
-358142
-357932
-358394
-358149
-357945
-358400
-358154
-357946
-358406
-358160
-357950
-358402
-358157
-357947
-358387
-358141
-357931
-358409
-358163
-357953
-358408
-358162
-357952
-358396
-358151
-357947
-358400
-358155
-357948
-358403
-358157
-357949
-358392
-358148
-357939
-358395
-358149
-357941
-358402
-358157
-357946
-358406
-358159
-357948
-358406
-358161
-357949
-358398
-358152
-357946
-358393
-358148
-357943
-358397
-358151
-357945
-358402
-358156
-357948
-358399
-358154
-357945
-358396
-358150
-357939
-358395
-358150
-357943
-358387
-358143
-357937
-358393
-358148
-357940
-358395
-358150
-357942
-358401
-358155
-357945
-358391
-358146
-357938
-358391
-358147
-357939
-358396
-358150
-357941
-358396
-358152
-357944
-358398
-358153
-357945
-358401
-358156
-357947
-358403
-358157
-357948
-358391
-358147
-357939
-358395
-358149
-357941
-358393
-358147
-357941
-358403
-358158
-357948
-358399
-358153
-357946
-358395
-358150
-357942
-358396
-358150
-357942
-358395
-358150
-357942
-358398
-358152
-357943
-358400
-358154
-357945
-358399
-358153
-357945
-358388
-358144
-357935
-358391
-358146
-357940
-358395
-358148
-357940
-358377
-358134
-357930
-358383
-358139
-357931
-358393
-358148
-357941
-358393
-358149
-357940
-358391
-358147
-357938
-358394
-358149
-357940
-358397
-358151
-357943
-358386
-358142
-357934
-358394
-358148
-357941
-358375
-358132
-357928
-358388
-358143
-357937
-358384
-358140
-357934
-358391
-358146
-357940
-358390
-358146
-357935
-358390
-358146
-357935
-358395
-358149
-357939
-358392
-358146
-357935
-358390
-358146
-357938
-358392
-358146
-357940
-358382
-358139
-357932
-358391
-358145
-357938
-358403
-358156
-357947
-358403
-358156
-357948
-358405
-358158
-357949
-358401
-358155
-357947
-358404
-358157
-357949
-358402
-358156
-357948
-358384
-358140
-357935
-358398
-358153
-357945
-358391
-358147
-357939
-358376
-358133
-357929
-358388
-358144
-357934
-358387
-358142
-357931
-358389
-358145
-357934
-358387
-358142
-357931
-358394
-358148
-357942
-358381
-358138
-357933
-358391
-358146
-357940
-358402
-358156
-357947
-358403
-358156
-357947
-358402
-358155
-357949
-358408
-358161
-357952
-358400
-358154
-357947
-358401
-358154
-357947
-358396
-358151
-357945
-358400
-358155
-357945
-358406
-358161
-357950
-358397
-358152
-357945
-358395
-358151
-357944
-358404
-358157
-357949
-358400
-358155
-357947
-358401
-358156
-357947
-358405
-358160
-357951
-358396
-358149
-357942
-358395
-358148
-357942
-358393
-358148
-357941
-358399
-358152
-357944
-358403
-358157
-357948
-358394
-358149
-357943
-358394
-358149
-357942
-358399
-358153
-357946
-358399
-358155
-357945
-358401
-358156
-357947
-358403
-358157
-357948
-358401
-358155
-357947
-358399
-358153
-357946
-358394
-358149
-357944
-358401
-358156
-357948
-358403
-358158
-357948
-358405
-358160
-357950
-358413
-358167
-357955
-358400
-358154
-357947
-358401
-358155
-357947
-358398
-358152
-357945
-358405
-358158
-357949
-358406
-358159
-357950
-358393
-358147
-357941
-358394
-358149
-357943
-358399
-358153
-357945
-358396
-358151
-357944
-358403
-358158
-357947
-358395
-358150
-357941
-358402
-358156
-357945
-358394
-358150
-357941
-358397
-358151
-357944
-358392
-358146
-357940
-358393
-358147
-357940
-358391
-358145
-357939
-358396
-358151
-357943
-358397
-358151
-357945
-358405
-358160
-357950
-358405
-358159
-357950
-358400
-358153
-357945
-358388
-358143
-357937
-358398
-358153
-357943
-358406
-358160
-357949
-358404
-358159
-357948
-358400
-358155
-357947
-358395
-358150
-357943
-358388
-358144
-357939
-358391
-358146
-357942
-358403
-358158
-357950
-358399
-358153
-357942
-358404
-358158
-357947
-358396
-358152
-357943
-358397
-358151
-357945
-358400
-358155
-357945
-358400
-358154
-357945
-358398
-358152
-357941
-358397
-358151
-357942
-358386
-358141
-357935
-358383
-358138
-357933
-358392
-358146
-357938
-358399
-358153
-357944
-358381
-358138
-357932
-358390
-358145
-357939
-358395
-358149
-357940
-358394
-358149
-357938
-358400
-358155
-357947
-358393
-358147
-357941
-358393
-358147
-357941
-358392
-358147
-357940
-358397
-358151
-357944
-358397
-358151
-357945
-358401
-358156
-357946
-358402
-358156
-357946
-358396
-358150
-357944
-358397
-358152
-357945
-358399
-358153
-357946
-358401
-358155
-357947
-358392
-358146
-357940
-358391
-358145
-357939
-358390
-358144
-357937
-358396
-358150
-357943
-358395
-358149
-357943
-358407
-358161
-357952
-358404
-358158
-357949
-358404
-358158
-357950
-358394
-358149
-357940
-358397
-358151
-357942
-358390
-358144
-357938
-358388
-358143
-357937
-358397
-358151
-357943
-358398
-358152
-357943
-358403
-358157
-357948
-358401
-358155
-357946
-358402
-358156
-357947
-358409
-358162
-357954
-358409
-358162
-357954
-358408
-358162
-357953
-358412
-358166
-357955
-358407
-358161
-357952
-358410
-358163
-357953
-358407
-358161
-357951
-358400
-358154
-357948
-358400
-358154
-357948
-358381
-358137
-357932
-358385
-358140
-357937
-358389
-358145
-357934
-358388
-358144
-357933
-358394
-358149
-357942
-358378
-358135
-357931
-358389
-358144
-357939
-358405
-358159
-357950
-358404
-358157
-357949
-358404
-358158
-357949
-358400
-358155
-357948
-358404
-358158
-357949
-358401
-358155
-357948
-358397
-358151
-357944
-358397
-358151
-357944
-358394
-358149
-357942
-358401
-358155
-357946
-358396
-358150
-357943
-358398
-358153
-357944
-358394
-358148
-357941
-358394
-358148
-357942
-358393
-358147
-357941
-358398
-358152
-357945
-358397
-358152
-357942
-358390
-358145
-357939
-358390
-358145
-357940
-358396
-358150
-357943
-358400
-358155
-357945
-358406
-358159
-357950
-358406
-358160
-357951
-358400
-358154
-357946
-358402
-358155
-357947
-358398
-358152
-357945
-358401
-358156
-357946
-358396
-358150
-357944
-358399
-358153
-357947
-358399
-358153
-357946
-358398
-358152
-357946
-358398
-358152
-357944
-358403
-358156
-357948
-358405
-358158
-357950
-358409
-358162
-357952
-358408
-358162
-357954
-358408
-358161
-357953
-358409
-358162
-357952
-358409
-358163
-357953
-358408
-358161
-357952
-358398
-358152
-357947
-358396
-358150
-357942
-358394
-358148
-357942
-358393
-358148
-357940
-358399
-358153
-357945
-358389
-358144
-357939
-358397
-358152
-357942
-358393
-358147
-357942
-358394
-358148
-357941
-358394
-358148
-357940
-358399
-358153
-357945
-358397
-358152
-357942
-358389
-358144
-357937
-358395
-358150
-357943
-358400
-358156
-357946
-358400
-358155
-357947
-358404
-358159
-357951
-358407
-358160
-357951
-358403
-358156
-357949
-358401
-358155
-357948
-358401
-358155
-357947
-358407
-358160
-357951
-358403
-358158
-357948
-358397
-358152
-357946
-358397
-358153
-357946
-358396
-358151
-357942
-358389
-358144
-357938
-358393
-358147
-357940
-358394
-358148
-357941
-358394
-358148
-357942
-358392
-358146
-357939
-358399
-358153
-357945
-358406
-358159
-357949
-358397
-358152
-357941
-358390
-358145
-357937
-358387
-358142
-357937
-358391
-358145
-357938
-358390
-358145
-357940
-358390
-358145
-357938
-358399
-358153
-357945
-358397
-358151
-357945
-358406
-358159
-357950
-358404
-358158
-357950
-358399
-358154
-357947
-358400
-358154
-357947
-358402
-358155
-357948
-358398
-358153
-357945
-358406
-358160
-357951
-358402
-358157
-357947
-358396
-358151
-357944
-358399
-358153
-357947
-358395
-358150
-357944
-358403
-358157
-357949
-358407
-358161
-357952
-358401
-358155
-357947
-358400
-358154
-357947
-358397
-358152
-357945
-358403
-358157
-357949
-358406
-358159
-357951
-358407
-358161
-357952
-358404
-358157
-357950
-358407
-358161
-357952
-358408
-358162
-357952
-358404
-358158
-357949
-358405
-358159
-357950
-358402
-358156
-357948
-358399
-358154
-357944
-358400
-358154
-357945
-358389
-358144
-357939
-358402
-358157
-357948
-358400
-358153
-357945
-358395
-358149
-357942
-358395
-358149
-357942
-358394
-358148
-357941
-358400
-358154
-357945
-358400
-358155
-357945
-358395
-358150
-357943
-358392
-358147
-357942
-358399
-358154
-357947
-358402
-358156
-357948
-358396
-358151
-357945
-358405
-358159
-357950
-358403
-358157
-357949
-358405
-358159
-357951
-358403
-358158
-357947
-358395
-358150
-357943
-358396
-358150
-357944
-358392
-358147
-357941
-358399
-358153
-357946
-358400
-358154
-357947
-358397
-358151
-357944
-358403
-358156
-357948
-358406
-358159
-357950
-358410
-358164
-357954
-358408
-358161
-357953
-358408
-358162
-357953
-358409
-358162
-357952
-358408
-358161
-357952
-358410
-358163
-357953
-358400
-358153
-357948
-358401
-358154
-357948
-358384
-358140
-357934
-358387
-358143
-357938
-358393
-358147
-357939
-358379
-358135
-357930
-358391
-358147
-357936
-358387
-358143
-357932
-358390
-358145
-357939
-358401
-358155
-357946
-358395
-358150
-357939
-358396
-358151
-357942
-358394
-358149
-357940
-358392
-358147
-357941
-358393
-358148
-357942
-358393
-358147
-357940
-358399
-358153
-357945
-358393
-358147
-357941
-358393
-358148
-357941
-358393
-358148
-357940
-358398
-358151
-357944
-358396
-358151
-357941
-358392
-358146
-357940
-358396
-358151
-357941
-358387
-358141
-357936
-358406
-358160
-357950
-358400
-358154
-357947
-358400
-358154
-357947
-358396
-358150
-357944
-358407
-358160
-357951
-358401
-358156
-357946
-358401
-358156
-357947
-358396
-358150
-357944
-358402
-358157
-357949
-358402
-358158
-357947
-358396
-358151
-357945
-358395
-358150
-357944
-358384
-358139
-357934
-358372
-358129
-357925
-358389
-358144
-357937
-358378
-358134
-357929
-358385
-358140
-357928
-358385
-358140
-357930
-358407
-358163
-357951
-358404
-358159
-357948
-358394
-358150
-357942
-358397
-358153
-357944
-358399
-358154
-357944
-358401
-358156
-357946
-358375
-358131
-357927
-358390
-358144
-357936
-358386
-358141
-357929
-358385
-358140
-357929
-358390
-358145
-357937
-358388
-358143
-357934
-358370
-358127
-357923
-358406
-358161
-357951
-358405
-358160
-357951
-358406
-358159
-357951
-358408
-358163
-357952
-358404
-358160
-357949
-358400
-358155
-357945
-358401
-358155
-357945
-358395
-358151
-357942
-358400
-358154
-357945
-358394
-358148
-357941
-358394
-358148
-357941
-358392
-358146
-357939
-358399
-358153
-357945
-358396
-358151
-357941
-358398
-358152
-357943
-358387
-358141
-357935
-358401
-358155
-357945
-358396
-358151
-357941
-358391
-358146
-357939
-358389
-358144
-357938
-358400
-358156
-357946
-358407
-358162
-357950
-358399
-358154
-357944
-358405
-358159
-357948
-358399
-358154
-357946
-358403
-358157
-357948
-358403
-358157
-357948
-358404
-358158
-357948
-358403
-358159
-357947
-358401
-358155
-357948
-358400
-358154
-357947
-358398
-358152
-357945
-358405
-358159
-357951
-358398
-358152
-357946
-358400
-358154
-357947
-358397
-358151
-357944
-358404
-358158
-357950
-358401
-358156
-357947
-358402
-358157
-357947
-358397
-358151
-357945
-358397
-358153
-357945
-358403
-358158
-357949
-358404
-358159
-357948
-358400
-358155
-357947
-358392
-358148
-357942
-358388
-358144
-357939
-358401
-358156
-357949
-358397
-358151
-357943
-358385
-358141
-357936
-358393
-358147
-357939
-358382
-358138
-357932
-358392
-358147
-357937
-358388
-358144
-357934
-358394
-358149
-357938
-358395
-358149
-357940
-358389
-358145
-357937
-358379
-358135
-357930
-358391
-358146
-357939
-358388
-358144
-357934
-358391
-358147
-357936
-358398
-358152
-357945
-358381
-358138
-357933
-358398
-358152
-357943
-358396
-358151
-357941
-358394
-358149
-357938
-358398
-358152
-357944
-358391
-358146
-357938
-358394
-358148
-357942
-358382
-358139
-357934
-358397
-358151
-357943
-358397
-358151
-357941
-358389
-358143
-357937
-358390
-358145
-357939
-358395
-358150
-357939
-358382
-358137
-357932
-358387
-358141
-357935
-358392
-358146
-357939
-358392
-358146
-357940
-358390
-358145
-357938
-358398
-358152
-357945
-358399
-358153
-357945
-358392
-358146
-357939
-358396
-358149
-357941
-358390
-358145
-357938
-358399
-358153
-357945
-358397
-358151
-357944
-358401
-358154
-357946
-358401
-358155
-357947
-358402
-358156
-357948
-358403
-358158
-357948
-358399
-358154
-357947
-358404
-358158
-357950
-358398
-358153
-357947
-358398
-358153
-357945
-358399
-358153
-357946
-358395
-358150
-357943
-358404
-358157
-357949
-358405
-358159
-357949
-358398
-358152
-357946
-358397
-358152
-357945
-358395
-358150
-357944
-358405
-358158
-357950
-358405
-358158
-357950
-358376
-358133
-357928
-358392
-358146
-357937
-358385
-358141
-357930
-358386
-358140
-357929
-358391
-358145
-357938
-358390
-358144
-357936
-358375
-358131
-357927
-358403
-358158
-357950
-358402
-358157
-357949
-358404
-358158
-357950
-358408
-358162
-357951
-358404
-358160
-357949
-358400
-358155
-357945
-358400
-358154
-357944
-358394
-358150
-357941
-358384
-358139
-357928
-358383
-358138
-357928
-358391
-358145
-357938
-358393
-358147
-357940
-358373
-358130
-357925
-358391
-358144
-357936
-358375
-358131
-357926
-358389
-358144
-357936
-358392
-358147
-357940
-358403
-358157
-357947
-358408
-358163
-357952
-358407
-358162
-357951
-358404
-358159
-357950
-358402
-358156
-357949
-358405
-358160
-357951
-358406
-358160
-357951
-358407
-358162
-357952
-358395
-358151
-357943
-358397
-358152
-357945
-358394
-358150
-357942
-358392
-358147
-357943
-358395
-358150
-357941
-358391
-358146
-357939
-358395
-358149
-357942
-358391
-358146
-357939
-358389
-358144
-357937
-358389
-358144
-357938
-358388
-358143
-357937
-358396
-358150
-357943
-358398
-358152
-357944
-358399
-358153
-357945
-358394
-358149
-357941
-358397
-358151
-357943
-358391
-358146
-357939
-358399
-358152
-357945
-358400
-358154
-357946
-358396
-358152
-357946
-358397
-358152
-357945
-358396
-358150
-357944
-358404
-358160
-357950
-358399
-358155
-357945
-358407
-358162
-357951
-358401
-358156
-357946
-358409
-358164
-357953
-358416
-358170
-357958
-358405
-358159
-357950
-358402
-358157
-357948
-358401
-358157
-357948
-358402
-358156
-357948
-358406
-358161
-357951
-358404
-358159
-357949
-358403
-358158
-357949
-358397
-358152
-357946
-358399
-358154
-357948
-358404
-358159
-357950
-358403
-358158
-357947
-358402
-358156
-357948
-358396
-358151
-357944
-358400
-358154
-357946
-358402
-358157
-357949
-358407
-358161
-357951
-358404
-358158
-357949
-358401
-358156
-357948
-358403
-358157
-357949
-358400
-358154
-357947
-358407
-358161
-357952
-358406
-358159
-357951
-358399
-358154
-357946
-358397
-358151
-357945
-358397
-358151
-357945
-358404
-358157
-357949
-358407
-358160
-357951
-358389
-358145
-357934
-358393
-358148
-357937
-358396
-358151
-357944
-358394
-358149
-357942
-358382
-358138
-357934
-358389
-358145
-357936
-358392
-358147
-357941
-358399
-358153
-357946
-358383
-358140
-357936
-358403
-358157
-357948
-358402
-358156
-357948
-358404
-358158
-357948
-358404
-358158
-357949
-358404
-358158
-357949
-358406
-358160
-357950
-358404
-358157
-357949
-358400
-358155
-357944
-358400
-358154
-357945
-358393
-358147
-357941
-358402
-358156
-357947
-358402
-358156
-357946
-358394
-358148
-357942
-358396
-358150
-357942
-358393
-358148
-357940
-358400
-358154
-357946
-358384
-358140
-357936
-358380
-358136
-357933
-358398
-358153
-357943
-358398
-358153
-357946
-358400
-358154
-357947
-358397
-358151
-357944
-358407
-358160
-357950
-358402
-358156
-357948
-358408
-358161
-357952
-358397
-358151
-357944
-358398
-358152
-357945
-358393
-358148
-357941
-358400
-358155
-357946
-358400
-358154
-357947
-358403
-358156
-357949
-358399
-358153
-357946
-358399
-358153
-357946
-358396
-358151
-357944
-358408
-358162
-357953
-358408
-358162
-357953
-358407
-358161
-357952
-358409
-358163
-357953
-358410
-358164
-357953
-358408
-358161
-357952
-358400
-358154
-357948
-358399
-358153
-357944
-358395
-358150
-357940
-358397
-358151
-357942
-358389
-358144
-357937
-358398
-358152
-357943
-358392
-358146
-357940
-358392
-358147
-357940
-358390
-358144
-357938
-358398
-358152
-357944
-358393
-358147
-357940
-358389
-358144
-357938
-358396
-358151
-357941
-358398
-358152
-357945
-358396
-358151
-357944
-358392
-358147
-357941
-358402
-358156
-357948
-358397
-358153
-357944
-358399
-358154
-357946
-358395
-358150
-357943
-358394
-358149
-357943
-358406
-358161
-357951
-358404
-358158
-357949
-358401
-358155
-357947
-358397
-358152
-357945
-358395
-358150
-357943
-358397
-358152
-357945
-358394
-358150
-357944
-358401
-358156
-357947
-358402
-358157
-357948
-358407
-358161
-357952
-358392
-358146
-357940
-358393
-358147
-357941
-358393
-358147
-357940
-358395
-358149
-357943
-358400
-358153
-357944
-358402
-358156
-357947
-358392
-358146
-357939
-358396
-358150
-357942
-358390
-358145
-357939
-358396
-358151
-357941
-358395
-358148
-357941
-358395
-358148
-357942
-358393
-358147
-357940
-358397
-358150
-357943
-358398
-358151
-357944
-358402
-358155
-357946
-358405
-358160
-357950
-358403
-358157
-357949
-358398
-358153
-357946
-358397
-358151
-357946
-358404
-358159
-357951
-358407
-358161
-357952
-358404
-358158
-357950
-358402
-358157
-357949
-358403
-358156
-357949
-358400
-358154
-357947
-358408
-358162
-357952
-358407
-358161
-357952
-358398
-358152
-357946
-358406
-358159
-357950
-358401
-358156
-357947
-358402
-358156
-357948
-358405
-358159
-357950
-358402
-358156
-357948
-358404
-358157
-357949
-358399
-358153
-357946
-358401
-358155
-357947
-358397
-358152
-357945
-358402
-358156
-357947
-358402
-358156
-357948
-358400
-358154
-357946
-358402
-358156
-357947
-358402
-358155
-357947
-358404
-358158
-357949
-358404
-358158
-357949
-358405
-358158
-357949
-358397
-358151
-357944
-358397
-358151
-357943
-358396
-358150
-357943
-358399
-358153
-357946
-358398
-358153
-357943
-358401
-358155
-357945
-358388
-358143
-357938
-358386
-358142
-357937
-358403
-358158
-357948
-358397
-358150
-357944
-358397
-358151
-357944
-358395
-358149
-357942
-358402
-358155
-357947
-358391
-358146
-357940
-358390
-358145
-357939
-358398
-358153
-357943
-358400
-358154
-357945
-358402
-358156
-357947
-358406
-358159
-357950
-358408
-358161
-357951
-358401
-358156
-357946
-358403
-358157
-357948
-358396
-358150
-357944
-358395
-358149
-357945
-358404
-358158
-357949
-358400
-358154
-357947
-358399
-358153
-357946
-358397
-358152
-357945
-358405
-358158
-357949
-358405
-358158
-357950
-358395
-358149
-357943
-358400
-358153
-357946
-358400
-358155
-357946
-358402
-358156
-357947
-358403
-358158
-357949
-358405
-358158
-357950
-358404
-358157
-357949
-358400
-358154
-357947
-358398
-358153
-357946
-358396
-358151
-357944
-358395
-358149
-357943
-358403
-358157
-357948
-358392
-358147
-357940
-358399
-358153
-357944
-358401
-358155
-357947
-358407
-358162
-357950
-358400
-358154
-357947
-358397
-358152
-357945
-358404
-358157
-357949
-358403
-358158
-357947
-358398
-358152
-357945
-358400
-358153
-357945
-358394
-358149
-357944
-358404
-358159
-357950
-358397
-358152
-357945
-358400
-358154
-357946
-358403
-358158
-357947
-358392
-358147
-357941
-358407
-358161
-357951
-358402
-358156
-357947
-358401
-358156
-357948
-358397
-358151
-357941
-358387
-358142
-357936
-358395
-358151
-357943
-358401
-358155
-357947
-358401
-358155
-357947
-358398
-358154
-357946
-358399
-358154
-357945
-358389
-358144
-357939
-358403
-358157
-357946
-358396
-358150
-357941
-358403
-358158
-357947
-358391
-358146
-357938
-358399
-358155
-357946
-358397
-358152
-357944
-358387
-358142
-357935
-358388
-358143
-357940
-358406
-358161
-357950
-358401
-358155
-357946
-358391
-358147
-357943
-358405
-358159
-357949
-358396
-358150
-357943
-358403
-358157
-357948
-358397
-358151
-357943
-358406
-358160
-357949
-358398
-358152
-357942
-358391
-358147
-357943
-358398
-358154
-357943
-358380
-358136
-357932
-358397
-358152
-357941
-358386
-358141
-357936
-358407
-358161
-357951
-358402
-358155
-357946
-358409
-358163
-357952
-358398
-358152
-357942
-358390
-358146
-357941
-358404
-358158
-357947
-358395
-358149
-357942
-358398
-358153
-357943
-358384
-358140
-357935
-358387
-358142
-357938
-358404
-358159
-357948
-358394
-358148
-357941
-358389
-358145
-357935
-358393
-358148
-357937
-358391
-358146
-357936
-358397
-358152
-357943
-358394
-358150
-357942
-358389
-358145
-357937
-358396
-358152
-357945
-358390
-358145
-357937
-358385
-358140
-357935
-358387
-358143
-357939
-358405
-358160
-357949
-358391
-358147
-357940
-358392
-358148
-357940
-358395
-358150
-357942
-358397
-358152
-357944
-358399
-358153
-357944
-358402
-358157
-357948
-358401
-358155
-357947
-358398
-358152
-357945
-358403
-358157
-357948
-358387
-358143
-357936
-358400
-358154
-357945
-358399
-358153
-357946
-358397
-358151
-357945
-358403
-358157
-357949
-358389
-358145
-357937
-358392
-358147
-357940
-358399
-358153
-357945
-358398
-358153
-357945
-358402
-358156
-357948
-358401
-358155
-357948
-358403
-358157
-357949
-358401
-358155
-357947
-358403
-358157
-357948
-358397
-358151
-357944
-358403
-358156
-357948
-358392
-358147
-357939
-358401
-358156
-357945
-358389
-358144
-357938
-358400
-358154
-357943
-358388
-358143
-357936
-358394
-358149
-357942
-358394
-358149
-357944
-358402
-358156
-357946
-358397
-358151
-357942
-358397
-358152
-357944
-358388
-358143
-357935
-358403
-358157
-357949
-358400
-358155
-357946
-358399
-358153
-357947
-358407
-358160
-357951
-358402
-358157
-357945
-358385
-358141
-357934
-358397
-358152
-357941
-358385
-358140
-357934
-358403
-358157
-357947
-358401
-358155
-357946
-358385
-358140
-357934
-358399
-358153
-357941
-358379
-358135
-357929
-358401
-358155
-357946
-358405
-358160
-357950
-358400
-358154
-357946
-358398
-358153
-357945
-358382
-358138
-357931
-358401
-358155
-357947
-358406
-358161
-357949
-358400
-358154
-357947
-358400
-358154
-357946
-358406
-358160
-357951
-358405
-358159
-357950
-358392
-358146
-357940
-358388
-358143
-357936
-358399
-358153
-357944
-358391
-358146
-357938
-358385
-358140
-357934
-358403
-358159
-357948
-358390
-358146
-357939
-358402
-358156
-357946
-358395
-358149
-357941
-358404
-358159
-357949
-358387
-358143
-357939
-358393
-358149
-357944
-358383
-358139
-357932
-358399
-358154
-357946
-358403
-358156
-357947
-358398
-358152
-357945
-358402
-358155
-357947
-358406
-358161
-357949
-358405
-358159
-357949
-358400
-358154
-357947
-358406
-358160
-357950
-358387
-358141
-357934
-358395
-358150
-357939
-358383
-358138
-357932
-358398
-358152
-357945
-358411
-358165
-357953
-358400
-358154
-357946
-358399
-358153
-357945
-358399
-358153
-357942
-358381
-358136
-357931
-358395
-358150
-357939
-358383
-358138
-357932
-358391
-358146
-357940
-358395
-358149
-357943
-358402
-358157
-357945
-358401
-358155
-357947
-358401
-358155
-357946
-358397
-358151
-357943
-358401
-358155
-357947
-358400
-358154
-357947
-358406
-358161
-357950
-358401
-358155
-357947
-358406
-358160
-357951
-358405
-358159
-357950
-358389
-358145
-357939
-358397
-358151
-357942
-358393
-358148
-357941
-358392
-358148
-357941
-358394
-358148
-357941
-358399
-358153
-357944
-358401
-358155
-357947
-358400
-358154
-357946
-358388
-358143
-357936
-358393
-358147
-357941
-358399
-358153
-357944
-358403
-358157
-357948
-358404
-358157
-357948
-358398
-358153
-357945
-358392
-358146
-357940
-358397
-358151
-357943
-358406
-358160
-357951
-358403
-358157
-357948
-358400
-358155
-357947
-358401
-358155
-357945
-358404
-358157
-357948
-358403
-358157
-357948
-358398
-358153
-357945
-358395
-358151
-357943
-358405
-358159
-357950
-358384
-358140
-357934
-358390
-358145
-357938
-358399
-358155
-357944
-358405
-358159
-357948
-358392
-358147
-357941
-358410
-358164
-357952
-358387
-358142
-357936
-358393
-358148
-357940
-358403
-358157
-357947
-358400
-358155
-357946
-358393
-358147
-357942
-358406
-358161
-357950
-358388
-358144
-357938
-358396
-358150
-357943
-358404
-358159
-357948
-358401
-358156
-357947
-358403
-358157
-357948
-358396
-358150
-357943
-358407
-358161
-357950
-358387
-358143
-357937
-358395
-358150
-357943
-358407
-358162
-357950
-358388
-358144
-357938
-358394
-358149
-357942
-358404
-358159
-357947
-358383
-358139
-357934
-358392
-358146
-357940
-358402
-358157
-357946
-358403
-358157
-357948
-358402
-358157
-357948
-358408
-358162
-357951
-358398
-358153
-357946
-358397
-358152
-357945
-358407
-358162
-357952
-358401
-358156
-357946
-358397
-358152
-357944
-358408
-358162
-357951
-358398
-358154
-357944
-358400
-358156
-357946
-358410
-358164
-357953
-358388
-358144
-357938
-358388
-358143
-357933
-358383
-358139
-357934
-358397
-358151
-357943
-358405
-358160
-357949
-358382
-358138
-357933
-358395
-358149
-357941
-358405
-358160
-357949
-358402
-358156
-357947
-358401
-358155
-357946
-358404
-358159
-357948
-358404
-358159
-357947
-358392
-358147
-357943
-358413
-358167
-357955
-358400
-358155
-357945
-358395
-358150
-357943
-358408
-358163
-357951
-358384
-358140
-357935
-358386
-358141
-357935
-358397
-358152
-357944
-358398
-358154
-357945
-358405
-358159
-357950
-358401
-358156
-357946
-358407
-358162
-357951
-358399
-358154
-357945
-358401
-358155
-357946
-358401
-358156
-357947
-358401
-358156
-357947
-358408
-358162
-357950
-358398
-358152
-357945
-358405
-358159
-357950
-358396
-358151
-357942
-358398
-358152
-357942
-358398
-358153
-357944
-358397
-358152
-357944
-358406
-358161
-357951
-358404
-358158
-357946
-358400
-358153
-357945
-358394
-358148
-357941
-358400
-358153
-357944
-358401
-358156
-357947
-358406
-358159
-357951
-358408
-358161
-357952
-358408
-358162
-357953
-358409
-358164
-357952
-358405
-358158
-357950
-358400
-358154
-357947
-358403
-358158
-357949
-358403
-358157
-357949
-358404
-358158
-357949
-358405
-358159
-357949
-358392
-358147
-357941
-358391
-358146
-357941
-358390
-358146
-357940
-358394
-358149
-357943
-358404
-358160
-357949
-358402
-358157
-357946
-358397
-358151
-357943
-358390
-358144
-357938
-358397
-358151
-357944
-358396
-358151
-357945
-358395
-358151
-357944
-358403
-358158
-357948
-358404
-358159
-357949
-358411
-358165
-357953
-358405
-358159
-357948
-358398
-358152
-357942
-358395
-358150
-357941
-358397
-358152
-357943
-358397
-358152
-357943
-358407
-358161
-357951
-358392
-358148
-357941
-358399
-358153
-357945
-358405
-358161
-357949
-358395
-358151
-357941
-358397
-358152
-357942
-358397
-358153
-357946
-358398
-358154
-357944
-358407
-358162
-357951
-358395
-358150
-357943
-358392
-358147
-357939
-358393
-358149
-357942
-358404
-358159
-357948
-358401
-358155
-357946
-358396
-358150
-357943
-358400
-358154
-357945
-358400
-358155
-357946
-358404
-358157
-357950
-358405
-358158
-357950
-358407
-358161
-357951
-358400
-358153
-357948
-358406
-358160
-357948
-358401
-358154
-357946
-358396
-358149
-357941
-358399
-358153
-357944
-358396
-358151
-357942
-358393
-358149
-357943
-358397
-358151
-357944
-358399
-358153
-357945
-358404
-358157
-357948
-358403
-358157
-357950
-358408
-358162
-357953
-358407
-358160
-357952
-358396
-358151
-357945
-358397
-358152
-357946
-358394
-358149
-357943
-358394
-358149
-357943
-358390
-358145
-357940
-358386
-358142
-357937
-358393
-358148
-357942
-358387
-358142
-357936
-358392
-358147
-357941
-358384
-358141
-357935
-358399
-358154
-357945
-358399
-358154
-357946
-358409
-358163
-357952
-358405
-358160
-357949
-358410
-358164
-357953
-358387
-358143
-357938
-358389
-358145
-357939
-358395
-358150
-357944
-358403
-358157
-357948
-358401
-358154
-357946
-358401
-358154
-357946
-358403
-358157
-357949
-358400
-358155
-357947
-358399
-358153
-357947
-358404
-358158
-357949
-358401
-358155
-357947
-358400
-358153
-357946
-358403
-358157
-357948
-358403
-358157
-357948
-358402
-358156
-357947
-358400
-358154
-357945
-358401
-358155
-357945
-358402
-358156
-357947
-358402
-358157
-357948
-358405
-358159
-357947
-358399
-358153
-357945
-358402
-358156
-357947
-358400
-358155
-357946
-358405
-358160
-357949
-358392
-358147
-357941
-358399
-358153
-357945
-358402
-358156
-357947
-358402
-358156
-357947
-358406
-358160
-357949
-358404
-358158
-357949
-358403
-358157
-357948
-358410
-358164
-357953
-358406
-358160
-357951
-358404
-358157
-357949
-358411
-358165
-357954
-358409
-358162
-357952
-358398
-358152
-357946
-358400
-358153
-357948
-358408
-358162
-357952
-358407
-358160
-357951
-358406
-358159
-357951
-358385
-358140
-357935
-358406
-358161
-357949
-358398
-358152
-357943
-358401
-358155
-357946
-358398
-358152
-357943
-358398
-358152
-357943
-358399
-358154
-357945
-358399
-358153
-357945
-358401
-358155
-357945
-358400
-358155
-357944
-358389
-358144
-357938
-358400
-358154
-357946
-358401
-358156
-357945
-358407
-358162
-357951
-358403
-358158
-357948
-358404
-358159
-357950
-358407
-358162
-357951
-358403
-358157
-357949
-358405
-358159
-357950
-358404
-358159
-357950
-358385
-358141
-357935
-358402
-358156
-357945
-358403
-358157
-357946
-358400
-358153
-357945
-358401
-358155
-357946
-358400
-358154
-357944
-358399
-358154
-357944
-358394
-358148
-357942
-358400
-358154
-357946
-358403
-358158
-357948
-358405
-358160
-357951
-358410
-358165
-357953
-358405
-358159
-357950
-358404
-358159
-357950
-358409
-358163
-357952
-358407
-358160
-357951
-358408
-358161
-357951
-358401
-358155
-357948
-358398
-358152
-357945
-358404
-358157
-357948
-358399
-358153
-357946
-358400
-358154
-357946
-358401
-358156
-357947
-358402
-358156
-357946
-358402
-358157
-357948
-358403
-358158
-357947
-358397
-358151
-357944
-358398
-358152
-357945
-358402
-358157
-357948
-358408
-358162
-357950
-358407
-358160
-357951
-358401
-358156
-357947
-358402
-358157
-357949
-358403
-358158
-357949
-358407
-358161
-357950
-358402
-358156
-357947
-358402
-358156
-357949
-358406
-358159
-357951
-358407
-358161
-357952
-358389
-358144
-357939
-358403
-358158
-357947
-358391
-358146
-357940
-358406
-358160
-357949
-358401
-358156
-357945
-358391
-358145
-357939
-358405
-358160
-357949
-358385
-358141
-357935
-358402
-358156
-357947
-358400
-358155
-357948
-358401
-358156
-357947
-358393
-358147
-357942
-358404
-358159
-357949
-358394
-358149
-357941
-358388
-358143
-357938
-358393
-358147
-357940
-358401
-358156
-357944
-358393
-358149
-357942
-358384
-358140
-357934
-358409
-358164
-357952
-358397
-358151
-357944
-358400
-358154
-357945
-358403
-358158
-357947
-358392
-358146
-357939
-358400
-358154
-357945
-358398
-358152
-357943
-358399
-358152
-357943
-358397
-358152
-357943
-358398
-358152
-357943
-358398
-358152
-357943
-358398
-358152
-357942
-358411
-358165
-357954
-358401
-358155
-357948
-358404
-358158
-357950
-358401
-358156
-357948
-358400
-358155
-357947
-358403
-358158
-357949
-358404
-358158
-357949
-358399
-358154
-357943
-358388
-358143
-357937
-358403
-358158
-357946
-358396
-358152
-357942
-358392
-358147
-357939
-358404
-358158
-357947
-358382
-358137
-357931
-358386
-358143
-357938
-358397
-358152
-357944
-358388
-358144
-357939
-358393
-358147
-357941
-358394
-358150
-357940
-358391
-358145
-357938
-358394
-358149
-357942
-358392
-358147
-357941
-358397
-358153
-357943
-358384
-358139
-357932
-358397
-358151
-357941
-358400
-358155
-357944
-358396
-358151
-357944
-358396
-358152
-357942
-358390
-358146
-357940
-358393
-358148
-357943
-358382
-358138
-357932
-358404
-358159
-357948
-358394
-358148
-357942
-358399
-358153
-357945
-358397
-358152
-357942
-358398
-358152
-357943
-358399
-358153
-357944
-358398
-358152
-357943
-358410
-358164
-357953
-358400
-358154
-357948
-358408
-358162
-357950
-358395
-358149
-357943
-358403
-358158
-357949
-358406
-358160
-357950
-358400
-358154
-357945
-358396
-358151
-357943
-358390
-358146
-357939
-358393
-358148
-357942
-358393
-358149
-357940
-358384
-358140
-357936
-358394
-358148
-357941
-358388
-358143
-357937
-358401
-358156
-357946
-358390
-358145
-357939
-358395
-358150
-357943
-358396
-358151
-357945
-358402
-358157
-357948
-358401
-358156
-357947
-358409
-358163
-357952
-358393
-358148
-357940
-358385
-358141
-357936
-358392
-358147
-357940
-358402
-358157
-357946
-358406
-358161
-357951
-358408
-358162
-357951
-358402
-358157
-357947
-358400
-358155
-357947
-358404
-358159
-357949
-358378
-358134
-357930
-358398
-358152
-357942
-358398
-358152
-357942
-358400
-358155
-357944
-358396
-358150
-357943
-358400
-358154
-357945
-358402
-358157
-357946
-358396
-358150
-357942
-358400
-358154
-357945
-358404
-358158
-357948
-358405
-358160
-357951
-358404
-358159
-357950
-358406
-358160
-357949
-358405
-358159
-357949
-358410
-358165
-357953
-358406
-358160
-357951
-358390
-358144
-357938
-358386
-358141
-357933
-358391
-358146
-357940
-358392
-358147
-357942
-358399
-358154
-357944
-358396
-358151
-357941
-358403
-358157
-357945
-358395
-358151
-357941
-358397
-358151
-357944
-358389
-358145
-357940
-358396
-358150
-357943
-358383
-358139
-357932
-358398
-358153
-357942
-358403
-358157
-357946
-358398
-358153
-357943
-358405
-358159
-357947
-358390
-358146
-357939
-358393
-358148
-357942
-358400
-358155
-357945
-358391
-358147
-357941
-358398
-358153
-357946
-358388
-358145
-357939
-358397
-358151
-357944
-358396
-358150
-357942
-358397
-358152
-357944
-358399
-358153
-357943
-358400
-358155
-357944
-358398
-358153
-357943
-358404
-358159
-357949
-358402
-358156
-357948
-358405
-358159
-357950
-358404
-358159
-357949
-358408
-358163
-357951
-358410
-358164
-357953
-358389
-358145
-357938
-358383
-358139
-357935
-358390
-358145
-357939
-358389
-358145
-357939
-358400
-358154
-357946
-358398
-358153
-357945
-358400
-358154
-357947
-358401
-358155
-357947
-358403
-358156
-357947
-358402
-358155
-357946
-358402
-358157
-357947
-358399
-358154
-357944
-358401
-358156
-357947
-358404
-358158
-357947
-358390
-358144
-357938
-358399
-358153
-357944
-358402
-358156
-357946
-358406
-358160
-357949
-358405
-358159
-357950
-358400
-358154
-357946
-358401
-358155
-357947
-358403
-358157
-357948
-358406
-358160
-357949
-358402
-358155
-357949
-358404
-358157
-357949
-358406
-358160
-357950
-358386
-358141
-357936
-358398
-358152
-357942
-358404
-358158
-357947
-358395
-358149
-357942
-358399
-358153
-357944
-358396
-358150
-357942
-358398
-358152
-357944
-358399
-358153
-357944
-358410
-358164
-357952
-358402
-358156
-357947
-358402
-358157
-357949
-358406
-358161
-357949
-358396
-358150
-357945
-358404
-358159
-357950
-358407
-358162
-357950
-358399
-358153
-357944
-358396
-358150
-357941
-358397
-358152
-357943
-358399
-358153
-357943
-358404
-358158
-357946
-358401
-358155
-357945
-358406
-358160
-357951
-358407
-358162
-357951
-358402
-358157
-357948
-358411
-358165
-357953
-358401
-358155
-357947
-358403
-358156
-357947
-358400
-358155
-357945
-358389
-358144
-357939
-358400
-358155
-357946
-358405
-358159
-357948
-358392
-358146
-357941
-358400
-358154
-357946
-358401
-358156
-357947
-358406
-358161
-357949
-358401
-358156
-357947
-358408
-358162
-357950
)
;

boundaryField
{
    sphere_to_oil
    {
        type            calculated;
        value           nonuniform List<scalar> 
1536
(
-357931
-357932
-357933
-357934
-357932
-357936
-357938
-357934
-357935
-357936
-357932
-357929
-357935
-357938
-357931
-357937
-357922
-357924
-357931
-357934
-357934
-357928
-357929
-357929
-357930
-357929
-357928
-357929
-357933
-357935
-357935
-357935
-357935
-357926
-357926
-357930
-357926
-357928
-357930
-357927
-357930
-357927
-357934
-357933
-357933
-357935
-357930
-357930
-357937
-357938
-357938
-357938
-357930
-357930
-357935
-357934
-357937
-357937
-357932
-357933
-357935
-357934
-357936
-357928
-357931
-357931
-357927
-357935
-357936
-357936
-357922
-357941
-357939
-357937
-357922
-357938
-357939
-357940
-357937
-357925
-357928
-357930
-357935
-357931
-357936
-357934
-357938
-357938
-357937
-357934
-357936
-357929
-357931
-357929
-357931
-357930
-357925
-357936
-357935
-357937
-357937
-357922
-357936
-357937
-357939
-357937
-357921
-357941
-357940
-357938
-357938
-357939
-357929
-357931
-357935
-357937
-357939
-357936
-357934
-357935
-357938
-357936
-357929
-357933
-357928
-357930
-357932
-357935
-357928
-357930
-357931
-357935
-357936
-357937
-357938
-357930
-357931
-357931
-357938
-357937
-357932
-357933
-357933
-357933
-357935
-357935
-357926
-357931
-357930
-357922
-357923
-357931
-357931
-357929
-357930
-357933
-357925
-357931
-357920
-357927
-357925
-357930
-357926
-357926
-357929
-357925
-357929
-357930
-357924
-357929
-357936
-357937
-357938
-357937
-357939
-357937
-357927
-357934
-357928
-357921
-357925
-357922
-357925
-357922
-357931
-357925
-357931
-357936
-357936
-357939
-357941
-357937
-357937
-357936
-357935
-357938
-357936
-357935
-357938
-357937
-357938
-357941
-357933
-357932
-357931
-357935
-357937
-357933
-357933
-357936
-357936
-357937
-357938
-357936
-357936
-357934
-357937
-357938
-357939
-357942
-357937
-357937
-357935
-357939
-357940
-357932
-357933
-357934
-357934
-357936
-357931
-357933
-357932
-357934
-357931
-357930
-357929
-357933
-357935
-357940
-357939
-357934
-357929
-357933
-357937
-357937
-357937
-357933
-357930
-357933
-357940
-357932
-357935
-357934
-357935
-357935
-357934
-357930
-357932
-357926
-357924
-357927
-357934
-357924
-357929
-357930
-357928
-357936
-357931
-357932
-357930
-357934
-357935
-357936
-357936
-357935
-357935
-357936
-357937
-357930
-357929
-357928
-357933
-357934
-357941
-357939
-357939
-357930
-357931
-357929
-357928
-357932
-357933
-357938
-357936
-357936
-357943
-357943
-357942
-357944
-357942
-357943
-357941
-357939
-357938
-357923
-357927
-357924
-357924
-357932
-357923
-357930
-357939
-357939
-357939
-357938
-357939
-357938
-357934
-357934
-357932
-357936
-357933
-357934
-357932
-357932
-357931
-357935
-357933
-357930
-357931
-357933
-357935
-357939
-357941
-357936
-357937
-357935
-357936
-357934
-357937
-357936
-357936
-357935
-357938
-357940
-357942
-357943
-357943
-357942
-357942
-357941
-357938
-357932
-357933
-357931
-357935
-357929
-357932
-357932
-357931
-357931
-357935
-357932
-357928
-357934
-357937
-357937
-357940
-357941
-357939
-357938
-357937
-357941
-357938
-357937
-357937
-357931
-357929
-357930
-357931
-357932
-357930
-357935
-357938
-357931
-357928
-357928
-357929
-357931
-357929
-357934
-357935
-357939
-357939
-357936
-357937
-357938
-357936
-357940
-357937
-357935
-357937
-357935
-357939
-357942
-357937
-357937
-357936
-357939
-357941
-357941
-357939
-357941
-357941
-357939
-357939
-357937
-357933
-357935
-357930
-357938
-357934
-357933
-357933
-357932
-357935
-357935
-357933
-357932
-357937
-357938
-357935
-357940
-357939
-357941
-357937
-357934
-357934
-357932
-357937
-357937
-357935
-357938
-357940
-357944
-357943
-357942
-357942
-357942
-357942
-357939
-357939
-357926
-357929
-357929
-357922
-357926
-357923
-357930
-357935
-357930
-357931
-357930
-357932
-357932
-357930
-357935
-357932
-357931
-357930
-357934
-357932
-357930
-357931
-357927
-357939
-357937
-357937
-357935
-357940
-357936
-357937
-357934
-357938
-357937
-357935
-357934
-357924
-357918
-357927
-357920
-357919
-357920
-357941
-357938
-357932
-357934
-357934
-357935
-357919
-357925
-357920
-357920
-357927
-357923
-357915
-357941
-357940
-357941
-357941
-357939
-357935
-357935
-357933
-357935
-357932
-357931
-357930
-357935
-357930
-357933
-357925
-357935
-357931
-357929
-357929
-357936
-357939
-357933
-357936
-357936
-357938
-357937
-357938
-357937
-357938
-357938
-357936
-357940
-357937
-357937
-357935
-357939
-357937
-357937
-357935
-357936
-357939
-357937
-357937
-357933
-357931
-357939
-357932
-357927
-357929
-357924
-357928
-357925
-357929
-357930
-357928
-357922
-357929
-357924
-357927
-357935
-357925
-357933
-357931
-357928
-357934
-357929
-357932
-357926
-357932
-357931
-357928
-357929
-357929
-357923
-357926
-357930
-357931
-357929
-357934
-357935
-357929
-357932
-357929
-357935
-357934
-357936
-357936
-357937
-357938
-357937
-357939
-357937
-357935
-357936
-357934
-357939
-357939
-357936
-357936
-357934
-357939
-357940
-357920
-357927
-357921
-357920
-357928
-357925
-357918
-357940
-357938
-357939
-357939
-357939
-357935
-357934
-357932
-357919
-357919
-357928
-357929
-357917
-357925
-357918
-357926
-357930
-357935
-357941
-357940
-357940
-357939
-357940
-357940
-357940
-357933
-357935
-357932
-357934
-357931
-357930
-357932
-357930
-357928
-357929
-357928
-357933
-357934
-357935
-357932
-357933
-357929
-357935
-357936
-357936
-357935
-357934
-357939
-357935
-357939
-357936
-357942
-357945
-357939
-357937
-357938
-357937
-357940
-357938
-357938
-357937
-357938
-357939
-357937
-357938
-357934
-357936
-357939
-357940
-357939
-357938
-357939
-357937
-357941
-357941
-357936
-357936
-357935
-357939
-357941
-357925
-357927
-357933
-357931
-357926
-357927
-357932
-357935
-357928
-357938
-357937
-357938
-357938
-357938
-357939
-357938
-357934
-357935
-357931
-357937
-357936
-357933
-357932
-357931
-357935
-357927
-357925
-357933
-357936
-357937
-357935
-357940
-357938
-357941
-357934
-357935
-357932
-357936
-357937
-357939
-357936
-357936
-357934
-357943
-357943
-357942
-357942
-357943
-357941
-357938
-357934
-357930
-357931
-357928
-357933
-357930
-357930
-357928
-357934
-357930
-357929
-357931
-357935
-357934
-357932
-357938
-357935
-357936
-357934
-357934
-357941
-357939
-357937
-357936
-357934
-357935
-357934
-357937
-357937
-357941
-357931
-357931
-357930
-357933
-357934
-357936
-357930
-357932
-357930
-357931
-357932
-357932
-357930
-357933
-357935
-357935
-357939
-357939
-357936
-357937
-357941
-357941
-357940
-357939
-357939
-357937
-357942
-357942
-357936
-357939
-357937
-357938
-357940
-357939
-357940
-357937
-357937
-357936
-357937
-357938
-357936
-357937
-357937
-357938
-357939
-357938
-357934
-357933
-357933
-357936
-357933
-357935
-357929
-357928
-357938
-357934
-357934
-357933
-357936
-357931
-357930
-357933
-357935
-357937
-357940
-357940
-357936
-357937
-357934
-357935
-357939
-357937
-357936
-357935
-357939
-357940
-357934
-357936
-357936
-357937
-357938
-357939
-357940
-357937
-357936
-357935
-357934
-357938
-357931
-357934
-357937
-357940
-357937
-357936
-357939
-357937
-357934
-357935
-357935
-357939
-357935
-357935
-357936
-357932
-357940
-357937
-357938
-357931
-357927
-357934
-357936
-357936
-357937
-357936
-357930
-357935
-357931
-357936
-357928
-357936
-357934
-357926
-357931
-357939
-357935
-357934
-357938
-357933
-357937
-357933
-357938
-357932
-357934
-357933
-357924
-357930
-357927
-357939
-357935
-357940
-357932
-357933
-357936
-357932
-357932
-357925
-357930
-357937
-357931
-357926
-357928
-357926
-357933
-357932
-357928
-357936
-357928
-357926
-357930
-357938
-357930
-357931
-357932
-357934
-357935
-357938
-357937
-357936
-357938
-357927
-357935
-357935
-357936
-357939
-357928
-357931
-357934
-357934
-357939
-357938
-357939
-357937
-357938
-357935
-357938
-357929
-357935
-357929
-357932
-357926
-357932
-357935
-357935
-357932
-357934
-357926
-357938
-357936
-357937
-357941
-357934
-357924
-357930
-357924
-357937
-357936
-357925
-357930
-357920
-357935
-357938
-357935
-357935
-357922
-357937
-357939
-357936
-357936
-357941
-357939
-357931
-357927
-357933
-357928
-357925
-357937
-357930
-357935
-357931
-357938
-357930
-357934
-357923
-357936
-357937
-357935
-357937
-357938
-357939
-357938
-357940
-357925
-357928
-357922
-357935
-357941
-357936
-357935
-357930
-357922
-357929
-357922
-357931
-357933
-357935
-357937
-357936
-357933
-357937
-357937
-357939
-357937
-357941
-357939
-357930
-357932
-357932
-357932
-357931
-357934
-357938
-357937
-357926
-357931
-357934
-357938
-357938
-357935
-357931
-357933
-357941
-357938
-357936
-357935
-357938
-357938
-357935
-357933
-357939
-357926
-357929
-357934
-357937
-357932
-357940
-357927
-357930
-357936
-357936
-357932
-357938
-357929
-357933
-357938
-357937
-357937
-357932
-357938
-357928
-357933
-357940
-357929
-357933
-357937
-357925
-357930
-357935
-357938
-357937
-357939
-357936
-357935
-357940
-357936
-357933
-357939
-357934
-357935
-357940
-357929
-357924
-357926
-357932
-357938
-357924
-357931
-357938
-357937
-357936
-357936
-357937
-357933
-357942
-357935
-357932
-357939
-357926
-357926
-357934
-357935
-357939
-357936
-357939
-357936
-357936
-357937
-357937
-357939
-357935
-357940
-357932
-357932
-357934
-357934
-357940
-357935
-357934
-357932
-357934
-357937
-357941
-357941
-357943
-357941
-357939
-357936
-357938
-357938
-357938
-357938
-357932
-357932
-357931
-357933
-357939
-357935
-357933
-357928
-357934
-357935
-357935
-357938
-357939
-357941
-357937
-357932
-357931
-357933
-357932
-357940
-357932
-357935
-357939
-357932
-357931
-357936
-357934
-357939
-357933
-357930
-357933
-357937
-357936
-357933
-357935
-357936
-357939
-357940
-357941
-357938
-357937
-357935
-357931
-357934
-357931
-357934
-357934
-357935
-357937
-357940
-357943
-357942
-357935
-357936
-357933
-357933
-357931
-357928
-357933
-357927
-357931
-357926
-357935
-357936
-357941
-357938
-357941
-357929
-357930
-357935
-357938
-357936
-357936
-357938
-357937
-357937
-357938
-357937
-357936
-357938
-357938
-357937
-357935
-357935
-357937
-357937
-357937
-357935
-357936
-357936
-357938
-357932
-357935
-357936
-357936
-357938
-357939
-357937
-357941
-357940
-357939
-357943
-357941
-357937
-357939
-357942
-357941
-357941
-357926
-357938
-357933
-357935
-357933
-357933
-357935
-357935
-357934
-357933
-357928
-357935
-357934
-357941
-357938
-357940
-357940
-357938
-357939
-357940
-357927
-357934
-357935
-357934
-357936
-357934
-357934
-357932
-357935
-357938
-357940
-357942
-357940
-357939
-357941
-357941
-357940
-357937
-357936
-357938
-357936
-357936
-357936
-357936
-357938
-357936
-357934
-357935
-357937
-357939
-357940
-357937
-357938
-357938
-357939
-357937
-357940
-357941
-357941
-357930
-357937
-357930
-357937
-357935
-357930
-357937
-357925
-357936
-357938
-357937
-357933
-357938
-357932
-357929
-357931
-357935
-357933
-357926
-357940
-357934
-357935
-357936
-357930
-357935
-357933
-357932
-357933
-357933
-357933
-357932
-357942
-357937
-357940
-357938
-357937
-357939
-357938
-357933
-357927
-357935
-357932
-357928
-357935
-357922
-357929
-357934
-357930
-357932
-357931
-357927
-357932
-357931
-357933
-357922
-357930
-357932
-357935
-357932
-357931
-357934
-357923
-357937
-357932
-357935
-357931
-357933
-357934
-357933
-357942
-357938
-357939
-357934
-357938
-357939
-357934
-357933
-357929
-357932
-357931
-357928
-357931
-357928
-357935
-357930
-357934
-357935
-357937
-357936
-357940
-357930
-357928
-357930
-357936
-357940
-357939
-357937
-357937
-357938
-357922
-357932
-357931
-357933
-357933
-357935
-357935
-357931
-357935
-357938
-357940
-357939
-357938
-357939
-357942
-357941
-357928
-357923
-357931
-357932
-357934
-357931
-357934
-357932
-357934
-357931
-357934
-357923
-357931
-357934
-357932
-357935
-357930
-357932
-357934
-357932
-357936
-357930
-357934
-357932
-357934
-357933
-357933
-357933
-357938
-357937
-357940
-357939
-357941
-357941
-357929
-357926
-357930
-357930
-357936
-357936
-357937
-357936
-357937
-357936
-357936
-357934
-357937
-357936
-357929
-357934
-357936
-357939
-357940
-357936
-357937
-357937
-357938
-357940
-357939
-357940
-357926
-357932
-357935
-357932
-357934
-357931
-357933
-357933
-357941
-357937
-357938
-357939
-357935
-357940
-357938
-357934
-357931
-357933
-357933
-357935
-357934
-357940
-357941
-357938
-357942
-357936
-357937
-357934
-357930
-357936
-357937
-357932
-357935
-357937
-357939
-357937
-357939
)
;
    }
}


// ************************************************************************* //
