/*--------------------------------*- C++ -*----------------------------------*\
| =========                 |                                                 |
| \\      /  F ield         | OpenFOAM: The Open Source CFD Toolbox           |
|  \\    /   O peration     | Version:  v1912                                 |
|   \\  /    A nd           | Website:  www.openfoam.com                      |
|    \\/     M anipulation  |                                                 |
\*---------------------------------------------------------------------------*/
FoamFile
{
    version     2.0;
    format      ascii;
    class       volScalarField;
    location    "356/sphere";
    object      T;
}
// * * * * * * * * * * * * * * * * * * * * * * * * * * * * * * * * * * * * * //

dimensions      [0 0 0 1 0 0 0];


internalField   nonuniform List<scalar> 
6600
(
356.058
356.058
356.058
356.059
356.058
356.058
356.058
356.061
356.062
356.06
356.059
356.062
356.063
356.061
356.06
356.061
356.059
356.058
356.059
356.058
356.059
356.062
356.063
356.061
356.06
356.063
356.063
356.061
356.058
356.058
356.061
356.062
356.06
356.058
356.058
356.06
356.061
356.059
356.058
356.061
356.061
356.06
356.059
356.06
356.058
356.058
356.058
356.058
356.058
356.058
356.058
356.059
356.058
356.061
356.06
356.061
356.061
356.06
356.061
356.061
356.058
356.058
356.059
356.058
356.061
356.061
356.06
356.059
356.058
356.058
356.058
356.058
356.058
356.058
356.058
356.058
356.058
356.058
356.058
356.058
356.058
356.058
356.058
356.058
356.058
356.058
356.059
356.06
356.058
356.058
356.06
356.059
356.058
356.058
356.059
356.058
356.06
356.058
356.058
356.059
356.06
356.061
356.061
356.062
356.058
356.059
356.059
356.06
356.059
356.059
356.06
356.058
356.059
356.06
356.058
356.058
356.058
356.06
356.059
356.059
356.058
356.058
356.061
356.062
356.06
356.061
356.058
356.058
356.058
356.061
356.061
356.061
356.06
356.06
356.058
356.059
356.059
356.058
356.059
356.06
356.058
356.06
356.059
356.058
356.058
356.058
356.058
356.059
356.058
356.058
356.06
356.058
356.06
356.061
356.058
356.059
356.061
356.061
356.058
356.061
356.06
356.059
356.058
356.061
356.061
356.059
356.058
356.06
356.058
356.059
356.06
356.059
356.061
356.059
356.061
356.06
356.062
356.058
356.061
356.058
356.061
356.058
356.061
356.059
356.058
356.059
356.061
356.06
356.06
356.062
356.059
356.061
356.058
356.06
356.058
356.061
356.059
356.061
356.058
356.058
356.059
356.058
356.061
356.058
356.061
356.058
356.061
356.062
356.058
356.059
356.06
356.058
356.058
356.062
356.061
356.059
356.058
356.06
356.058
356.058
356.058
356.058
356.058
356.058
356.058
356.058
356.06
356.059
356.059
356.061
356.061
356.058
356.06
356.061
356.058
356.061
356.061
356.058
356.058
356.061
356.06
356.06
356.058
356.059
356.059
356.061
356.06
356.062
356.06
356.059
356.061
356.058
356.061
356.059
356.06
356.058
356.061
356.058
356.058
356.059
356.062
356.059
356.061
356.059
356.061
356.06
356.059
356.061
356.058
356.061
356.058
356.06
356.058
356.061
356.058
356.059
356.062
356.058
356.059
356.06
356.061
356.058
356.061
356.059
356.058
356.061
356.06
356.058
356.058
356.058
356.058
356.059
356.058
356.059
356.058
356.059
356.06
356.058
356.06
356.059
356.058
356.058
356.059
356.058
356.06
356.058
356.061
356.061
356.062
356.058
356.058
356.058
356.059
356.06
356.058
356.058
356.06
356.059
356.058
356.062
356.06
356.061
356.058
356.059
356.058
356.058
356.058
356.059
356.058
356.059
356.06
356.058
356.058
356.059
356.058
356.058
356.058
356.058
356.058
356.058
356.058
356.058
356.058
356.058
356.058
356.058
356.058
356.058
356.058
356.058
356.058
356.058
356.058
356.058
356.058
356.058
356.058
356.058
356.058
356.058
356.058
356.058
356.058
356.058
356.059
356.058
356.059
356.059
356.058
356.059
356.059
356.06
356.059
356.059
356.06
356.058
356.059
356.059
356.06
356.059
356.059
356.06
356.058
356.058
356.058
356.059
356.058
356.059
356.059
356.058
356.059
356.059
356.06
356.059
356.059
356.06
356.059
356.058
356.059
356.06
356.059
356.06
356.059
356.059
356.058
356.059
356.06
356.059
356.06
356.059
356.058
356.058
356.058
356.059
356.058
356.059
356.059
356.058
356.058
356.058
356.058
356.058
356.058
356.058
356.058
356.058
356.058
356.058
356.058
356.059
356.058
356.059
356.059
356.058
356.058
356.058
356.059
356.06
356.058
356.059
356.059
356.06
356.059
356.058
356.059
356.058
356.058
356.058
356.058
356.058
356.058
356.058
356.058
356.059
356.059
356.058
356.059
356.058
356.058
356.058
356.059
356.058
356.059
356.059
356.058
356.059
356.059
356.059
356.058
356.06
356.058
356.058
356.058
356.059
356.058
356.058
356.058
356.059
356.059
356.058
356.06
356.06
356.058
356.059
356.059
356.06
356.059
356.058
356.058
356.058
356.058
356.058
356.058
356.058
356.058
356.06
356.058
356.059
356.059
356.058
356.06
356.059
356.059
356.058
356.06
356.058
356.059
356.06
356.059
356.06
356.059
356.06
356.059
356.06
356.058
356.058
356.058
356.058
356.058
356.06
356.059
356.059
356.058
356.06
356.059
356.059
356.058
356.058
356.06
356.061
356.059
356.059
356.06
356.06
356.059
356.058
356.058
356.058
356.058
356.059
356.058
356.058
356.059
356.058
356.058
356.058
356.058
356.058
356.058
356.058
356.058
356.058
356.059
356.058
356.058
356.058
356.058
356.058
356.06
356.058
356.059
356.058
356.058
356.059
356.058
356.058
356.059
356.058
356.059
356.058
356.058
356.06
356.059
356.059
356.059
356.059
356.058
356.058
356.058
356.058
356.058
356.058
356.058
356.058
356.058
356.058
356.058
356.058
356.058
356.058
356.058
356.058
356.058
356.059
356.058
356.058
356.058
356.058
356.058
356.058
356.058
356.058
356.059
356.058
356.058
356.058
356.058
356.058
356.06
356.058
356.059
356.059
356.058
356.059
356.058
356.058
356.058
356.058
356.058
356.058
356.058
356.058
356.059
356.058
356.058
356.058
356.058
356.058
356.058
356.06
356.059
356.058
356.058
356.058
356.059
356.058
356.058
356.058
356.058
356.058
356.058
356.058
356.058
356.058
356.059
356.059
356.058
356.058
356.058
356.058
356.058
356.059
356.059
356.06
356.058
356.059
356.059
356.058
356.058
356.059
356.058
356.059
356.059
356.058
356.059
356.059
356.06
356.06
356.059
356.058
356.059
356.059
356.06
356.059
356.059
356.06
356.058
356.059
356.058
356.058
356.058
356.058
356.06
356.059
356.058
356.058
356.058
356.059
356.058
356.058
356.058
356.058
356.058
356.058
356.058
356.058
356.058
356.058
356.059
356.058
356.059
356.058
356.058
356.058
356.058
356.059
356.058
356.058
356.059
356.058
356.058
356.058
356.058
356.059
356.06
356.059
356.059
356.058
356.059
356.059
356.059
356.06
356.06
356.059
356.06
356.06
356.059
356.058
356.058
356.058
356.058
356.059
356.059
356.059
356.06
356.058
356.059
356.059
356.06
356.059
356.059
356.058
356.059
356.059
356.06
356.06
356.059
356.059
356.058
356.059
356.06
356.059
356.06
356.059
356.058
356.058
356.058
356.059
356.058
356.059
356.059
356.058
356.058
356.058
356.058
356.058
356.058
356.058
356.058
356.058
356.058
356.06
356.058
356.059
356.058
356.059
356.058
356.058
356.058
356.058
356.058
356.058
356.058
356.058
356.059
356.059
356.058
356.058
356.059
356.06
356.059
356.059
356.058
356.059
356.058
356.058
356.058
356.058
356.059
356.058
356.058
356.059
356.058
356.058
356.058
356.058
356.058
356.06
356.058
356.059
356.058
356.059
356.058
356.059
356.058
356.058
356.059
356.058
356.058
356.058
356.058
356.058
356.058
356.058
356.058
356.058
356.058
356.058
356.058
356.058
356.058
356.058
356.058
356.058
356.058
356.058
356.058
356.058
356.058
356.058
356.058
356.058
356.058
356.059
356.06
356.058
356.059
356.059
356.058
356.058
356.059
356.059
356.058
356.058
356.058
356.059
356.059
356.058
356.06
356.058
356.059
356.059
356.059
356.058
356.06
356.06
356.058
356.059
356.059
356.058
356.059
356.06
356.06
356.059
356.059
356.06
356.059
356.06
356.06
356.059
356.058
356.058
356.058
356.059
356.058
356.059
356.06
356.059
356.059
356.06
356.059
356.06
356.06
356.059
356.058
356.059
356.059
356.058
356.059
356.06
356.058
356.058
356.058
356.06
356.058
356.059
356.059
356.058
356.058
356.058
356.058
356.058
356.058
356.058
356.058
356.058
356.058
356.058
356.058
356.058
356.058
356.058
356.058
356.058
356.058
356.06
356.058
356.06
356.059
356.059
356.059
356.06
356.06
356.058
356.059
356.059
356.059
356.059
356.06
356.06
356.059
356.059
356.061
356.059
356.06
356.06
356.059
356.058
356.058
356.058
356.059
356.059
356.058
356.059
356.058
356.059
356.059
356.059
356.058
356.06
356.059
356.058
356.059
356.058
356.059
356.058
356.06
356.06
356.059
356.059
356.06
356.059
356.06
356.06
356.058
356.058
356.058
356.058
356.058
356.058
356.058
356.058
356.058
356.059
356.058
356.058
356.059
356.058
356.059
356.058
356.059
356.059
356.059
356.06
356.059
356.061
356.059
356.06
356.059
356.06
356.06
356.059
356.059
356.06
356.059
356.059
356.06
356.059
356.059
356.058
356.059
356.059
356.06
356.058
356.059
356.058
356.058
356.058
356.059
356.058
356.059
356.06
356.059
356.06
356.059
356.06
356.059
356.06
356.059
356.058
356.059
356.059
356.058
356.059
356.06
356.058
356.058
356.058
356.058
356.058
356.059
356.059
356.059
356.06
356.058
356.059
356.059
356.058
356.058
356.058
356.058
356.058
356.059
356.059
356.058
356.058
356.058
356.059
356.059
356.058
356.059
356.058
356.058
356.058
356.059
356.059
356.058
356.06
356.059
356.058
356.059
356.059
356.06
356.059
356.06
356.058
356.059
356.059
356.059
356.059
356.06
356.06
356.059
356.06
356.059
356.06
356.059
356.06
356.06
356.059
356.058
356.059
356.059
356.06
356.059
356.059
356.058
356.058
356.058
356.059
356.059
356.058
356.06
356.059
356.06
356.059
356.06
356.059
356.06
356.06
356.058
356.059
356.059
356.059
356.059
356.06
356.058
356.058
356.058
356.058
356.058
356.058
356.058
356.058
356.059
356.058
356.058
356.058
356.058
356.059
356.058
356.058
356.058
356.058
356.058
356.058
356.058
356.058
356.058
356.058
356.058
356.058
356.058
356.058
356.058
356.058
356.058
356.058
356.058
356.058
356.058
356.058
356.058
356.058
356.059
356.058
356.058
356.059
356.058
356.059
356.058
356.058
356.059
356.058
356.058
356.058
356.058
356.058
356.058
356.058
356.06
356.058
356.059
356.059
356.059
356.058
356.06
356.059
356.06
356.059
356.06
356.059
356.06
356.059
356.058
356.058
356.058
356.058
356.059
356.059
356.06
356.059
356.058
356.059
356.058
356.06
356.059
356.059
356.059
356.059
356.058
356.06
356.058
356.059
356.06
356.059
356.058
356.059
356.058
356.06
356.059
356.059
356.058
356.058
356.058
356.058
356.059
356.059
356.058
356.058
356.058
356.058
356.058
356.058
356.058
356.058
356.058
356.06
356.058
356.058
356.059
356.059
356.058
356.058
356.058
356.058
356.058
356.058
356.058
356.058
356.058
356.06
356.059
356.061
356.059
356.06
356.059
356.06
356.059
356.058
356.058
356.058
356.059
356.059
356.059
356.06
356.059
356.058
356.06
356.059
356.06
356.059
356.059
356.059
356.059
356.058
356.06
356.059
356.058
356.06
356.059
356.06
356.059
356.06
356.059
356.06
356.059
356.058
356.058
356.058
356.059
356.058
356.059
356.059
356.059
356.058
356.059
356.058
356.06
356.059
356.058
356.058
356.058
356.058
356.058
356.059
356.058
356.058
356.058
356.058
356.06
356.059
356.06
356.059
356.06
356.059
356.059
356.06
356.059
356.06
356.059
356.06
356.059
356.059
356.059
356.058
356.058
356.059
356.059
356.059
356.059
356.06
356.06
356.059
356.059
356.06
356.06
356.059
356.059
356.059
356.059
356.058
356.06
356.058
356.059
356.059
356.059
356.059
356.058
356.06
356.058
356.059
356.059
356.058
356.058
356.058
356.058
356.059
356.059
356.058
356.058
356.058
356.058
356.058
356.059
356.058
356.058
356.059
356.058
356.058
356.059
356.059
356.06
356.059
356.059
356.059
356.059
356.058
356.058
356.058
356.058
356.06
356.059
356.059
356.058
356.06
356.059
356.059
356.06
356.06
356.059
356.059
356.06
356.06
356.059
356.059
356.058
356.058
356.058
356.059
356.058
356.059
356.06
356.059
356.059
356.058
356.06
356.059
356.059
356.06
356.06
356.059
356.059
356.06
356.06
356.059
356.06
356.059
356.059
356.058
356.06
356.059
356.059
356.06
356.059
356.059
356.058
356.06
356.059
356.059
356.059
356.058
356.058
356.058
356.059
356.058
356.059
356.058
356.059
356.058
356.058
356.058
356.058
356.059
356.058
356.058
356.058
356.058
356.06
356.058
356.058
356.059
356.059
356.058
356.058
356.058
356.058
356.058
356.058
356.058
356.058
356.058
356.058
356.058
356.058
356.058
356.058
356.058
356.058
356.058
356.058
356.058
356.059
356.058
356.058
356.058
356.058
356.06
356.058
356.059
356.058
356.059
356.058
356.058
356.058
356.059
356.058
356.058
356.058
356.059
356.058
356.058
356.058
356.06
356.058
356.059
356.058
356.058
356.059
356.058
356.058
356.059
356.058
356.058
356.058
356.058
356.058
356.058
356.058
356.058
356.058
356.058
356.058
356.059
356.06
356.059
356.059
356.058
356.059
356.058
356.058
356.059
356.059
356.058
356.058
356.058
356.058
356.058
356.058
356.059
356.059
356.058
356.058
356.058
356.058
356.059
356.058
356.059
356.059
356.059
356.059
356.058
356.06
356.059
356.06
356.059
356.058
356.059
356.059
356.06
356.059
356.059
356.06
356.058
356.058
356.058
356.058
356.058
356.058
356.058
356.058
356.058
356.058
356.058
356.058
356.059
356.058
356.058
356.058
356.058
356.058
356.059
356.059
356.06
356.059
356.059
356.059
356.059
356.058
356.058
356.058
356.059
356.058
356.059
356.058
356.058
356.058
356.059
356.058
356.059
356.06
356.059
356.06
356.059
356.058
356.058
356.058
356.059
356.058
356.059
356.059
356.059
356.059
356.058
356.06
356.059
356.06
356.059
356.058
356.059
356.058
356.058
356.058
356.06
356.058
356.059
356.058
356.058
356.059
356.058
356.058
356.058
356.058
356.058
356.059
356.058
356.058
356.058
356.058
356.058
356.058
356.058
356.058
356.058
356.058
356.058
356.058
356.058
356.059
356.058
356.059
356.058
356.058
356.058
356.058
356.059
356.058
356.058
356.059
356.058
356.06
356.058
356.059
356.058
356.058
356.059
356.058
356.058
356.059
356.058
356.058
356.058
356.058
356.058
356.058
356.058
356.059
356.058
356.058
356.058
356.058
356.058
356.058
356.059
356.059
356.06
356.059
356.06
356.06
356.06
356.062
356.062
356.063
356.062
356.063
356.063
356.063
356.061
356.063
356.062
356.063
356.062
356.063
356.063
356.063
356.062
356.062
356.063
356.063
356.062
356.063
356.062
356.062
356.061
356.063
356.063
356.063
356.062
356.06
356.061
356.059
356.061
356.06
356.061
356.06
356.063
356.063
356.063
356.061
356.062
356.062
356.063
356.062
356.063
356.063
356.062
356.061
356.063
356.062
356.063
356.062
356.063
356.062
356.063
356.062
356.062
356.063
356.063
356.062
356.063
356.062
356.062
356.061
356.058
356.059
356.06
356.06
356.059
356.059
356.059
356.06
356.059
356.059
356.058
356.059
356.059
356.059
356.06
356.06
356.059
356.059
356.06
356.059
356.059
356.059
356.059
356.059
356.06
356.06
356.06
356.06
356.059
356.059
356.059
356.06
356.06
356.06
356.06
356.059
356.059
356.059
356.06
356.06
356.06
356.06
356.06
356.059
356.059
356.06
356.059
356.059
356.059
356.059
356.06
356.059
356.058
356.059
356.059
356.059
356.059
356.06
356.06
356.06
356.06
356.059
356.06
356.059
356.059
356.06
356.059
356.06
356.06
356.06
356.059
356.06
356.059
356.058
356.059
356.059
356.059
356.059
356.06
356.06
356.06
356.059
356.06
356.06
356.059
356.058
356.059
356.06
356.059
356.059
356.059
356.059
356.06
356.06
356.06
356.06
356.059
356.06
356.059
356.06
356.06
356.06
356.059
356.059
356.059
356.059
356.06
356.06
356.06
356.059
356.06
356.059
356.06
356.059
356.06
356.06
356.06
356.06
356.061
356.058
356.06
356.059
356.059
356.059
356.059
356.058
356.06
356.059
356.061
356.061
356.06
356.06
356.061
356.06
356.061
356.059
356.061
356.06
356.061
356.06
356.059
356.06
356.06
356.06
356.06
356.06
356.059
356.058
356.06
356.059
356.06
356.059
356.059
356.059
356.059
356.06
356.06
356.06
356.059
356.059
356.06
356.06
356.06
356.059
356.06
356.06
356.061
356.06
356.058
356.059
356.059
356.06
356.058
356.059
356.059
356.06
356.061
356.059
356.061
356.06
356.061
356.06
356.06
356.061
356.061
356.059
356.061
356.06
356.06
356.059
356.06
356.06
356.06
356.059
356.06
356.06
356.06
356.061
356.061
356.059
356.061
356.06
356.06
356.06
356.059
356.06
356.06
356.059
356.059
356.059
356.06
356.06
356.059
356.059
356.06
356.059
356.059
356.059
356.06
356.06
356.06
356.06
356.06
356.059
356.059
356.06
356.059
356.06
356.059
356.06
356.06
356.06
356.059
356.059
356.058
356.059
356.059
356.059
356.059
356.06
356.06
356.06
356.06
356.059
356.06
356.059
356.06
356.059
356.06
356.059
356.06
356.06
356.06
356.059
356.06
356.06
356.059
356.059
356.059
356.057
356.055
356.053
356.057
356.055
356.053
356.057
356.055
356.053
356.057
356.055
356.054
356.057
356.055
356.054
356.057
356.055
356.053
356.057
356.055
356.053
356.057
356.055
356.054
356.057
356.055
356.053
356.057
356.055
356.054
356.057
356.056
356.055
356.057
356.055
356.054
356.056
356.055
356.053
356.057
356.055
356.053
356.057
356.056
356.054
356.057
356.055
356.053
356.057
356.055
356.054
356.057
356.055
356.054
356.057
356.055
356.054
356.057
356.055
356.053
356.057
356.055
356.053
356.057
356.055
356.054
356.057
356.055
356.054
356.057
356.055
356.054
356.057
356.055
356.054
356.057
356.055
356.054
356.057
356.055
356.054
356.057
356.055
356.054
356.056
356.055
356.053
356.057
356.055
356.053
356.057
356.055
356.053
356.057
356.055
356.053
356.057
356.055
356.053
356.057
356.055
356.054
356.057
356.055
356.054
356.057
356.055
356.054
356.057
356.055
356.054
356.057
356.055
356.054
356.057
356.055
356.054
356.057
356.055
356.054
356.057
356.055
356.054
356.057
356.055
356.054
356.057
356.055
356.053
356.057
356.055
356.053
356.057
356.055
356.053
356.057
356.055
356.053
356.057
356.055
356.053
356.057
356.055
356.054
356.057
356.055
356.054
356.057
356.055
356.053
356.056
356.055
356.053
356.056
356.055
356.053
356.057
356.055
356.054
356.057
356.055
356.054
356.057
356.055
356.053
356.057
356.055
356.053
356.056
356.055
356.053
356.056
356.055
356.053
356.057
356.055
356.053
356.057
356.055
356.053
356.057
356.055
356.054
356.057
356.055
356.054
356.057
356.055
356.054
356.057
356.055
356.054
356.057
356.055
356.053
356.057
356.055
356.053
356.057
356.055
356.054
356.056
356.055
356.053
356.056
356.055
356.053
356.056
356.055
356.053
356.057
356.056
356.054
356.057
356.055
356.054
356.056
356.055
356.053
356.057
356.055
356.053
356.057
356.056
356.054
356.056
356.055
356.053
356.056
356.055
356.053
356.057
356.055
356.053
356.057
356.055
356.053
356.057
356.055
356.054
356.057
356.055
356.053
356.057
356.055
356.054
356.057
356.055
356.054
356.057
356.055
356.054
356.057
356.055
356.053
356.057
356.055
356.053
356.057
356.055
356.054
356.056
356.055
356.053
356.056
356.055
356.053
356.057
356.055
356.053
356.057
356.055
356.053
356.057
356.055
356.054
356.057
356.055
356.054
356.057
356.055
356.054
356.057
356.055
356.054
356.057
356.055
356.053
356.057
356.055
356.053
356.056
356.055
356.053
356.056
356.055
356.053
356.056
356.055
356.053
356.056
356.055
356.053
356.057
356.056
356.054
356.056
356.055
356.053
356.056
356.055
356.053
356.057
356.055
356.054
356.057
356.055
356.053
356.057
356.056
356.054
356.057
356.055
356.054
356.057
356.055
356.054
356.056
356.055
356.053
356.056
356.055
356.053
356.056
356.055
356.053
356.057
356.055
356.054
356.057
356.055
356.054
356.057
356.055
356.054
356.057
356.055
356.054
356.057
356.055
356.054
356.057
356.055
356.053
356.057
356.055
356.053
356.057
356.055
356.053
356.057
356.055
356.053
356.057
356.055
356.053
356.057
356.055
356.054
356.057
356.055
356.053
356.057
356.055
356.053
356.057
356.055
356.053
356.057
356.055
356.053
356.057
356.055
356.054
356.057
356.055
356.054
356.057
356.055
356.054
356.057
356.055
356.054
356.056
356.055
356.053
356.056
356.055
356.053
356.057
356.055
356.053
356.057
356.055
356.053
356.057
356.055
356.054
356.057
356.055
356.054
356.057
356.055
356.053
356.057
356.055
356.053
356.057
356.055
356.053
356.057
356.055
356.053
356.057
356.055
356.053
356.057
356.055
356.053
356.057
356.055
356.053
356.057
356.055
356.053
356.057
356.055
356.053
356.057
356.055
356.053
356.057
356.055
356.053
356.057
356.055
356.054
356.057
356.055
356.053
356.057
356.055
356.053
356.057
356.055
356.053
356.057
356.055
356.053
356.057
356.055
356.053
356.057
356.055
356.053
356.057
356.055
356.053
356.057
356.055
356.053
356.057
356.055
356.053
356.057
356.055
356.053
356.057
356.055
356.053
356.057
356.055
356.053
356.057
356.055
356.054
356.057
356.055
356.054
356.057
356.055
356.054
356.057
356.055
356.054
356.057
356.055
356.054
356.057
356.055
356.053
356.057
356.055
356.053
356.057
356.055
356.053
356.057
356.055
356.053
356.057
356.055
356.053
356.057
356.055
356.053
356.057
356.055
356.054
356.057
356.055
356.053
356.057
356.055
356.053
356.057
356.055
356.053
356.057
356.055
356.053
356.057
356.055
356.054
356.057
356.055
356.054
356.057
356.055
356.053
356.057
356.055
356.054
356.057
356.055
356.054
356.057
356.055
356.054
356.057
356.055
356.054
356.057
356.055
356.054
356.057
356.055
356.053
356.057
356.055
356.054
356.057
356.055
356.054
356.057
356.055
356.054
356.056
356.055
356.053
356.057
356.055
356.053
356.056
356.055
356.053
356.056
356.055
356.053
356.056
356.054
356.053
356.057
356.055
356.054
356.057
356.055
356.054
356.057
356.055
356.053
356.057
356.055
356.053
356.057
356.055
356.053
356.057
356.055
356.053
356.057
356.055
356.053
356.057
356.055
356.053
356.057
356.055
356.053
356.057
356.055
356.053
356.057
356.055
356.053
356.057
356.055
356.053
356.057
356.055
356.054
356.057
356.055
356.053
356.057
356.055
356.053
356.057
356.055
356.053
356.057
356.055
356.054
356.057
356.055
356.053
356.057
356.055
356.054
356.057
356.055
356.053
356.057
356.055
356.054
356.057
356.055
356.053
356.057
356.055
356.054
356.057
356.055
356.054
356.057
356.055
356.054
356.057
356.055
356.054
356.056
356.054
356.053
356.056
356.055
356.053
356.056
356.054
356.053
356.056
356.055
356.053
356.056
356.055
356.053
356.057
356.055
356.054
356.057
356.055
356.054
356.057
356.055
356.054
356.057
356.055
356.054
356.057
356.056
356.055
356.057
356.056
356.054
356.057
356.056
356.055
356.056
356.055
356.053
356.056
356.055
356.053
356.057
356.055
356.053
356.057
356.055
356.054
356.057
356.055
356.053
356.057
356.055
356.053
356.057
356.055
356.053
356.057
356.055
356.053
356.057
356.055
356.053
356.057
356.055
356.054
356.057
356.055
356.053
356.057
356.055
356.054
356.057
356.055
356.054
356.056
356.055
356.054
356.056
356.055
356.053
356.056
356.055
356.053
356.056
356.055
356.053
356.056
356.055
356.053
356.056
356.055
356.053
356.057
356.056
356.054
356.057
356.056
356.055
356.056
356.055
356.053
356.056
356.055
356.053
356.056
356.055
356.053
356.056
356.055
356.053
356.057
356.055
356.054
356.057
356.055
356.054
356.057
356.055
356.054
356.057
356.055
356.054
356.057
356.055
356.054
356.057
356.055
356.054
356.057
356.055
356.053
356.057
356.055
356.054
356.057
356.055
356.054
356.057
356.055
356.054
356.057
356.055
356.054
356.057
356.055
356.053
356.057
356.055
356.053
356.057
356.055
356.053
356.057
356.055
356.053
356.057
356.055
356.053
356.057
356.055
356.053
356.057
356.055
356.053
356.057
356.055
356.053
356.057
356.055
356.053
356.057
356.055
356.053
356.057
356.055
356.053
356.057
356.055
356.053
356.057
356.055
356.053
356.057
356.055
356.053
356.057
356.055
356.053
356.057
356.055
356.053
356.057
356.055
356.053
356.056
356.055
356.053
356.057
356.055
356.053
356.057
356.055
356.054
356.057
356.055
356.054
356.057
356.055
356.054
356.057
356.055
356.054
356.057
356.056
356.054
356.057
356.055
356.054
356.057
356.055
356.054
356.057
356.055
356.053
356.057
356.055
356.054
356.057
356.055
356.053
356.057
356.055
356.053
356.057
356.055
356.053
356.057
356.055
356.053
356.057
356.055
356.053
356.057
356.055
356.053
356.057
356.055
356.053
356.056
356.055
356.053
356.056
356.055
356.053
356.057
356.055
356.053
356.057
356.055
356.053
356.057
356.055
356.054
356.057
356.055
356.054
356.057
356.055
356.054
356.057
356.055
356.053
356.057
356.055
356.054
356.057
356.055
356.054
356.057
356.055
356.053
356.057
356.055
356.053
356.057
356.055
356.053
356.057
356.055
356.054
356.057
356.055
356.053
356.057
356.055
356.053
356.057
356.055
356.053
356.057
356.055
356.053
356.057
356.055
356.053
356.057
356.055
356.053
356.057
356.055
356.053
356.057
356.055
356.053
356.057
356.055
356.053
356.057
356.055
356.053
356.057
356.055
356.053
356.057
356.055
356.053
356.057
356.055
356.053
356.057
356.055
356.053
356.057
356.055
356.053
356.057
356.055
356.053
356.057
356.055
356.053
356.057
356.055
356.053
356.057
356.055
356.053
356.056
356.055
356.053
356.056
356.055
356.053
356.057
356.055
356.053
356.056
356.055
356.053
356.057
356.055
356.053
356.056
356.055
356.053
356.056
356.055
356.053
356.056
356.055
356.053
356.056
356.055
356.053
356.056
356.055
356.053
356.056
356.055
356.053
356.056
356.055
356.053
356.056
356.055
356.053
356.056
356.055
356.053
356.056
356.055
356.053
356.056
356.055
356.053
356.056
356.054
356.052
356.057
356.055
356.053
356.057
356.055
356.053
356.057
356.055
356.053
356.057
356.055
356.053
356.057
356.055
356.053
356.057
356.055
356.054
356.057
356.055
356.053
356.057
356.055
356.053
356.057
356.055
356.053
356.057
356.055
356.053
356.057
356.055
356.054
356.057
356.055
356.053
356.057
356.055
356.053
356.057
356.055
356.053
356.056
356.055
356.053
356.057
356.055
356.053
356.056
356.055
356.053
356.056
356.055
356.053
356.056
356.055
356.053
356.056
356.055
356.053
356.056
356.055
356.053
356.056
356.055
356.053
356.056
356.055
356.053
356.056
356.055
356.053
356.057
356.055
356.054
356.057
356.055
356.053
356.057
356.055
356.053
356.057
356.055
356.053
356.057
356.055
356.053
356.057
356.055
356.053
356.057
356.055
356.053
356.057
356.055
356.054
356.057
356.055
356.054
356.057
356.055
356.054
356.057
356.055
356.053
356.057
356.055
356.053
356.057
356.055
356.053
356.057
356.055
356.053
356.057
356.055
356.054
356.057
356.055
356.053
356.057
356.055
356.054
356.057
356.055
356.054
356.057
356.055
356.053
356.057
356.055
356.053
356.057
356.055
356.053
356.056
356.055
356.053
356.057
356.055
356.053
356.056
356.055
356.053
356.056
356.055
356.053
356.056
356.055
356.053
356.056
356.055
356.053
356.057
356.055
356.053
356.057
356.055
356.053
356.056
356.055
356.053
356.056
356.055
356.053
356.056
356.055
356.053
356.057
356.055
356.053
356.057
356.055
356.053
356.057
356.055
356.054
356.057
356.055
356.054
356.057
356.055
356.054
356.057
356.055
356.054
356.057
356.055
356.054
356.057
356.055
356.054
356.057
356.055
356.054
356.057
356.055
356.054
356.057
356.055
356.054
356.057
356.055
356.053
356.057
356.055
356.054
356.057
356.055
356.053
356.057
356.055
356.053
356.057
356.055
356.053
356.057
356.055
356.053
356.057
356.055
356.053
356.057
356.055
356.054
356.057
356.055
356.053
356.057
356.055
356.053
356.057
356.055
356.053
356.057
356.055
356.053
356.057
356.055
356.053
356.057
356.055
356.053
356.057
356.055
356.053
356.057
356.055
356.053
356.057
356.055
356.054
356.057
356.055
356.053
356.057
356.055
356.053
356.057
356.055
356.053
356.057
356.055
356.053
356.057
356.055
356.053
356.057
356.055
356.053
356.057
356.055
356.053
356.057
356.055
356.053
356.057
356.055
356.053
356.057
356.055
356.053
356.057
356.055
356.053
356.057
356.055
356.053
356.057
356.055
356.053
356.057
356.055
356.054
356.057
356.055
356.053
356.057
356.055
356.053
356.057
356.055
356.053
356.057
356.055
356.053
356.057
356.055
356.054
356.057
356.055
356.053
356.057
356.055
356.053
356.057
356.055
356.053
356.057
356.055
356.053
356.057
356.055
356.054
356.057
356.055
356.053
356.057
356.055
356.053
356.056
356.055
356.053
356.057
356.055
356.053
356.057
356.055
356.053
356.057
356.055
356.053
356.057
356.055
356.053
356.057
356.055
356.053
356.057
356.055
356.053
356.057
356.055
356.053
356.057
356.055
356.053
356.057
356.055
356.053
356.057
356.055
356.053
356.057
356.055
356.054
356.057
356.055
356.053
356.056
356.055
356.053
356.056
356.054
356.053
356.056
356.055
356.053
356.056
356.054
356.053
356.056
356.055
356.053
356.056
356.055
356.053
356.056
356.055
356.053
356.056
356.055
356.053
356.056
356.055
356.053
356.056
356.055
356.053
356.056
356.055
356.053
356.056
356.055
356.053
356.057
356.055
356.054
356.057
356.055
356.053
356.057
356.055
356.054
356.057
356.055
356.053
356.057
356.056
356.054
356.057
356.055
356.054
356.057
356.055
356.054
356.056
356.055
356.054
356.056
356.055
356.053
356.056
356.055
356.053
356.056
356.055
356.053
356.056
356.055
356.053
356.057
356.055
356.054
356.057
356.056
356.054
356.057
356.056
356.054
356.057
356.056
356.054
356.057
356.056
356.054
356.057
356.056
356.054
356.057
356.055
356.054
356.057
356.055
356.053
356.057
356.055
356.053
356.057
356.055
356.053
356.057
356.055
356.054
356.057
356.055
356.054
356.056
356.055
356.053
356.056
356.055
356.053
356.056
356.055
356.053
356.057
356.055
356.054
356.057
356.055
356.053
356.057
356.055
356.053
356.057
356.055
356.053
356.057
356.055
356.053
356.057
356.055
356.054
356.057
356.055
356.054
356.057
356.055
356.054
356.057
356.055
356.054
356.057
356.055
356.054
356.057
356.055
356.053
356.057
356.055
356.053
356.057
356.055
356.054
356.057
356.055
356.054
356.057
356.055
356.054
356.057
356.055
356.054
356.057
356.055
356.054
356.057
356.055
356.053
356.057
356.055
356.054
356.057
356.055
356.054
356.057
356.055
356.054
356.057
356.055
356.053
356.056
356.055
356.053
356.056
356.055
356.053
356.057
356.055
356.053
356.057
356.055
356.053
356.057
356.055
356.053
356.057
356.055
356.053
356.057
356.055
356.053
356.057
356.055
356.053
356.057
356.055
356.053
356.056
356.055
356.053
356.056
356.055
356.053
356.057
356.055
356.053
356.057
356.055
356.054
356.057
356.055
356.053
356.057
356.055
356.053
356.057
356.055
356.053
356.057
356.055
356.053
356.057
356.055
356.054
356.057
356.055
356.053
356.057
356.055
356.054
356.057
356.055
356.053
356.057
356.055
356.054
356.057
356.055
356.054
356.057
356.055
356.054
356.057
356.055
356.054
356.057
356.055
356.053
356.057
356.055
356.053
356.057
356.055
356.054
356.057
356.055
356.054
356.057
356.055
356.054
356.057
356.055
356.054
356.057
356.055
356.053
356.057
356.055
356.054
356.057
356.055
356.053
356.057
356.055
356.054
356.057
356.055
356.053
356.056
356.055
356.053
356.057
356.055
356.053
356.057
356.055
356.053
356.057
356.055
356.054
356.057
356.055
356.054
356.057
356.055
356.053
356.057
356.055
356.053
356.057
356.055
356.054
356.057
356.055
356.053
356.057
356.055
356.053
356.057
356.055
356.053
356.057
356.055
356.053
356.057
356.055
356.053
356.057
356.055
356.053
356.057
356.055
356.053
356.057
356.055
356.053
356.057
356.055
356.053
356.057
356.055
356.053
356.057
356.055
356.053
356.057
356.055
356.053
356.057
356.055
356.053
356.057
356.055
356.053
356.057
356.055
356.053
356.056
356.055
356.053
356.056
356.055
356.053
356.056
356.055
356.053
356.056
356.055
356.053
356.056
356.055
356.053
356.056
356.055
356.053
356.056
356.054
356.053
356.056
356.055
356.053
356.056
356.055
356.053
356.056
356.055
356.053
356.056
356.054
356.053
356.056
356.054
356.053
356.056
356.055
356.053
356.056
356.055
356.053
356.057
356.055
356.053
356.057
356.056
356.054
356.057
356.055
356.054
356.057
356.055
356.054
356.057
356.056
356.054
356.057
356.055
356.054
356.057
356.055
356.053
356.056
356.055
356.053
356.057
356.055
356.053
356.057
356.055
356.053
356.057
356.055
356.054
356.057
356.055
356.054
356.056
356.055
356.053
356.056
356.055
356.053
356.056
356.055
356.053
356.057
356.056
356.054
356.057
356.055
356.054
356.057
356.056
356.054
356.057
356.056
356.054
356.057
356.055
356.054
356.057
356.056
356.054
356.057
356.055
356.053
356.057
356.056
356.054
356.057
356.055
356.054
356.057
356.056
356.055
356.057
356.055
356.054
356.057
356.055
356.054
356.057
356.055
356.053
356.056
356.055
356.053
356.057
356.055
356.053
356.057
356.055
356.053
356.057
356.055
356.054
356.056
356.055
356.053
356.056
356.055
356.053
356.056
356.055
356.053
356.056
356.055
356.053
356.057
356.055
356.054
356.057
356.055
356.053
356.057
356.055
356.054
356.057
356.055
356.054
356.057
356.055
356.054
356.057
356.055
356.053
356.057
356.055
356.053
356.057
356.055
356.054
356.057
356.055
356.054
356.057
356.055
356.054
356.057
356.055
356.054
356.057
356.055
356.054
356.057
356.055
356.053
356.057
356.055
356.054
356.057
356.055
356.054
356.057
356.055
356.054
356.057
356.055
356.054
356.057
356.055
356.053
356.057
356.056
356.054
356.057
356.055
356.054
356.057
356.056
356.055
356.057
356.055
356.054
356.057
356.055
356.054
356.057
356.056
356.055
356.057
356.055
356.053
356.057
356.055
356.054
356.057
356.055
356.054
356.057
356.055
356.053
356.057
356.055
356.054
356.057
356.055
356.053
356.057
356.055
356.053
356.056
356.055
356.053
356.056
356.055
356.053
356.057
356.055
356.053
356.057
356.055
356.053
356.057
356.055
356.053
356.057
356.055
356.053
356.057
356.055
356.053
356.057
356.055
356.053
356.057
356.055
356.053
356.057
356.055
356.053
356.056
356.055
356.053
356.056
356.055
356.053
356.056
356.055
356.053
356.057
356.055
356.053
356.057
356.055
356.053
356.057
356.055
356.053
356.056
356.055
356.053
356.056
356.055
356.053
356.057
356.055
356.053
356.057
356.055
356.053
356.057
356.055
356.054
356.057
356.055
356.054
356.057
356.055
356.054
356.057
356.055
356.054
356.057
356.055
356.053
356.057
356.055
356.053
356.057
356.055
356.053
356.057
356.055
356.054
356.057
356.055
356.053
356.057
356.055
356.054
356.057
356.055
356.053
356.057
356.055
356.054
356.057
356.055
356.054
356.057
356.055
356.054
356.057
356.055
356.054
356.057
356.055
356.054
356.057
356.055
356.054
356.057
356.055
356.053
356.057
356.055
356.053
356.057
356.055
356.053
356.057
356.055
356.053
356.057
356.055
356.053
356.057
356.055
356.053
356.057
356.055
356.053
356.057
356.055
356.053
356.057
356.055
356.053
356.057
356.055
356.053
356.057
356.055
356.054
356.057
356.055
356.053
356.057
356.055
356.053
356.057
356.055
356.053
356.057
356.055
356.053
356.057
356.055
356.053
356.057
356.055
356.053
356.057
356.055
356.053
356.057
356.055
356.053
356.057
356.055
356.053
356.057
356.055
356.053
356.057
356.055
356.053
356.057
356.055
356.053
356.057
356.055
356.053
356.057
356.055
356.053
356.057
356.055
356.053
356.057
356.055
356.053
356.057
356.055
356.053
356.057
356.055
356.053
356.057
356.055
356.053
356.057
356.055
356.053
356.056
356.055
356.053
356.056
356.055
356.053
356.057
356.055
356.053
356.057
356.055
356.054
356.057
356.055
356.054
356.057
356.055
356.053
356.057
356.055
356.054
356.057
356.055
356.053
356.057
356.055
356.053
356.057
356.055
356.053
356.057
356.055
356.053
356.057
356.055
356.053
356.057
356.055
356.053
356.057
356.055
356.054
356.056
356.055
356.053
356.056
356.055
356.053
356.056
356.054
356.053
356.056
356.055
356.053
356.056
356.055
356.053
356.056
356.055
356.053
356.056
356.055
356.053
356.056
356.055
356.053
356.057
356.055
356.054
356.057
356.055
356.053
356.057
356.055
356.053
356.057
356.055
356.053
356.056
356.055
356.053
356.057
356.055
356.053
356.057
356.055
356.053
356.057
356.055
356.053
356.057
356.055
356.053
356.057
356.055
356.054
356.057
356.055
356.054
356.057
356.055
356.053
356.057
356.055
356.053
356.057
356.055
356.054
356.057
356.055
356.054
356.057
356.055
356.054
356.057
356.055
356.053
356.057
356.055
356.054
356.057
356.055
356.053
356.057
356.055
356.054
356.057
356.055
356.053
356.057
356.055
356.053
356.057
356.055
356.053
356.057
356.055
356.053
356.057
356.055
356.053
356.057
356.055
356.054
356.057
356.055
356.053
356.057
356.055
356.053
356.056
356.055
356.053
356.056
356.055
356.053
356.057
356.055
356.053
356.057
356.055
356.053
356.057
356.055
356.053
356.057
356.055
356.053
356.056
356.055
356.053
356.056
356.055
356.053
356.057
356.055
356.053
356.057
356.055
356.053
356.057
356.055
356.053
356.057
356.055
356.053
356.057
356.055
356.053
356.057
356.055
356.053
356.057
356.055
356.053
356.057
356.055
356.053
356.057
356.055
356.053
356.056
356.055
356.053
356.057
356.055
356.053
356.056
356.055
356.053
356.057
356.055
356.054
356.057
356.055
356.054
356.057
356.055
356.054
356.057
356.055
356.054
356.057
356.055
356.054
356.057
356.055
356.054
356.057
356.055
356.054
356.057
356.055
356.054
356.057
356.055
356.053
356.057
356.055
356.053
356.057
356.055
356.053
356.057
356.055
356.053
356.057
356.055
356.054
356.057
356.055
356.053
356.057
356.055
356.053
356.057
356.055
356.053
356.057
356.055
356.054
356.057
356.055
356.053
356.057
356.055
356.053
356.057
356.055
356.053
356.057
356.055
356.054
356.057
356.055
356.053
356.057
356.055
356.053
356.057
356.055
356.053
356.057
356.055
356.053
356.057
356.055
356.054
356.057
356.055
356.053
356.057
356.055
356.053
356.057
356.055
356.053
356.057
356.055
356.053
356.057
356.055
356.053
356.057
356.055
356.053
356.057
356.055
356.054
356.057
356.055
356.053
356.057
356.055
356.053
356.057
356.055
356.053
356.057
356.055
356.053
356.057
356.055
356.053
356.057
356.055
356.053
356.057
356.055
356.053
356.057
356.055
356.053
356.057
356.055
356.053
356.057
356.055
356.054
356.057
356.055
356.053
356.057
356.055
356.053
356.057
356.055
356.053
356.057
356.055
356.053
356.057
356.055
356.053
356.056
356.055
356.053
356.057
356.055
356.053
356.057
356.055
356.053
356.057
356.055
356.054
356.057
356.055
356.054
356.057
356.055
356.054
356.057
356.055
356.054
356.056
356.054
356.053
356.056
356.055
356.053
356.057
356.055
356.054
356.057
356.055
356.054
356.057
356.055
356.054
356.056
356.054
356.053
356.057
356.055
356.053
356.056
356.055
356.053
356.057
356.055
356.054
356.057
356.055
356.054
356.057
356.055
356.053
356.057
356.055
356.053
356.056
356.055
356.053
356.057
356.055
356.053
356.057
356.055
356.054
356.057
356.055
356.053
356.057
356.055
356.053
356.057
356.055
356.054
356.057
356.055
356.054
356.056
356.055
356.053
356.057
356.055
356.054
356.057
356.055
356.053
356.057
356.055
356.054
356.057
356.055
356.054
356.057
356.056
356.054
356.057
356.055
356.054
356.057
356.055
356.053
356.057
356.055
356.053
356.057
356.055
356.053
356.056
356.055
356.053
356.057
356.055
356.054
356.057
356.055
356.054
356.057
356.055
356.053
356.057
356.055
356.054
356.057
356.055
356.053
356.057
356.055
356.054
356.057
356.055
356.053
356.057
356.055
356.054
356.057
356.055
356.054
356.057
356.055
356.053
356.057
356.055
356.054
356.057
356.055
356.053
356.057
356.055
356.054
356.057
356.055
356.053
356.057
356.055
356.054
356.057
356.055
356.054
356.057
356.055
356.054
356.057
356.055
356.054
356.057
356.055
356.053
356.057
356.055
356.054
356.057
356.055
356.054
356.057
356.055
356.054
356.057
356.055
356.054
356.057
356.055
356.053
356.057
356.055
356.054
356.057
356.055
356.054
356.057
356.055
356.053
356.057
356.055
356.054
356.057
356.055
356.054
356.057
356.055
356.053
356.057
356.055
356.053
356.057
356.055
356.053
356.057
356.055
356.053
356.057
356.055
356.054
356.057
356.055
356.053
356.057
356.055
356.053
356.057
356.055
356.054
356.057
356.055
356.054
356.057
356.055
356.053
356.057
356.055
356.053
356.057
356.055
356.053
356.057
356.055
356.053
356.057
356.055
356.054
356.057
356.055
356.053
356.056
356.055
356.053
356.056
356.055
356.053
356.057
356.055
356.054
356.057
356.055
356.053
356.057
356.055
356.054
356.056
356.054
356.053
356.056
356.055
356.053
356.057
356.055
356.054
356.057
356.055
356.053
356.057
356.055
356.054
356.057
356.055
356.054
356.057
356.055
356.053
356.056
356.055
356.053
356.056
356.055
356.053
356.057
356.055
356.054
356.057
356.055
356.053
356.057
356.055
356.053
356.057
356.055
356.053
356.057
356.055
356.053
356.057
356.055
356.054
356.057
356.055
356.053
356.057
356.055
356.054
356.057
356.055
356.053
356.057
356.055
356.053
356.056
356.055
356.053
356.056
356.055
356.053
356.056
356.055
356.053
356.056
356.055
356.053
356.057
356.055
356.054
356.057
356.055
356.054
356.057
356.055
356.054
356.056
356.055
356.053
356.056
356.055
356.053
356.057
356.056
356.055
356.057
356.056
356.054
356.057
356.055
356.054
356.057
356.055
356.054
356.056
356.055
356.053
356.056
356.055
356.053
356.057
356.056
356.054
356.057
356.056
356.055
356.057
356.056
356.054
356.057
356.056
356.054
356.057
356.056
356.054
356.057
356.056
356.054
356.056
356.055
356.053
356.057
356.055
356.054
356.057
356.055
356.054
356.057
356.055
356.054
356.057
356.055
356.054
356.057
356.055
356.054
356.057
356.055
356.053
356.057
356.055
356.053
356.057
356.055
356.053
356.057
356.055
356.053
356.057
356.055
356.054
356.057
356.055
356.053
356.057
356.055
356.053
356.057
356.055
356.054
356.057
356.055
356.053
356.057
356.055
356.053
356.056
356.055
356.053
356.057
356.055
356.054
356.057
356.055
356.053
356.056
356.055
356.053
356.057
356.055
356.053
356.057
356.055
356.054
356.057
356.055
356.054
356.057
356.055
356.053
356.057
356.055
356.054
356.057
356.055
356.054
356.056
356.055
356.053
356.056
356.055
356.053
356.056
356.055
356.053
356.057
356.055
356.054
356.057
356.056
356.054
356.057
356.055
356.054
356.057
356.055
356.054
356.057
356.056
356.055
356.057
356.055
356.054
356.056
356.055
356.053
356.057
356.056
356.055
356.057
356.056
356.054
356.057
356.056
356.054
356.057
356.055
356.054
356.057
356.056
356.054
356.057
356.056
356.054
356.057
356.056
356.054
356.057
356.055
356.053
356.057
356.055
356.053
356.057
356.055
356.054
356.057
356.055
356.054
356.057
356.055
356.054
356.057
356.055
356.054
356.057
356.055
356.054
356.057
356.055
356.053
356.057
356.055
356.053
356.057
356.055
356.054
356.057
356.055
356.053
356.057
356.055
356.054
356.057
356.055
356.053
356.057
356.055
356.053
356.057
356.055
356.053
356.057
356.055
356.053
356.057
356.055
356.053
356.057
356.055
356.054
356.057
356.055
356.053
356.057
356.055
356.053
356.056
356.055
356.053
356.057
356.055
356.053
356.057
356.055
356.054
356.057
356.055
356.053
356.057
356.055
356.054
356.057
356.055
356.053
356.057
356.055
356.053
356.057
356.055
356.054
356.057
356.055
356.054
356.057
356.055
356.053
356.057
356.055
356.053
356.057
356.055
356.054
356.057
356.055
356.054
356.057
356.055
356.054
356.057
356.055
356.053
356.057
356.055
356.053
356.057
356.055
356.054
356.057
356.056
356.054
356.057
356.055
356.054
356.057
356.056
356.055
356.057
356.055
356.053
356.057
356.055
356.053
356.057
356.055
356.054
356.057
356.055
356.053
356.057
356.055
356.053
356.057
356.055
356.054
356.057
356.055
356.053
356.057
356.055
356.053
356.057
356.055
356.054
356.057
356.055
356.054
356.057
356.055
356.054
356.057
356.055
356.053
356.057
356.055
356.054
356.057
356.055
356.053
356.057
356.055
356.053
356.057
356.055
356.054
356.057
356.055
356.053
356.057
356.055
356.053
356.057
356.055
356.054
356.057
356.055
356.053
356.057
356.055
356.053
356.057
356.055
356.054
356.057
356.055
356.054
356.057
356.055
356.054
356.057
356.055
356.054
356.057
356.055
356.054
356.057
356.055
356.054
356.057
356.055
356.054
356.057
356.055
356.054
356.057
356.055
356.054
356.057
356.055
356.054
356.057
356.055
356.054
356.057
356.055
356.054
356.057
356.056
356.055
356.057
356.055
356.054
356.057
356.055
356.053
356.057
356.055
356.053
356.057
356.055
356.053
356.057
356.055
356.054
356.057
356.055
356.053
356.057
356.055
356.054
356.057
356.055
356.054
356.057
356.055
356.054
356.057
356.055
356.054
356.057
356.055
356.054
356.057
356.055
356.054
356.057
356.055
356.054
356.057
356.056
356.055
356.057
356.055
356.054
356.057
356.055
356.054
356.057
356.056
356.055
356.057
356.055
356.054
356.057
356.055
356.053
356.057
356.055
356.054
356.057
356.055
356.054
356.057
356.055
356.054
356.057
356.055
356.054
356.057
356.055
356.054
356.057
356.055
356.053
356.057
356.055
356.053
356.057
356.055
356.053
356.057
356.055
356.053
356.057
356.055
356.054
356.057
356.055
356.053
356.056
356.055
356.053
356.057
356.055
356.054
356.057
356.055
356.054
356.057
356.055
356.054
356.057
356.055
356.054
356.057
356.055
356.054
356.057
356.055
356.054
356.057
356.055
356.054
356.057
356.055
356.053
356.057
356.055
356.053
356.057
356.055
356.054
356.057
356.055
356.053
356.057
356.055
356.053
356.057
356.055
356.053
356.056
356.055
356.053
356.056
356.055
356.053
356.056
356.055
356.053
356.056
356.055
356.053
356.056
356.055
356.053
356.056
356.055
356.053
356.056
356.055
356.053
356.056
356.055
356.053
356.056
356.055
356.053
356.056
356.055
356.053
356.056
356.055
356.053
356.057
356.055
356.054
356.057
356.055
356.054
356.057
356.056
356.054
356.057
356.055
356.054
356.057
356.055
356.053
356.057
356.055
356.054
356.057
356.055
356.054
356.057
356.055
356.054
356.057
356.055
356.054
356.057
356.055
356.054
356.057
356.055
356.054
356.057
356.055
356.054
356.057
356.055
356.054
356.057
356.055
356.054
356.057
356.055
356.054
356.057
356.055
356.054
356.056
356.055
356.053
356.056
356.055
356.053
356.057
356.055
356.054
356.056
356.055
356.053
356.057
356.055
356.054
356.056
356.055
356.053
356.057
356.055
356.054
356.057
356.056
356.055
356.057
356.055
356.054
356.057
356.055
356.054
356.057
356.055
356.053
356.057
356.055
356.054
356.057
356.055
356.054
356.057
356.055
356.053
356.057
356.055
356.053
356.057
356.055
356.053
356.056
356.055
356.053
356.057
356.055
356.053
356.057
356.055
356.053
356.056
356.055
356.053
356.057
356.055
356.054
356.057
356.055
356.054
356.057
356.055
356.054
356.057
356.055
356.054
356.057
356.055
356.054
356.056
356.055
356.053
356.057
356.055
356.054
356.057
356.055
356.054
356.057
356.055
356.054
356.057
356.055
356.053
356.057
356.055
356.053
356.057
356.055
356.053
356.057
356.055
356.053
356.057
356.055
356.053
356.057
356.055
356.053
356.057
356.055
356.053
356.057
356.055
356.053
356.057
356.055
356.053
356.057
356.055
356.053
356.057
356.055
356.053
356.057
356.055
356.054
356.057
356.055
356.054
356.057
356.055
356.054
356.057
356.055
356.054
356.057
356.056
356.054
356.057
356.055
356.054
356.057
356.056
356.055
356.057
356.055
356.053
356.057
356.055
356.053
356.057
356.055
356.053
356.057
356.055
356.053
356.057
356.055
356.053
356.057
356.055
356.053
356.057
356.055
356.053
356.057
356.055
356.053
356.057
356.055
356.053
356.057
356.055
356.054
356.057
356.055
356.053
356.057
356.055
356.053
356.057
356.055
356.053
356.057
356.055
356.053
356.057
356.055
356.053
356.057
356.055
356.053
356.057
356.055
356.053
356.057
356.055
356.053
356.057
356.055
356.053
356.057
356.055
356.054
356.057
356.055
356.053
356.057
356.055
356.053
356.057
356.055
356.053
356.057
356.055
356.054
356.057
356.055
356.053
356.057
356.055
356.053
356.057
356.055
356.053
356.057
356.055
356.053
356.057
356.055
356.053
356.056
356.055
356.053
356.057
356.055
356.053
356.057
356.055
356.054
356.057
356.055
356.053
356.056
356.055
356.053
356.057
356.055
356.054
356.056
356.055
356.053
356.056
356.054
356.052
356.056
356.054
356.053
356.056
356.055
356.053
356.056
356.055
356.053
356.056
356.055
356.053
356.057
356.055
356.053
356.057
356.055
356.054
356.057
356.055
356.054
356.057
356.055
356.053
356.057
356.055
356.054
356.057
356.055
356.054
356.057
356.055
356.054
356.057
356.055
356.054
356.057
356.055
356.054
356.057
356.055
356.054
356.057
356.055
356.053
356.057
356.055
356.053
356.057
356.055
356.054
356.057
356.055
356.054
356.056
356.055
356.053
356.057
356.055
356.053
356.056
356.055
356.053
356.056
356.055
356.053
356.056
356.055
356.053
356.056
356.055
356.053
356.057
356.055
356.053
356.057
356.055
356.054
356.057
356.055
356.054
356.057
356.055
356.054
356.057
356.055
356.054
356.057
356.055
356.054
356.057
356.055
356.054
356.057
356.055
356.054
356.057
356.055
356.054
356.057
356.055
356.053
356.057
356.055
356.053
356.057
356.055
356.054
356.057
356.055
356.053
356.056
356.055
356.053
356.057
356.055
356.053
356.057
356.055
356.053
356.057
356.055
356.054
356.057
356.055
356.054
356.057
356.055
356.053
356.057
356.055
356.054
356.057
356.055
356.053
356.057
356.055
356.053
356.057
356.055
356.054
356.057
356.055
356.054
356.057
356.055
356.054
356.057
356.055
356.054
356.057
356.055
356.053
356.057
356.055
356.054
356.057
356.055
356.054
356.057
356.055
356.054
356.057
356.055
356.053
356.057
356.055
356.054
356.057
356.055
356.054
356.057
356.055
356.054
356.057
356.055
356.054
356.057
356.055
356.054
356.057
356.055
356.053
356.057
356.055
356.053
356.057
356.055
356.053
356.057
356.055
356.053
356.057
356.055
356.054
356.057
356.055
356.053
356.057
356.055
356.054
356.057
356.055
356.054
356.057
356.055
356.053
356.057
356.055
356.054
356.057
356.055
356.053
356.057
356.055
356.053
356.057
356.055
356.053
356.056
356.055
356.053
356.056
356.055
356.053
356.057
356.055
356.054
356.057
356.055
356.053
356.056
356.055
356.053
356.056
356.055
356.053
356.056
356.055
356.053
356.056
356.055
356.053
356.057
356.055
356.053
356.057
356.055
356.054
356.057
356.055
356.054
356.057
356.055
356.053
356.057
356.055
356.054
356.057
356.055
356.054
356.057
356.055
356.053
356.057
356.055
356.054
356.057
356.055
356.054
356.057
356.055
356.054
356.057
356.055
356.054
356.057
356.055
356.054
356.057
356.055
356.054
356.056
356.055
356.054
356.056
356.055
356.053
356.056
356.055
356.053
356.056
356.055
356.053
356.056
356.055
356.053
356.056
356.055
356.053
356.056
356.055
356.053
356.057
356.056
356.054
356.057
356.056
356.054
356.057
356.056
356.055
356.057
356.055
356.054
356.057
356.056
356.054
356.057
356.056
356.055
356.057
356.055
356.054
356.056
356.054
356.053
356.056
356.055
356.053
356.056
356.054
356.053
356.056
356.055
356.053
356.056
356.055
356.053
356.057
356.056
356.054
356.057
356.056
356.054
356.057
356.056
356.054
356.057
356.056
356.055
356.057
356.056
356.054
356.057
356.056
356.055
356.057
356.056
356.055
356.056
356.055
356.053
356.056
356.055
356.053
356.056
356.055
356.053
356.056
356.055
356.053
356.057
356.055
356.054
356.057
356.055
356.054
356.057
356.055
356.053
356.057
356.055
356.054
356.057
356.055
356.054
356.057
356.055
356.054
356.057
356.055
356.054
356.057
356.055
356.054
356.057
356.055
356.054
356.056
356.055
356.053
356.057
356.055
356.054
356.057
356.055
356.053
356.057
356.055
356.053
356.057
356.055
356.054
356.057
356.055
356.054
356.057
356.055
356.054
356.057
356.055
356.054
356.057
356.055
356.053
356.057
356.055
356.054
356.057
356.055
356.053
356.057
356.055
356.053
356.057
356.055
356.053
356.057
356.055
356.054
356.057
356.055
356.054
356.057
356.055
356.053
356.057
356.055
356.053
356.057
356.055
356.054
356.057
356.055
356.054
356.057
356.055
356.054
356.057
356.055
356.053
356.056
356.055
356.053
356.056
356.055
356.053
356.057
356.055
356.054
356.057
356.055
356.054
356.057
356.055
356.054
356.057
356.055
356.053
356.057
356.055
356.053
356.057
356.055
356.054
356.057
356.055
356.053
356.057
356.055
356.054
356.057
356.055
356.054
356.057
356.055
356.054
356.057
356.055
356.053
356.057
356.055
356.053
356.057
356.055
356.054
356.057
356.055
356.054
356.057
356.055
356.054
356.056
356.055
356.053
356.056
356.055
356.053
356.056
356.055
356.053
356.057
356.055
356.053
356.056
356.055
356.053
356.057
356.055
356.054
356.056
356.055
356.053
356.057
356.056
356.054
356.057
356.055
356.054
356.057
356.055
356.054
356.057
356.055
356.054
356.057
356.056
356.054
356.057
356.056
356.054
356.057
356.056
356.055
356.056
356.055
356.053
356.056
356.055
356.053
356.056
356.055
356.053
356.056
356.055
356.053
356.057
356.056
356.054
356.057
356.056
356.055
356.057
356.056
356.055
356.057
356.056
356.054
356.057
356.056
356.055
356.057
356.056
356.054
356.057
356.056
356.054
356.057
356.056
356.055
356.056
356.055
356.053
356.056
356.055
356.053
356.056
356.055
356.053
356.056
356.055
356.053
356.057
356.055
356.054
356.057
356.055
356.054
356.057
356.055
356.054
356.057
356.056
356.054
356.057
356.055
356.054
356.057
356.055
356.054
356.057
356.055
356.054
356.057
356.055
356.053
356.057
356.055
356.053
356.057
356.055
356.053
356.057
356.055
356.054
356.057
356.055
356.054
356.057
356.055
356.053
356.057
356.055
356.053
356.057
356.055
356.053
356.057
356.055
356.053
356.057
356.055
356.053
356.057
356.055
356.053
356.057
356.055
356.054
356.057
356.055
356.054
356.057
356.055
356.053
356.057
356.055
356.054
356.057
356.055
356.053
356.057
356.055
356.054
356.057
356.055
356.054
356.057
356.055
356.053
356.057
356.055
356.054
356.057
356.055
356.054
356.057
356.055
356.054
356.057
356.055
356.053
356.057
356.055
356.053
356.057
356.055
356.053
356.057
356.055
356.054
356.057
356.055
356.054
356.056
356.055
356.053
356.056
356.055
356.053
356.057
356.055
356.053
356.057
356.055
356.053
356.057
356.055
356.054
356.057
356.055
356.054
356.057
356.055
356.053
356.057
356.055
356.054
356.057
356.055
356.054
356.057
356.055
356.054
356.057
356.055
356.054
356.057
356.055
356.054
356.056
356.055
356.053
356.057
356.055
356.053
356.057
356.055
356.054
356.057
356.055
356.053
356.057
356.055
356.053
356.057
356.056
356.055
356.057
356.055
356.054
356.057
356.055
356.054
356.057
356.055
356.054
356.057
356.055
356.054
356.057
356.055
356.054
356.057
356.055
356.054
356.057
356.055
356.053
356.057
356.055
356.053
356.057
356.055
356.053
356.057
356.055
356.054
356.057
356.055
356.054
356.057
356.055
356.054
356.057
356.055
356.054
356.057
356.055
356.053
356.057
356.055
356.053
356.057
356.055
356.054
356.057
356.055
356.053
356.057
356.055
356.053
356.057
356.055
356.053
356.057
356.055
356.054
356.057
356.055
356.053
356.057
356.055
356.054
)
;

boundaryField
{
    sphere_to_oil
    {
        type            compressible::turbulentTemperatureCoupledBaffleMixed;
        refValue        nonuniform List<scalar> 
1536
(
351.298
352.55
352.584
354.829
354.882
352.605
353.612
353.193
353.341
354.632
355.536
354.462
353.362
354.417
355.823
353.744
352.605
352.525
353.81
353.428
352.904
353.32
353.235
353.758
353.638
353.698
353.64
353.909
352.683
353.283
352.309
352.54
352.499
353.73
353.657
353.897
353.781
354.145
353.918
353.646
353.967
353.788
353.384
353.132
352.828
353.661
352.941
353.263
355.728
353.706
353.02
353.324
353.286
353.758
352.723
351.872
353.247
353.425
352.926
353.038
353.416
353.375
353.442
353.791
353.671
353.47
353.431
352.993
353.001
352.726
353.797
354.886
354.488
353.695
353.7
351.788
352.482
354.137
353.742
352.57
352.887
353.074
354.819
354.85
352.689
351.545
355.136
353.536
353.037
353.043
353.347
353.856
353.877
353.82
353.702
353.142
352.92
352.833
352.389
353.071
352.879
353.815
351.283
353.011
354.542
353.724
353.622
354.742
354.755
351.255
352.494
353.201
353.385
353.234
354.995
354.876
355.237
352.102
351.419
352.427
353.287
353.233
353.932
352.934
352.322
353.142
353.294
354.013
352.858
352.927
353.466
352.977
352.738
353.607
353.531
352.662
353.226
352.561
353.99
352.591
353.329
352.942
352.929
353.366
353.509
353.394
353.114
352.188
353.544
351.23
352.774
352.625
353.247
353.179
353.691
353.151
352.665
352.978
351.035
352.431
352.497
352.136
354.321
354.124
353.839
353.858
352.733
352.226
352.383
351.889
353.916
353.839
354.127
352.92
353.306
353.187
351.653
354.27
354.558
351.542
353.882
354.105
354.154
354.037
353.068
351.545
352.423
353.973
354.367
352.545
354.288
352.759
352.753
352.2
354.477
356.085
352.249
352.075
353.65
353.706
353.321
353.596
352.529
352.265
352.808
353.071
353.835
352.172
352.384
353.22
354.013
353.671
353.722
353.588
352.9
351.84
354.381
354.438
354.399
356.249
352.614
352.911
353.082
353.333
353.282
352.176
352.77
353.702
352.61
354.624
353.894
356.029
353.368
352.706
352.244
352.377
352.604
352.864
352.429
354.488
354.31
354.173
352.043
354.079
356.048
355.191
352.898
353.443
351.647
351.116
353.213
354.854
356.217
353.042
352.445
353.816
353.779
355.049
353.863
352.178
351.504
353.449
353.784
351.929
352.423
353.681
354.527
353.542
351.799
352.094
352.861
352.75
352.295
354.156
353.729
352.231
352.752
352.6
353.386
352.61
351.875
352.825
352.926
352.001
353.811
353.824
353.721
353.916
353.845
352.184
351.756
354.49
353.567
353.634
353.589
353.977
353.284
353.401
354.105
355.033
353.876
354.448
353.982
351.543
351.971
351.998
351.249
354.232
354.143
353.345
351.221
351.551
353.894
353.379
353.958
352.776
353.76
352.933
352.829
352.485
352.713
353.661
352.674
353.889
352.289
352.129
352.562
352.666
354.068
351.726
351.796
352.822
354.504
353.824
353.609
352.825
352.946
352.757
354.109
352.309
352.317
352.468
352.005
352.982
353.14
353.43
354.313
353.139
352.804
354.323
354.411
354.192
351.368
352.342
352.008
352.955
353.164
352.226
354.382
351.64
352.483
353.134
353.163
354.462
352.508
352.368
354.024
353.13
353.457
353.78
352.775
352.33
353.385
353.692
354.225
351.835
352.279
354.423
352.216
352.395
352.616
351.837
353.15
352.71
354.663
354.465
352.837
351.284
352.562
351.671
352.977
353.618
352.397
354.203
353.967
352.951
352.353
352.757
352.939
354.152
354.14
352.227
352.335
352.276
353.183
353.86
352.909
352.662
352.363
353.11
353.538
354.07
353.218
354.263
354.739
353.827
354.057
353.196
354.622
353.602
351.745
353.631
353.646
352.37
352.381
352.795
353.452
354.336
352.574
351.988
352.859
353.1
352.52
353.376
353.242
352.977
354.831
352.896
352.312
352.023
352.414
352.697
352.742
353.097
353.511
354.201
353.298
354.065
354.458
353.953
354.745
351.506
351.678
352.117
351.368
354.254
351.485
354.118
353.874
352.611
354.345
354.157
353.587
353.623
351.636
351.988
352.972
352.887
351.858
352.221
353.11
352.673
353.993
352.349
354.505
352.039
354.842
352.74
352.584
352.418
353.668
354.209
353.475
352.378
353.417
354.593
352.366
352.262
352.147
351.145
353.146
351.887
354.244
354.088
355.674
355.188
353.11
353.588
353.75
353.952
351.395
354.168
354.376
354.548
353.604
354.644
351.057
354.009
353.917
353.294
355.505
355.071
353.818
353.85
353.381
353.695
352.27
352.421
352.736
353.122
354.71
353.758
352.476
354.204
354.019
352.568
351.817
354.002
355.684
354.312
355.54
353.316
353.664
353.914
354.515
355.513
352.778
352.6
352.936
353.343
351.791
352.736
352.816
353.163
354.077
353.712
352.277
352.737
353.552
355.232
353.075
352.548
351.719
353.034
353.845
351.697
353.31
351.868
354.005
353.656
354.166
353.631
353.05
351.806
354.275
353.92
354.084
353.609
351.004
354.52
353.73
354.393
353.299
353.056
352.27
351.781
354.722
354.497
351.806
351.67
354.949
351.904
352.209
352.567
352.262
352.823
353.222
353.149
351.851
353.118
352.795
353.223
352.358
353.031
353.315
353.401
354.312
352.566
353.361
352.381
352.706
352.682
352.742
353.11
354.466
352.244
352.257
352.783
353.328
353.004
351.296
354.67
354.026
354.265
353.103
354.002
351.279
353.629
353.504
353.27
355.646
355.446
353.78
353.804
353.147
354.165
353.941
353.074
353.924
351.768
354.337
351.352
353.676
353.136
356.043
355.493
355.692
353.913
352.563
353.738
353.909
355.524
353.195
352.515
353.17
350.746
354.004
352.273
352.841
352.513
352.173
352.233
352.535
353.293
353.541
353.304
352.516
353.453
352.919
353.056
352.946
352.411
352.737
352.575
354.341
354.059
356.117
355.034
354.771
356.828
353.824
353.693
353.449
353.32
354.742
354.289
353.556
352.088
352.242
353.58
354.563
353.368
352.452
352.816
353.252
354.651
354.004
352.764
353.012
353.275
353.784
352.648
352.633
351.838
352.611
353.088
353.693
353.96
354.332
353.871
353.448
351.211
353.108
351.558
354.024
351.12
353.82
353.405
354.247
354.128
353.681
354.366
353.475
354.631
353.764
352.305
353.605
354.437
351.76
352.69
352.896
353.362
351.918
350.549
355.011
352.72
352.988
352.8
354.373
353.338
353.965
352.964
352.625
352.207
354.091
352.774
353.174
352.629
352.708
352.823
353.58
353.434
353.751
354.581
354.714
354.181
351.938
353.759
354.384
353.724
352.268
353.488
351.955
352.433
352.866
353.092
352.894
351.687
354.179
352.738
352.208
352.066
353.118
353.974
353.522
352.892
352.031
354.266
353.419
353.158
352.296
352.877
352.916
351.909
354.243
353.923
354.08
351.685
352.225
353.138
352.309
353.908
353.768
352.313
352.931
351.825
354.122
352.502
352.357
353.053
352.954
352.575
354.104
354.782
353.231
352.921
351.666
353.387
353.847
353.303
352.874
352.524
353.087
353.948
353.376
352.362
354.257
353.939
353.372
353.781
352.987
353.097
352.093
352.81
352.417
353.733
353.296
352.989
353.334
353.522
353.697
353.711
354.217
352.665
353.021
353.016
352.862
354.497
353.625
351.734
351.699
353.945
352.282
352.881
352.668
353.733
352.055
352.133
354.147
353.488
353.645
353.697
354.543
354.284
353.644
352.17
351.326
353.842
352.587
352.67
352.903
353.45
352.98
352.105
353.043
354.109
353.616
353.725
353.678
352.8
352.691
352.66
352.596
352.612
353.94
352.53
353.587
352.739
355.513
352.859
351.97
353.526
355.013
353.269
353.438
351.547
354.06
352.528
353.317
354.802
351.786
354.441
353.416
353.212
354.512
352.282
352.963
353.454
353.159
352.972
353.415
351.472
354.413
353.668
355.831
353.602
353.516
353.171
352.293
350.462
354.62
353.658
350.864
354.433
352.625
353.975
352.672
355.115
354.057
350.906
354.881
351.217
354.681
351.617
354.788
354.075
355.701
354.414
351.081
355.378
353.346
354.888
351.926
351.064
355.313
353.532
353.811
354.106
354.144
353.634
353.198
353.206
352.702
353.3
351.874
350.76
355.34
353.232
352.851
353.199
353.054
353.364
353.529
353.368
352.457
353.341
352.43
353.686
353.027
351.972
353.534
352.748
352.255
353.69
353.027
353.312
352.718
353.41
353.128
353.503
352.316
353.609
352.907
354.696
351.829
355.255
352.94
352.376
351.751
354.03
353.077
353.294
353.075
353.182
353.345
352.478
354.173
356.125
353.552
354.999
352.227
354.009
353.234
352.677
355.973
352.091
354.23
355.578
354.101
352.613
352.69
353.187
355.356
353.212
353.034
353.854
354
352.187
352.358
353.757
353.15
352.18
355.327
352.497
354.026
352.747
355.212
351.352
351.403
352.351
353.213
353.532
352.665
353.58
355.374
354.263
352.574
353.97
352.853
355.023
352.26
352.765
356.566
353.206
352.964
355.892
352.048
354.727
352.205
351.81
352.509
355.542
353.136
353.478
353.191
353.112
352.835
355.308
353.714
353.939
353.933
352.297
353.255
352.964
352.686
352.751
353.495
353.092
353.436
352.917
352.146
353.758
353.547
353.821
353.131
352.39
353.773
353.576
353.673
353.238
353.947
353.859
353.587
353.504
353.114
353.63
351.824
352.484
354.924
354.895
352.031
356.824
352.544
353.042
353.954
353.502
351.995
355.974
352.217
352.959
355.45
353.66
353.862
353.255
356.089
352.014
352.934
355.939
352.103
352.099
355.158
351.739
352.364
355.128
353.831
353.944
355.947
353.207
353.082
354.253
354.026
354.133
356.478
354.051
356.045
356.62
352.309
353.82
351.074
353.767
355.322
351.987
353.447
355.722
353.762
353.819
355.748
354.893
352.123
357.177
354.255
354.472
356.825
352.226
352.437
353.216
353.6
353.842
354.244
356.26
353.179
353.578
353.53
353.212
355.578
352.617
353.752
353.345
353.855
353.383
353.121
354.316
355.478
353.64
353.095
353.776
353.605
353.312
354.03
353.555
355.63
353.759
352.978
353.837
353.493
353.997
355.441
351.995
352.044
352.114
351.759
355.17
355.876
353.741
352.571
353.086
352.637
352.462
354.251
354.488
355.834
355.314
354.035
353.329
353.4
353.45
354.484
352.287
352.943
355.104
354.078
354.298
352.484
354.007
356.27
353.36
353.264
352.229
355.672
353.846
353.125
353.688
353.496
352.68
353.357
354.219
351.625
356.653
354.677
353.484
354.02
353.631
351.765
352.907
353.26
354.626
351.962
353.715
353.124
352.463
352.23
352.32
352.238
351.854
351.596
351.893
351.89
353.261
352.412
353.761
353.503
354.521
354.81
356.451
351.718
351.79
352.121
353.552
353.114
353.189
353.983
353.054
352.427
354.183
353.438
352.734
353.838
353.735
353.791
353.567
354.037
353.602
353.697
355.206
353.135
354.165
353.446
355.748
351.742
353.397
353.906
354.079
355.078
353.274
353.875
355.932
354.664
353.422
354.851
354.568
351.539
351.417
353.688
353.676
352.586
351.78
355.961
354.009
354.039
353.624
353.633
353.538
353.369
354.511
355.406
352.037
353.66
354.736
354.532
353.686
353.237
355.057
353.528
353.992
353.761
351.759
354.702
355.364
353.637
353.846
354.043
355.377
352.23
353.707
353.751
353.696
355.917
353.694
353.635
355.32
353.723
354.671
352.934
352.052
353.99
352.407
352.981
353.946
353.904
353.598
355.373
353.018
352.862
353.805
355.674
354.326
353.478
353.397
353.969
355.492
353.924
352.224
352.986
353.902
351.575
354.694
352.494
355.873
354.757
352.402
355.914
352.306
353.925
353.242
353.757
351.462
354.435
353.213
351.748
351.979
354.946
352.049
351.758
356.761
353.539
353.854
355.807
352.888
353.879
353.748
353.744
353.351
353.527
353.802
353.902
355.878
352.882
353.249
353.309
353.128
353.551
353.95
354.311
352.634
356.211
354.069
354.141
356.108
352.366
351.641
353.441
352.126
351.977
353.994
353.983
352.885
352.14
354.04
352.747
354.539
355.8
352.594
354.168
352.227
351.594
351.793
355.673
352.464
353.222
354.228
353.815
353.629
353.869
355.627
352.177
355.551
352.219
353.568
354.538
354.756
353.564
352.696
351.896
353.285
351.208
352.562
352.29
355.961
352.425
352.643
352.227
354.004
354.199
356.222
353.413
351.305
352.124
355.433
354.458
355.571
354.005
353.364
354.567
350.669
353.744
354.45
355.374
353.003
354.174
356.063
353.508
353.894
353.854
353.815
353.798
355.351
354.541
355.791
353.885
352.583
352.926
352.057
352.234
354.067
354.305
355.889
353.931
352.706
351.926
352.566
352.48
354.728
356.133
354.415
356.305
352.597
352.509
354.304
352.32
352.631
352.04
353.079
353.24
353.273
354.066
355.937
354.368
355.684
354.616
353.814
353.97
355.2
355.688
352.762
351.289
351.585
351.793
353.303
352.797
352.844
353.42
353.822
353.416
354.231
353.576
353.565
355.676
352.645
353.665
354.451
355.242
353.916
353.33
353.343
353.966
355.23
351.872
353.013
353.865
351.602
354.187
355.775
352.94
353.573
353.557
353.556
353.933
356.227
353.58
353.589
355.532
351.973
353.708
357.162
353.819
353.38
353.3
353.94
355.633
354.113
354.051
354.809
353.5
355.877
353.446
353.517
354.912
351.656
353.596
355.322
351.417
353.407
353.409
355.262
353.516
355.559
)
;
        refGradient     uniform 0;
        valueFraction   nonuniform List<scalar> 
1536
(
0.000269791
0.000271906
0.000272031
0.000276221
0.000274255
0.000271577
0.000273399
0.000272364
0.00027299
0.000274627
0.000276154
0.000273386
0.000272369
0.000274481
0.000275881
0.000274188
0.000270281
0.000271332
0.000274114
0.00027257
0.000272424
0.000272183
0.000272883
0.000274198
0.000274233
0.000274102
0.000273366
0.00027436
0.000271492
0.000272415
0.000271628
0.000271644
0.000271801
0.000273248
0.000273422
0.000273858
0.000273071
0.000273691
0.000273834
0.000273047
0.000273718
0.000273583
0.000273259
0.000272807
0.000272296
0.000273368
0.000272422
0.000272964
0.000274596
0.000273574
0.000272641
0.000273037
0.000272991
0.000273384
0.000272057
0.000271227
0.000272257
0.000273027
0.000272377
0.00027197
0.000273252
0.000272002
0.000273258
0.000273705
0.000274027
0.000273199
0.000272399
0.000272887
0.000271749
0.000272143
0.000273686
0.000276862
0.000276008
0.000274252
0.000273646
0.000271911
0.00027224
0.000275723
0.00027425
0.000271432
0.000271751
0.000272561
0.000274241
0.000274143
0.000271961
0.000271041
0.000277268
0.000272875
0.000272655
0.000271469
0.000272898
0.000273527
0.000274053
0.000273657
0.000274045
0.000272842
0.000271632
0.000272424
0.000271996
0.000272134
0.000272351
0.000273576
0.000270739
0.000272432
0.000275994
0.000274123
0.000273204
0.0002764
0.000276828
0.000271625
0.000272018
0.000273045
0.000272121
0.000273033
0.000274822
0.000276554
0.000275499
0.000271736
0.000270815
0.000271853
0.000272971
0.000272906
0.000273781
0.000272424
0.000270005
0.000272243
0.000271964
0.000273984
0.000272579
0.000271641
0.00027335
0.000271488
0.000272573
0.000272905
0.000273558
0.000271682
0.000272984
0.000271807
0.000273647
0.000272388
0.000272259
0.000272258
0.00027192
0.000272868
0.000273145
0.000273035
0.000270813
0.000272414
0.000274376
0.000268063
0.00026951
0.000273342
0.000271806
0.000271261
0.000272029
0.000274358
0.000270245
0.000273127
0.000268067
0.000272778
0.000270661
0.000273185
0.000270933
0.000270975
0.000273511
0.000272783
0.000271081
0.000272827
0.00026901
0.000272459
0.000275064
0.000274781
0.000275815
0.000273932
0.000274673
0.000274328
0.000269918
0.000275119
0.000273827
0.000267517
0.000270351
0.000270084
0.000271152
0.000270341
0.000274241
0.000269332
0.000272987
0.000275161
0.000275738
0.000272852
0.000274623
0.000273293
0.00027284
0.000271248
0.00027409
0.00027799
0.000272145
0.000271644
0.000274954
0.000272505
0.000273033
0.00027401
0.000273343
0.000272436
0.000271776
0.000273315
0.000274354
0.000271633
0.000271726
0.000273767
0.000272794
0.000273595
0.000274123
0.000274392
0.000273415
0.000272134
0.000275387
0.000274711
0.000274153
0.000279036
0.000272846
0.000273456
0.000271888
0.000274389
0.000274312
0.000272789
0.000273157
0.000274996
0.000273626
0.000275542
0.000274005
0.000276857
0.0002713
0.000273381
0.000272058
0.000273357
0.00027155
0.00027283
0.000272404
0.000274034
0.000273861
0.000275233
0.000270365
0.000274087
0.000278245
0.00027392
0.000273147
0.000272437
0.000270248
0.000271078
0.000273673
0.000274694
0.000277383
0.000271956
0.000273222
0.000273699
0.000273618
0.000274161
0.000274075
0.000271566
0.000270761
0.000273893
0.000274565
0.000269501
0.000273619
0.000273323
0.000271417
0.000274767
0.0002724
0.000271793
0.000271628
0.000273064
0.000272456
0.000273038
0.000273621
0.000271985
0.000272639
0.000273218
0.000273671
0.000272372
0.00027266
0.000271638
0.000273017
0.000271822
0.000274181
0.000273996
0.000274289
0.000272228
0.000273716
0.000271707
0.000271732
0.000275081
0.000273902
0.000273818
0.00027387
0.000274204
0.000274619
0.000274533
0.000274337
0.000274801
0.000273352
0.000274096
0.000273442
0.000272159
0.000272063
0.000269982
0.000271937
0.000270934
0.000270463
0.00027383
0.000268094
0.000272175
0.000274526
0.000273976
0.000274198
0.000273084
0.00027421
0.000273429
0.000273212
0.000272815
0.000271885
0.000274003
0.000272587
0.00027262
0.000272507
0.000272029
0.000271558
0.000272992
0.000272372
0.000271129
0.000270963
0.000273192
0.000273242
0.000274434
0.000274092
0.000273758
0.000273445
0.000272056
0.000272679
0.000271993
0.000273171
0.000273084
0.000271772
0.000272001
0.000273544
0.000273509
0.000274519
0.000274556
0.000274299
0.000274105
0.000273969
0.000273714
0.000271869
0.00027361
0.000272076
0.000271787
0.000273351
0.000271764
0.000273237
0.000271554
0.000273097
0.000272137
0.000274032
0.000273781
0.000272052
0.000271935
0.00027269
0.000272606
0.000273813
0.00027423
0.000273403
0.000273086
0.0002727
0.000274337
0.000273136
0.000271786
0.000272197
0.000273466
0.000271682
0.00027292
0.000273262
0.000272096
0.000271618
0.000273412
0.000274867
0.000273232
0.000272207
0.000271155
0.000272237
0.000271171
0.000271499
0.000274208
0.000272329
0.000274841
0.000275115
0.000273687
0.000273066
0.000273097
0.000272037
0.000274449
0.000272503
0.00027167
0.000272716
0.000271472
0.000273278
0.000274002
0.000273205
0.00027244
0.000271538
0.000273381
0.000273392
0.000274887
0.000273877
0.000275333
0.000275423
0.000274041
0.000274376
0.000273464
0.000273275
0.000273702
0.00027105
0.000274129
0.000273603
0.000272278
0.000272505
0.000271812
0.000273731
0.000273186
0.000272416
0.000271583
0.000273282
0.000273454
0.000271782
0.000274136
0.000273487
0.00027319
0.000273774
0.000272202
0.000272616
0.000270841
0.000272442
0.000273601
0.000271749
0.000273528
0.000273822
0.000275076
0.000274059
0.000274061
0.000274237
0.000273709
0.000274664
0.000272203
0.000272664
0.000269579
0.000271532
0.00027375
0.000268906
0.000271286
0.000270462
0.000270883
0.000275391
0.000271996
0.000273705
0.00027219
0.000271583
0.000272763
0.000271992
0.000273414
0.000272044
0.000273081
0.000272305
0.000273336
0.00027243
0.000272007
0.000273037
0.000271183
0.000274263
0.000272905
0.000273146
0.000271541
0.000274988
0.000272725
0.000273423
0.000271972
0.000273371
0.000273317
0.000271728
0.000271483
0.000271974
0.000267224
0.000273705
0.000269376
0.000270634
0.000271011
0.000274551
0.000273291
0.000271274
0.000272373
0.00027357
0.000274176
0.000268209
0.000274768
0.000271225
0.000271235
0.000274114
0.000273697
0.000266984
0.000275044
0.00027461
0.000275024
0.00027644
0.000273115
0.000273723
0.000273868
0.000271612
0.000274009
0.000272337
0.000272724
0.000271833
0.00027331
0.000273683
0.00027418
0.000271696
0.000274972
0.000272644
0.00027222
0.000271394
0.000273693
0.000277156
0.000273705
0.000276567
0.000272721
0.000275021
0.000274468
0.000274925
0.000273504
0.000272921
0.000273139
0.000271836
0.000274447
0.000271929
0.000273889
0.000271551
0.000274513
0.000272588
0.000273323
0.000272068
0.000272091
0.000273617
0.000274233
0.000273068
0.00027167
0.000269809
0.000273224
0.000274674
0.000269835
0.000273977
0.000269544
0.000271252
0.000270729
0.000271662
0.000273359
0.000270758
0.000268595
0.000273254
0.000270585
0.000271163
0.000274997
0.000268313
0.000274934
0.000273654
0.000271604
0.000275209
0.000271338
0.000272716
0.000268745
0.000274822
0.000273254
0.000271778
0.000271978
0.000273364
0.000270384
0.000272308
0.000272606
0.000272041
0.000271649
0.000273994
0.00027325
0.000273153
0.000273221
0.000271462
0.000273651
0.000272441
0.000273882
0.000274568
0.000274265
0.000273171
0.000272565
0.000274762
0.000272321
0.000273216
0.000272855
0.000271324
0.000274521
0.000273976
0.000272424
0.000272202
0.000271334
0.000274374
0.000274097
0.000268771
0.000274668
0.000271093
0.000271212
0.00027449
0.000274404
0.000269048
0.000274123
0.000274361
0.000275045
0.000276597
0.000273347
0.00027371
0.00027353
0.00027112
0.000270916
0.000270456
0.000275164
0.000275144
0.000267996
0.000275366
0.000268713
0.000274083
0.000273045
0.000276635
0.000274194
0.000274063
0.000274593
0.00027357
0.000274843
0.000275138
0.000276311
0.000271565
0.000273077
0.000271194
0.000271504
0.000272566
0.00027185
0.000273503
0.000271732
0.000272422
0.000271856
0.000271314
0.000273733
0.000273701
0.000273402
0.000273189
0.000273734
0.000271981
0.000273634
0.000273331
0.000272663
0.000273333
0.00027332
0.000275282
0.000273875
0.000277301
0.000272806
0.000275607
0.000280176
0.000275401
0.000274163
0.000273262
0.000274191
0.000275533
0.000273299
0.000273747
0.000271785
0.000272856
0.000273861
0.000273346
0.000273259
0.000272065
0.000273823
0.000273206
0.000274178
0.000273249
0.000273301
0.000273819
0.000272396
0.000274889
0.000273579
0.000273005
0.000271738
0.000271307
0.000274047
0.000274757
0.000270554
0.000271311
0.000274279
0.000273833
0.000268772
0.00027062
0.000271781
0.000274691
0.000269037
0.000274293
0.000273766
0.000274558
0.000274687
0.000274308
0.000275084
0.000274208
0.000273593
0.000273848
0.000272022
0.000274196
0.000274854
0.000272001
0.000273816
0.00027184
0.000274169
0.000270575
0.000268626
0.000273745
0.000272781
0.000273052
0.000272006
0.000275067
0.000273647
0.00027452
0.000272845
0.000273696
0.000271478
0.000273119
0.000272722
0.000272999
0.000272322
0.000273266
0.00027154
0.00027477
0.000274588
0.000274457
0.000274126
0.000274593
0.000274129
0.000272509
0.000273798
0.000272714
0.000273767
0.000272112
0.000274004
0.000271839
0.000272778
0.000271646
0.000273447
0.000272604
0.000271249
0.000272941
0.000272489
0.000272821
0.000270759
0.000273251
0.000272239
0.000273051
0.000272129
0.000271335
0.000274489
0.000273848
0.000273653
0.000272794
0.000271677
0.000272274
0.000271722
0.000273098
0.000273905
0.000274978
0.000272913
0.000271944
0.000272318
0.000272504
0.000273935
0.000274232
0.000272127
0.000273482
0.000271552
0.000272774
0.000272809
0.000273344
0.000272155
0.00027304
0.000272679
0.000275203
0.000273753
0.000273451
0.000272338
0.000271986
0.000274083
0.000274471
0.000273424
0.000273599
0.000273038
0.000272198
0.000274631
0.00027376
0.000272308
0.000275388
0.000272344
0.000273035
0.000273946
0.000272823
0.000272999
0.000271931
0.000273328
0.00027137
0.000274117
0.000274
0.000273315
0.000273597
0.000273687
0.000274424
0.000274013
0.000274825
0.000272868
0.000273428
0.000272442
0.000273601
0.000272934
0.000273982
0.000270782
0.000270286
0.000274553
0.000272817
0.000273442
0.000271976
0.00027432
0.000271285
0.000271127
0.000272514
0.000273488
0.000274007
0.000274204
0.000274916
0.000272804
0.000273995
0.000271744
0.000271631
0.000274514
0.000272865
0.00027287
0.000271842
0.000273854
0.000273087
0.000271777
0.00027395
0.000272728
0.000273831
0.000274162
0.000274178
0.000272974
0.000273138
0.00027288
0.000271552
0.000271386
0.000273562
0.000271189
0.000273273
0.00027416
0.000274665
0.000273686
0.00027165
0.000273672
0.000274469
0.000273808
0.000274258
0.000270932
0.000275448
0.000272563
0.000274524
0.000274388
0.000271692
0.000275767
0.000273701
0.000272717
0.000273721
0.000271776
0.000271556
0.000274461
0.00027511
0.000272065
0.000272837
0.000270437
0.000276274
0.000273745
0.000276005
0.000273138
0.000272535
0.000272616
0.000271295
0.00027001
0.00027635
0.000274563
0.000270634
0.000275995
0.000272903
0.0002753
0.000272899
0.000277089
0.000274257
0.000270348
0.000274113
0.000269581
0.000273833
0.000271119
0.00027636
0.000274811
0.000278346
0.000274591
0.000270301
0.000275663
0.000273807
0.000274458
0.000271251
0.000269748
0.000275504
0.000273255
0.000270804
0.000271809
0.000271164
0.000272775
0.000272142
0.000271096
0.000271619
0.000271316
0.000270926
0.000269649
0.000275952
0.000272768
0.00027104
0.000272154
0.000272283
0.000273029
0.000274451
0.000272764
0.0002723
0.00027346
0.000271206
0.000273664
0.000274042
0.000271499
0.00027301
0.000271696
0.000271108
0.00027347
0.000274171
0.00027317
0.000272328
0.000273081
0.000274213
0.000273443
0.000271638
0.000273404
0.000272198
0.000274666
0.000271264
0.000274889
0.000272434
0.000272541
0.000270916
0.000275155
0.000273243
0.000272207
0.000271433
0.000275221
0.00027431
0.000271918
0.000274551
0.000276512
0.000272461
0.000275121
0.000271868
0.000274394
0.000273526
0.000272284
0.000276021
0.000270986
0.000275579
0.000275747
0.00027516
0.00027257
0.000270417
0.000274356
0.00027481
0.000273969
0.000273878
0.000274215
0.00027405
0.000271741
0.000272058
0.00027422
0.000271834
0.000271379
0.00027523
0.000271944
0.000275348
0.000272809
0.000275376
0.000270955
0.000271293
0.00027033
0.000274263
0.000275326
0.000273549
0.000274624
0.000274979
0.000274321
0.000272128
0.000274467
0.000272442
0.000274051
0.000271493
0.000273866
0.000276611
0.000274197
0.000273126
0.000276162
0.000271071
0.000274085
0.000271344
0.000272362
0.000273373
0.000273943
0.000273304
0.000273762
0.00027433
0.000274389
0.000273789
0.000274924
0.000274457
0.000273731
0.000274327
0.000271447
0.0002734
0.000272101
0.00027152
0.000272159
0.000273481
0.000272848
0.000272875
0.000271594
0.000271589
0.000273977
0.000273495
0.00027374
0.00027438
0.000271087
0.000273132
0.000273379
0.00027325
0.000273837
0.000273712
0.000273386
0.000273393
0.000273685
0.000272717
0.00027673
0.000269883
0.000272255
0.000272887
0.000275379
0.000273483
0.000278161
0.000270667
0.00027284
0.00027518
0.000274019
0.000272974
0.000277258
0.0002708
0.000273177
0.000273573
0.000274389
0.000274866
0.000274149
0.000277078
0.000270568
0.000273262
0.000274556
0.00027105
0.000272503
0.000273421
0.000269544
0.000272592
0.000273339
0.000274453
0.000274667
0.00027724
0.000273001
0.000273006
0.000277264
0.000274375
0.000275474
0.000278453
0.000273524
0.000275776
0.000278944
0.000271701
0.000270628
0.000269335
0.00027374
0.000273765
0.000269065
0.000273939
0.000274714
0.000274205
0.00027452
0.000275895
0.00027492
0.000273666
0.000278922
0.000274524
0.00027538
0.00027841
0.000270822
0.000271188
0.000273109
0.000273368
0.00027627
0.000273913
0.000277136
0.000273166
0.000273205
0.000273819
0.000273718
0.000275689
0.000273155
0.000273778
0.000273455
0.000273732
0.000273659
0.000273456
0.000275002
0.000275564
0.000274567
0.000272764
0.00027343
0.000274436
0.000273978
0.000274539
0.000274199
0.000276265
0.000275372
0.000273915
0.000273366
0.000274311
0.000274365
0.000275602
0.000271593
0.000272021
0.000270795
0.00027186
0.000273216
0.000275246
0.00027474
0.000272337
0.0002733
0.0002724
0.000272658
0.000274575
0.000274341
0.000278936
0.000276821
0.000274061
0.00027363
0.000273727
0.00027387
0.000275659
0.000271162
0.000273065
0.000273365
0.000271137
0.000275225
0.000272109
0.000273501
0.000277815
0.000274806
0.000271994
0.000271329
0.000274531
0.000274782
0.000273482
0.000273888
0.00027398
0.000273865
0.000273653
0.000273896
0.000272139
0.000275803
0.000275727
0.000274522
0.000273954
0.000274056
0.00027092
0.000273707
0.000273669
0.000275089
0.000272927
0.000274329
0.000273815
0.000272151
0.000272395
0.000271652
0.000272357
0.0002711
0.000270509
0.000270992
0.000270786
0.000273495
0.000270802
0.000273624
0.000273736
0.000277587
0.00027509
0.000278366
0.000270331
0.000271035
0.000271874
0.000274021
0.000273207
0.000273196
0.000274285
0.000273216
0.000273091
0.000274564
0.000273938
0.000273424
0.00027423
0.000274077
0.000273883
0.000273726
0.000274049
0.000273891
0.00027421
0.000275163
0.000273806
0.000274448
0.000274079
0.000274844
0.000271948
0.00027345
0.00027443
0.000274535
0.000275158
0.000273516
0.000274394
0.000276384
0.000275633
0.000273526
0.000275599
0.000274292
0.000271709
0.000271927
0.000274164
0.000273979
0.0002741
0.000270341
0.000276378
0.00027462
0.000274213
0.00027341
0.000273662
0.000273774
0.000273774
0.0002754
0.000274
0.00027189
0.000274123
0.000275492
0.000275414
0.000273637
0.000273818
0.000274913
0.000274398
0.000274699
0.000274211
0.000270375
0.000275851
0.000275418
0.000274846
0.000274444
0.000274983
0.000273974
0.000273767
0.000274474
0.000273562
0.000274117
0.000276158
0.00027391
0.000274085
0.000275489
0.000275461
0.000275667
0.00027365
0.000271878
0.00027443
0.000272697
0.000273083
0.000274638
0.000274103
0.000273979
0.000274251
0.000273483
0.000273872
0.00027436
0.000275794
0.000274677
0.000273577
0.000273773
0.000274763
0.000275501
0.000274497
0.000272491
0.000274085
0.000274705
0.000271333
0.000274337
0.000272975
0.00027667
0.000273834
0.000273264
0.000277266
0.000271232
0.000275554
0.000272806
0.000273787
0.000271899
0.000274731
0.000272567
0.000270189
0.000272223
0.000272548
0.00027154
0.000270707
0.000276755
0.000273936
0.00027379
0.000275237
0.000272813
0.000273853
0.000273852
0.000274052
0.000273589
0.000274025
0.000274087
0.00027496
0.0002761
0.000274209
0.000274791
0.000273767
0.000273041
0.000273842
0.000274411
0.000274843
0.000273892
0.000277067
0.000273709
0.000274903
0.00027754
0.000271352
0.000269644
0.00027315
0.000270403
0.000271711
0.000271212
0.000275213
0.000273259
0.000272731
0.000274267
0.000272148
0.000274572
0.000276429
0.000272999
0.000271627
0.000270659
0.000271286
0.000270162
0.000275079
0.000273093
0.000274318
0.000275248
0.000273923
0.000273997
0.000273953
0.000275815
0.000272947
0.000275392
0.000272303
0.00027389
0.000275743
0.000275558
0.000274495
0.000271972
0.00027253
0.000272414
0.000268709
0.000272844
0.000271519
0.000277233
0.000272338
0.000272635
0.00027273
0.000274689
0.000274273
0.00027752
0.000272701
0.000269531
0.000272246
0.000273078
0.00027535
0.0002785
0.000274221
0.000273184
0.000275067
0.00026926
0.000274211
0.000275107
0.000273908
0.000273634
0.000274841
0.000274914
0.000274058
0.000274428
0.000273974
0.000274395
0.000274406
0.000274808
0.000274297
0.000275867
0.000275128
0.000273995
0.000272596
0.000272357
0.000272242
0.000273901
0.000273484
0.000276867
0.000271236
0.000273484
0.00027042
0.000272553
0.000272085
0.000275057
0.000277764
0.000273841
0.000277999
0.000272207
0.000272749
0.0002748
0.000270665
0.000272884
0.00027001
0.000272775
0.000273561
0.000273725
0.000274239
0.000274333
0.000274197
0.000275166
0.000275094
0.000274478
0.000274973
0.000274954
0.000276154
0.000271647
0.000268523
0.000271638
0.000270996
0.000273515
0.000272822
0.000273188
0.000273929
0.000274313
0.000273756
0.000274717
0.000273799
0.000273981
0.000275415
0.000272269
0.000274433
0.00027536
0.000274924
0.000274618
0.000273259
0.000273492
0.000275155
0.000274982
0.000272824
0.000272908
0.000273991
0.000271177
0.000274311
0.000275799
0.000273691
0.000274493
0.000273609
0.000273872
0.000274529
0.000276108
0.000274676
0.000274052
0.000274986
0.000272982
0.000274551
0.000276742
0.000273802
0.000273141
0.000273423
0.000274322
0.00027588
0.000275184
0.000274913
0.000274485
0.000273422
0.000276162
0.000273717
0.000273954
0.000273647
0.000271177
0.000273991
0.000275896
0.000271826
0.000273739
0.000274067
0.000275206
0.000273883
0.000275311
)
;
        value           nonuniform List<scalar> 
1536
(
356.052
356.053
356.053
356.054
356.054
356.053
356.053
356.053
356.053
356.054
356.055
356.054
356.053
356.054
356.055
356.053
356.053
356.053
356.054
356.053
356.053
356.054
356.054
356.054
356.054
356.054
356.054
356.054
356.053
356.053
356.053
356.053
356.053
356.054
356.054
356.054
356.054
356.054
356.054
356.054
356.054
356.054
356.053
356.053
356.053
356.053
356.053
356.054
356.055
356.053
356.053
356.053
356.053
356.054
356.053
356.052
356.053
356.053
356.053
356.053
356.053
356.053
356.053
356.054
356.053
356.053
356.053
356.053
356.053
356.053
356.054
356.054
356.054
356.053
356.054
356.052
356.053
356.054
356.053
356.053
356.053
356.053
356.054
356.054
356.053
356.052
356.054
356.053
356.053
356.053
356.053
356.054
356.054
356.054
356.054
356.053
356.053
356.053
356.052
356.053
356.053
356.054
356.052
356.053
356.054
356.053
356.054
356.054
356.054
356.052
356.053
356.053
356.054
356.053
356.054
356.054
356.055
356.052
356.052
356.053
356.053
356.053
356.054
356.053
356.053
356.053
356.053
356.054
356.053
356.053
356.054
356.053
356.053
356.053
356.053
356.053
356.053
356.053
356.053
356.053
356.053
356.053
356.053
356.053
356.053
356.053
356.053
356.053
356.054
356.053
356.053
356.053
356.053
356.053
356.053
356.053
356.053
356.053
356.052
356.053
356.053
356.053
356.054
356.054
356.054
356.054
356.053
356.053
356.053
356.053
356.053
356.053
356.054
356.053
356.053
356.053
356.053
356.054
356.054
356.053
356.054
356.054
356.054
356.054
356.054
356.053
356.053
356.054
356.054
356.053
356.054
356.053
356.053
356.052
356.054
356.055
356.053
356.053
356.053
356.053
356.053
356.053
356.053
356.053
356.053
356.053
356.054
356.053
356.053
356.053
356.054
356.053
356.054
356.053
356.053
356.053
356.054
356.054
356.054
356.055
356.052
356.053
356.053
356.053
356.053
356.053
356.054
356.054
356.054
356.055
356.054
356.055
356.053
356.053
356.053
356.053
356.053
356.053
356.053
356.053
356.053
356.054
356.053
356.054
356.055
356.054
356.053
356.053
356.052
356.052
356.053
356.055
356.055
356.053
356.053
356.053
356.053
356.054
356.054
356.053
356.053
356.054
356.054
356.053
356.053
356.054
356.054
356.054
356.052
356.052
356.053
356.053
356.053
356.053
356.053
356.053
356.053
356.053
356.053
356.053
356.053
356.053
356.053
356.053
356.053
356.053
356.053
356.054
356.054
356.053
356.053
356.054
356.054
356.054
356.053
356.054
356.053
356.053
356.053
356.054
356.053
356.054
356.053
356.052
356.052
356.053
356.053
356.054
356.054
356.054
356.052
356.053
356.054
356.053
356.054
356.053
356.054
356.053
356.053
356.053
356.053
356.053
356.053
356.053
356.053
356.052
356.053
356.053
356.053
356.052
356.052
356.053
356.054
356.053
356.053
356.053
356.053
356.053
356.053
356.053
356.053
356.053
356.052
356.053
356.053
356.053
356.053
356.053
356.053
356.053
356.053
356.053
356.052
356.053
356.053
356.053
356.053
356.053
356.054
356.053
356.053
356.053
356.053
356.054
356.053
356.053
356.053
356.053
356.053
356.053
356.053
356.052
356.053
356.053
356.053
356.052
356.053
356.054
356.053
356.053
356.053
356.053
356.053
356.053
356.054
356.054
356.053
356.053
356.053
356.053
356.053
356.054
356.053
356.054
356.054
356.053
356.053
356.053
356.053
356.053
356.053
356.052
356.053
356.052
356.053
356.053
356.053
356.053
356.052
356.053
356.053
356.054
356.054
356.054
356.054
356.054
356.054
356.053
356.054
356.054
356.053
356.054
356.053
356.053
356.053
356.053
356.053
356.054
356.053
356.053
356.053
356.053
356.053
356.053
356.053
356.053
356.054
356.053
356.053
356.053
356.053
356.053
356.053
356.053
356.053
356.054
356.053
356.053
356.054
356.053
356.054
356.052
356.052
356.052
356.052
356.054
356.052
356.054
356.053
356.053
356.054
356.054
356.053
356.053
356.052
356.053
356.053
356.053
356.052
356.053
356.053
356.053
356.054
356.053
356.054
356.053
356.053
356.053
356.053
356.052
356.053
356.053
356.053
356.052
356.053
356.053
356.052
356.052
356.053
356.053
356.054
356.053
356.054
356.054
356.054
356.054
356.053
356.053
356.053
356.053
356.053
356.054
356.054
356.055
356.054
356.055
356.053
356.054
356.053
356.053
356.054
356.054
356.053
356.053
356.053
356.053
356.053
356.053
356.053
356.053
356.054
356.054
356.053
356.054
356.054
356.053
356.053
356.054
356.055
356.054
356.055
356.053
356.053
356.054
356.054
356.054
356.053
356.053
356.053
356.053
356.052
356.053
356.053
356.053
356.053
356.053
356.052
356.053
356.053
356.054
356.053
356.053
356.052
356.053
356.054
356.053
356.054
356.053
356.054
356.054
356.054
356.054
356.053
356.053
356.054
356.054
356.054
356.054
356.052
356.054
356.053
356.054
356.053
356.053
356.053
356.052
356.054
356.054
356.052
356.052
356.054
356.053
356.053
356.053
356.053
356.053
356.053
356.053
356.053
356.053
356.053
356.053
356.053
356.053
356.053
356.053
356.053
356.053
356.053
356.053
356.053
356.053
356.052
356.053
356.053
356.052
356.052
356.052
356.053
356.053
356.053
356.054
356.054
356.054
356.054
356.054
356.053
356.053
356.053
356.053
356.054
356.054
356.053
356.053
356.053
356.054
356.054
356.054
356.054
356.053
356.055
356.053
356.054
356.054
356.055
356.054
356.054
356.053
356.053
356.053
356.053
356.054
356.053
356.053
356.053
356.052
356.054
356.053
356.053
356.053
356.053
356.053
356.053
356.054
356.054
356.054
356.053
356.053
356.053
356.053
356.053
356.053
356.053
356.053
356.054
356.054
356.055
356.054
356.055
356.056
356.053
356.054
356.053
356.053
356.054
356.053
356.053
356.052
356.053
356.053
356.054
356.053
356.053
356.053
356.053
356.054
356.053
356.053
356.053
356.053
356.053
356.053
356.053
356.052
356.053
356.053
356.053
356.054
356.054
356.054
356.054
356.053
356.053
356.053
356.054
356.053
356.054
356.053
356.054
356.054
356.054
356.054
356.053
356.054
356.053
356.053
356.053
356.054
356.053
356.053
356.053
356.053
356.052
356.052
356.054
356.053
356.053
356.053
356.053
356.053
356.053
356.053
356.053
356.053
356.053
356.053
356.053
356.053
356.053
356.053
356.053
356.053
356.053
356.054
356.054
356.053
356.052
356.053
356.054
356.054
356.053
356.054
356.053
356.053
356.053
356.053
356.053
356.053
356.054
356.053
356.052
356.052
356.053
356.053
356.053
356.053
356.052
356.054
356.053
356.053
356.053
356.053
356.053
356.053
356.054
356.053
356.054
356.053
356.053
356.053
356.053
356.054
356.054
356.053
356.053
356.053
356.054
356.053
356.053
356.053
356.053
356.053
356.054
356.054
356.053
356.053
356.052
356.053
356.053
356.053
356.053
356.053
356.053
356.053
356.053
356.053
356.054
356.053
356.053
356.053
356.053
356.053
356.052
356.053
356.052
356.054
356.054
356.053
356.053
356.053
356.054
356.054
356.054
356.053
356.053
356.053
356.053
356.054
356.053
356.052
356.052
356.054
356.053
356.053
356.053
356.054
356.053
356.053
356.054
356.053
356.053
356.053
356.054
356.054
356.053
356.053
356.052
356.054
356.053
356.053
356.053
356.053
356.053
356.053
356.053
356.053
356.053
356.054
356.053
356.053
356.053
356.053
356.053
356.053
356.053
356.053
356.053
356.053
356.054
356.053
356.052
356.053
356.054
356.054
356.054
356.052
356.053
356.053
356.054
356.054
356.053
356.054
356.053
356.053
356.054
356.053
356.053
356.053
356.054
356.053
356.054
356.052
356.054
356.054
356.055
356.054
356.053
356.053
356.053
356.052
356.054
356.054
356.052
356.054
356.053
356.054
356.053
356.054
356.054
356.052
356.054
356.052
356.054
356.053
356.054
356.054
356.055
356.054
356.052
356.055
356.054
356.054
356.053
356.052
356.055
356.054
356.053
356.054
356.054
356.053
356.053
356.053
356.053
356.053
356.053
356.052
356.055
356.054
356.053
356.053
356.053
356.053
356.053
356.053
356.052
356.053
356.053
356.053
356.053
356.052
356.053
356.053
356.053
356.054
356.054
356.053
356.053
356.053
356.053
356.053
356.053
356.053
356.053
356.054
356.052
356.054
356.053
356.053
356.052
356.053
356.053
356.053
356.053
356.053
356.054
356.052
356.053
356.055
356.054
356.055
356.053
356.053
356.053
356.054
356.055
356.053
356.054
356.055
356.054
356.053
356.053
356.054
356.054
356.054
356.053
356.053
356.054
356.053
356.053
356.054
356.053
356.053
356.054
356.053
356.053
356.053
356.054
356.052
356.052
356.053
356.053
356.054
356.053
356.054
356.054
356.053
356.053
356.053
356.054
356.055
356.053
356.054
356.055
356.054
356.053
356.055
356.054
356.055
356.053
356.053
356.054
356.055
356.053
356.053
356.054
356.054
356.054
356.055
356.054
356.053
356.053
356.053
356.053
356.053
356.053
356.053
356.053
356.053
356.053
356.053
356.053
356.053
356.053
356.053
356.054
356.053
356.054
356.053
356.053
356.053
356.054
356.053
356.053
356.054
356.053
356.054
356.052
356.053
356.054
356.055
356.053
356.056
356.053
356.053
356.054
356.053
356.053
356.055
356.053
356.053
356.054
356.054
356.054
356.053
356.055
356.053
356.053
356.055
356.053
356.053
356.054
356.052
356.053
356.054
356.054
356.054
356.055
356.053
356.053
356.054
356.054
356.054
356.055
356.054
356.055
356.056
356.053
356.053
356.052
356.053
356.054
356.053
356.054
356.055
356.054
356.054
356.054
356.055
356.053
356.056
356.054
356.054
356.056
356.053
356.053
356.054
356.054
356.054
356.054
356.055
356.053
356.053
356.053
356.053
356.054
356.053
356.053
356.054
356.054
356.054
356.054
356.054
356.054
356.054
356.053
356.053
356.054
356.053
356.054
356.053
356.054
356.053
356.053
356.053
356.053
356.053
356.054
356.052
356.052
356.052
356.052
356.054
356.055
356.054
356.053
356.053
356.053
356.053
356.054
356.054
356.055
356.055
356.054
356.053
356.053
356.054
356.054
356.052
356.053
356.054
356.053
356.054
356.053
356.054
356.055
356.054
356.053
356.053
356.054
356.054
356.053
356.053
356.053
356.053
356.053
356.053
356.052
356.055
356.054
356.054
356.054
356.054
356.052
356.054
356.054
356.054
356.052
356.053
356.053
356.053
356.053
356.053
356.053
356.052
356.053
356.052
356.053
356.054
356.053
356.054
356.054
356.055
356.055
356.055
356.053
356.052
356.052
356.053
356.053
356.053
356.053
356.053
356.053
356.054
356.053
356.053
356.053
356.053
356.053
356.053
356.053
356.053
356.053
356.054
356.053
356.053
356.053
356.054
356.052
356.053
356.053
356.053
356.054
356.053
356.053
356.054
356.054
356.053
356.054
356.053
356.052
356.052
356.053
356.053
356.053
356.053
356.055
356.054
356.054
356.054
356.054
356.054
356.054
356.054
356.054
356.053
356.053
356.054
356.054
356.053
356.053
356.054
356.053
356.053
356.053
356.053
356.054
356.054
356.054
356.054
356.054
356.055
356.053
356.054
356.053
356.053
356.054
356.053
356.053
356.054
356.053
356.054
356.053
356.053
356.054
356.053
356.053
356.054
356.054
356.054
356.054
356.053
356.053
356.054
356.054
356.054
356.053
356.053
356.054
356.054
356.054
356.052
356.053
356.053
356.053
356.054
356.053
356.055
356.054
356.053
356.055
356.053
356.054
356.053
356.053
356.052
356.054
356.053
356.052
356.052
356.054
356.052
356.053
356.055
356.054
356.053
356.055
356.053
356.053
356.053
356.054
356.053
356.054
356.054
356.054
356.054
356.053
356.053
356.053
356.053
356.053
356.053
356.054
356.054
356.055
356.054
356.054
356.055
356.053
356.052
356.053
356.052
356.052
356.053
356.055
356.054
356.054
356.055
356.054
356.055
356.055
356.053
356.053
356.052
356.052
356.053
356.055
356.053
356.054
356.054
356.054
356.054
356.054
356.054
356.053
356.054
356.053
356.053
356.054
356.054
356.054
356.053
356.053
356.053
356.052
356.053
356.053
356.055
356.053
356.053
356.053
356.054
356.054
356.055
356.053
356.052
356.052
356.054
356.054
356.055
356.053
356.053
356.054
356.052
356.054
356.054
356.054
356.053
356.054
356.055
356.054
356.054
356.053
356.053
356.053
356.054
356.053
356.054
356.053
356.054
356.054
356.053
356.053
356.054
356.054
356.055
356.053
356.053
356.052
356.053
356.054
356.055
356.056
356.055
356.056
356.054
356.054
356.055
356.052
356.053
356.052
356.053
356.054
356.054
356.054
356.055
356.054
356.055
356.054
356.053
356.053
356.054
356.054
356.054
356.052
356.052
356.052
356.053
356.053
356.053
356.053
356.054
356.053
356.054
356.053
356.053
356.054
356.053
356.054
356.054
356.054
356.053
356.053
356.053
356.054
356.054
356.052
356.053
356.053
356.053
356.054
356.054
356.053
356.054
356.054
356.054
356.054
356.054
356.053
356.053
356.054
356.053
356.053
356.056
356.054
356.053
356.054
356.054
356.054
356.054
356.054
356.054
356.053
356.054
356.053
356.054
356.054
356.052
356.053
356.054
356.053
356.053
356.053
356.054
356.053
356.054
)
;
        Tnbr            T;
        thicknessLayers 0();
        kappaLayers     0();
        kappaMethod     solidThermo;
        kappa           none;
        alphaAni        none;
        alpha           none;
    }
}


// ************************************************************************* //
