/*--------------------------------*- C++ -*----------------------------------*\
| =========                 |                                                 |
| \\      /  F ield         | OpenFOAM: The Open Source CFD Toolbox           |
|  \\    /   O peration     | Version:  v1912                                 |
|   \\  /    A nd           | Website:  www.openfoam.com                      |
|    \\/     M anipulation  |                                                 |
\*---------------------------------------------------------------------------*/
FoamFile
{
    version     2.0;
    format      ascii;
    class       volScalarField;
    location    "476/sphere";
    object      ddt0((betavSolid*thermo:rho),h);
}
// * * * * * * * * * * * * * * * * * * * * * * * * * * * * * * * * * * * * * //

dimensions      [1 -1 -3 0 0 0 0];


internalField   nonuniform List<scalar> 
6600
(
-25598.6
-25603.4
-25603
-25613.8
-25600.3
-25600.1
-25603.3
-25634.9
-25641.7
-25622.3
-25602.9
-25641.5
-25648.1
-25629.6
-25619.5
-25629.3
-25613.9
-25602.8
-25613.4
-25600.3
-25602.9
-25641.3
-25648.1
-25629.7
-25612.4
-25647.9
-25654.5
-25636.3
-25603.3
-25599.3
-25629.1
-25635.8
-25624.1
-25602.5
-25600
-25621.5
-25629.6
-25612.7
-25599.6
-25629.1
-25636
-25624.1
-25611.8
-25623.8
-25606.2
-25602.7
-25602.8
-25602.7
-25602.3
-25602.7
-25598.9
-25613.8
-25603.9
-25629.5
-25622.5
-25636.1
-25630
-25622.4
-25636
-25629.6
-25603.5
-25598.9
-25613.7
-25603.8
-25629.7
-25629.4
-25622.4
-25613.7
-25603.6
-25603.6
-25599
-25602.2
-25602.2
-25602
-25601.7
-25600.4
-25601.7
-25602.1
-25600.6
-25601.7
-25602
-25600.5
-25602.3
-25604.9
-25600
-25599.9
-25612.1
-25623.8
-25600
-25600.1
-25623.9
-25612.7
-25606.3
-25599.8
-25612
-25599.6
-25623.7
-25603.1
-25603
-25613.1
-25622
-25629.4
-25629.2
-25635.7
-25602.2
-25607.5
-25606.1
-25617.3
-25614
-25611.4
-25618.7
-25600.2
-25612.6
-25624.1
-25600.3
-25599.8
-25599.7
-25623.7
-25612.1
-25613.1
-25598.6
-25603.4
-25629.3
-25635.6
-25622
-25629.3
-25603.9
-25603.7
-25598.9
-25636
-25629.9
-25629.6
-25622.6
-25624.1
-25600.3
-25612.8
-25604.9
-25599.9
-25611.9
-25623.8
-25600
-25623.9
-25612.7
-25600.1
-25606.3
-25602.2
-25602.5
-25611.8
-25599.7
-25599.5
-25623.5
-25603.1
-25619.6
-25629.2
-25603
-25612.9
-25629.2
-25635.5
-25599
-25629.5
-25622.5
-25613.3
-25603.6
-25635.7
-25629.6
-25613.9
-25600.2
-25624.1
-25600.2
-25601.8
-25619.5
-25602.9
-25628.9
-25602.8
-25629
-25612.4
-25635.1
-25599.1
-25629.8
-25603.9
-25629.6
-25603.8
-25636.3
-25614.5
-25603.3
-25601.8
-25628.9
-25619.5
-25612.4
-25635.4
-25602.9
-25629.3
-25603.8
-25622.5
-25599.2
-25636.2
-25614.5
-25629.8
-25603.8
-25603.3
-25611.9
-25599.4
-25623.6
-25599.7
-25629.2
-25603.1
-25629.1
-25635.5
-25602.9
-25612.9
-25622.4
-25603.3
-25598.9
-25635.8
-25629.7
-25613.3
-25603.8
-25624.1
-25600.3
-25600.2
-25602.3
-25602.5
-25602.3
-25602.5
-25599.6
-25599.4
-25623.6
-25611.8
-25613
-25629
-25635.4
-25603.2
-25619.5
-25629.3
-25603.6
-25635.7
-25629.6
-25603.3
-25598.9
-25629.5
-25622.4
-25624.1
-25600.2
-25613.9
-25601.8
-25629
-25612.4
-25635.1
-25619.4
-25602.8
-25629.2
-25603.9
-25636.2
-25614.5
-25622.4
-25599.1
-25629.7
-25603.8
-25603.3
-25601.7
-25635.3
-25602.9
-25629
-25602.8
-25629.3
-25619.5
-25614.5
-25629.9
-25603.9
-25629.8
-25603.9
-25622.5
-25599.2
-25623.6
-25599.7
-25611.9
-25635.4
-25602.9
-25612.9
-25619.4
-25629.2
-25603.1
-25629.8
-25613.3
-25603.7
-25629.3
-25622.4
-25603.4
-25598.9
-25600.3
-25600.1
-25614
-25602.2
-25604.8
-25599.8
-25611.8
-25623.8
-25599.7
-25623.9
-25612.7
-25600.1
-25606.3
-25612
-25599.6
-25623.5
-25599.8
-25629.3
-25628.9
-25635.5
-25598.6
-25603.3
-25603
-25613.1
-25624.1
-25600.1
-25600.3
-25623.5
-25611.8
-25599.7
-25635.6
-25621.7
-25629.2
-25603.1
-25613
-25598.6
-25603.3
-25600.3
-25612.6
-25600.2
-25604.8
-25623.8
-25599.9
-25599.9
-25612.6
-25600.1
-25600.1
-25599.4
-25598.4
-25598.2
-25599.2
-25598.5
-25599.9
-25598.6
-25599.7
-25598.6
-25599.7
-25598.6
-25599.5
-25598.5
-25597.9
-25598.2
-25600.7
-25600.5
-25598.8
-25602
-25601.7
-25600.3
-25599.8
-25598.5
-25599.4
-25598.5
-25600.6
-25600.5
-25603.7
-25614.1
-25604
-25608.4
-25608.3
-25602.2
-25608.1
-25606.2
-25617.4
-25614.4
-25611.5
-25619.2
-25602.1
-25607.5
-25606
-25617.2
-25614
-25611.4
-25618.7
-25600.6
-25600.6
-25603.7
-25614
-25603.9
-25608.3
-25608.2
-25602.3
-25607.9
-25606.2
-25617.3
-25614.2
-25611.5
-25619.1
-25607.8
-25602.3
-25606.2
-25617.3
-25614.2
-25619
-25611.5
-25607.7
-25602.2
-25606.1
-25617.2
-25614
-25618.8
-25611.4
-25600.6
-25600.5
-25603.7
-25614.1
-25604
-25608.4
-25608.4
-25598.6
-25598
-25600.7
-25600.4
-25598.6
-25600.6
-25600.3
-25598.6
-25598.5
-25600.2
-25600.1
-25603.1
-25613.4
-25603.5
-25608
-25607.9
-25600.1
-25602.7
-25599.1
-25606.3
-25616.4
-25601.7
-25613.5
-25604.9
-25618
-25610.9
-25599.2
-25607.7
-25600.5
-25601.3
-25605.8
-25598.9
-25599.7
-25602.4
-25599.1
-25600.5
-25607.4
-25605.7
-25601.1
-25611.5
-25599.5
-25602.7
-25599.4
-25606.9
-25602
-25607.1
-25616.9
-25602.1
-25613.7
-25606.6
-25611.4
-25605.3
-25618.3
-25599.2
-25600.1
-25602.8
-25611.4
-25602.5
-25599.2
-25599.4
-25606.6
-25606.9
-25601.9
-25615.8
-25613.2
-25601.2
-25606.2
-25610.4
-25617.8
-25604.4
-25599.9
-25598.7
-25598.7
-25599.3
-25602
-25603.8
-25606.3
-25606
-25619.1
-25600.8
-25611.1
-25610.8
-25598.6
-25615.8
-25606.3
-25613.2
-25601.3
-25617.8
-25604.5
-25610.4
-25620.1
-25611.9
-25623.3
-25610.4
-25621.8
-25608.6
-25621.5
-25600.7
-25607.7
-25598.9
-25601.3
-25605.9
-25615.8
-25613.2
-25606.2
-25601.4
-25617.8
-25610.4
-25604.4
-25600.1
-25598.9
-25619
-25622.5
-25609.6
-25609.5
-25620.8
-25620.7
-25607
-25602.4
-25602.4
-25600.8
-25600.2
-25607
-25598.5
-25600.8
-25605.1
-25598
-25601.8
-25600.8
-25599.6
-25598.8
-25599.4
-25602.1
-25600.5
-25599.1
-25607.2
-25605.5
-25601
-25598.7
-25599.4
-25602.2
-25618.9
-25605.4
-25611
-25603.6
-25605.4
-25610.7
-25600.1
-25600.1
-25606.9
-25598.8
-25605.3
-25600.7
-25603.3
-25618.5
-25604.7
-25604.7
-25610.3
-25610.3
-25599.8
-25600.5
-25601.2
-25601.1
-25599.2
-25598.1
-25600.4
-25600.6
-25598.6
-25598.2
-25600.1
-25600
-25600
-25599
-25599.8
-25602.5
-25599
-25607.2
-25600.4
-25601
-25605.5
-25598.8
-25599.6
-25602.1
-25600.3
-25598.7
-25607.2
-25601
-25605.2
-25603.3
-25605
-25604.6
-25618.6
-25599.9
-25610.6
-25610.1
-25598.9
-25607.3
-25605.6
-25600.5
-25601
-25600.1
-25602.7
-25599.2
-25600.5
-25599.1
-25607.3
-25601.1
-25605.7
-25599.1
-25600.1
-25602.7
-25605.4
-25618.9
-25610.9
-25603.7
-25605.4
-25600.2
-25610.7
-25600.5
-25601.1
-25601
-25599.1
-25598.9
-25599.8
-25602.5
-25598.7
-25600.3
-25607.3
-25605.5
-25601
-25598.8
-25599.4
-25601.9
-25603.3
-25604.9
-25604.5
-25618.6
-25599.8
-25610.6
-25610
-25600.3
-25598.5
-25607.1
-25601
-25605.2
-25606.6
-25601.7
-25613.7
-25605
-25618.3
-25616.5
-25611
-25601.7
-25606.3
-25604.9
-25616.5
-25613.5
-25611
-25618.1
-25599
-25607.7
-25605.7
-25600.5
-25601.4
-25605.4
-25618.9
-25610.8
-25603.6
-25605.2
-25600.2
-25610.7
-25599.2
-25600.1
-25602.8
-25600.6
-25599.3
-25607.6
-25601.2
-25605.8
-25600.2
-25598.7
-25607.2
-25601
-25605.4
-25598.8
-25599.8
-25602.4
-25600.2
-25607
-25598.4
-25600.9
-25605
-25598.7
-25599.3
-25601.9
-25603.1
-25605
-25618.5
-25604.6
-25610.5
-25599.8
-25610
-25610
-25610.2
-25623.2
-25619.6
-25607.6
-25621.3
-25621.5
-25613.4
-25600.2
-25600.2
-25603.6
-25603.2
-25607.8
-25608
-25606.8
-25616.5
-25601.9
-25613.8
-25605
-25618.4
-25611
-25608
-25602.4
-25614.4
-25606.2
-25619.2
-25617.4
-25611.7
-25607.8
-25602.3
-25606.2
-25617.3
-25614.1
-25618.9
-25611.6
-25600.6
-25600.5
-25603.8
-25614.2
-25604
-25608.5
-25608.4
-25599.3
-25600.2
-25602.8
-25600.6
-25607.6
-25599.1
-25601.2
-25605.7
-25603.7
-25605.5
-25619
-25605.5
-25611
-25600.1
-25610.8
-25599.2
-25600.1
-25602.7
-25600.4
-25600.1
-25600
-25600.4
-25598.7
-25607.3
-25605.5
-25601.1
-25603.2
-25605
-25618.5
-25604.6
-25610.4
-25599.6
-25610
-25598.9
-25599.5
-25602.1
-25600.4
-25607.2
-25598.9
-25601.1
-25605.4
-25599.2
-25600.1
-25602.7
-25603.6
-25605.4
-25618.9
-25605.4
-25610.9
-25600.1
-25610.6
-25600.6
-25607.4
-25599
-25601.1
-25605.8
-25599.2
-25600.1
-25602.6
-25600.5
-25601.2
-25601.1
-25599.2
-25598.3
-25598.1
-25600.5
-25600.3
-25598.5
-25598.7
-25600.9
-25601.8
-25599.8
-25599.6
-25598.5
-25598.8
-25599.5
-25602.2
-25598.7
-25599.4
-25602
-25603.1
-25604.7
-25604.5
-25618.4
-25599.7
-25610.3
-25609.9
-25600.2
-25598.7
-25607
-25605.3
-25600.8
-25600.2
-25598.5
-25606.9
-25605.1
-25600.8
-25615.9
-25601.6
-25613.4
-25606.4
-25610.6
-25604.6
-25618
-25616
-25601.6
-25606.2
-25613.4
-25604.5
-25610.9
-25617.8
-25619.2
-25609.9
-25609.7
-25622.9
-25607.2
-25621.2
-25621
-25613.8
-25600.5
-25604.1
-25600.5
-25608.3
-25603.4
-25608.3
-25620.1
-25610.4
-25611.8
-25623.3
-25608.6
-25621.5
-25621.8
-25617
-25602.1
-25607.6
-25614.2
-25605.7
-25611.5
-25618.8
-25603.9
-25606.1
-25606.1
-25619.2
-25600.7
-25611
-25611
-25599.3
-25600.2
-25602.9
-25600.5
-25599
-25607.5
-25605.7
-25601.1
-25600.6
-25599.1
-25607.5
-25605.7
-25601.2
-25597.7
-25598
-25600.1
-25600.1
-25598.4
-25615.7
-25601.3
-25613.3
-25606.1
-25610.5
-25604.4
-25617.7
-25615.8
-25601.3
-25613.2
-25606.1
-25610.5
-25604.4
-25617.7
-25619
-25609.5
-25609.6
-25622.5
-25607.1
-25620.7
-25620.8
-25614.2
-25604.1
-25600.7
-25600.6
-25608.5
-25608.5
-25603.8
-25617.6
-25602.5
-25614.4
-25608.2
-25611.7
-25606.4
-25619.3
-25617.4
-25602.3
-25614.3
-25608.1
-25611.6
-25606.2
-25619.2
-25620.8
-25612.6
-25612.6
-25624.4
-25609.8
-25622.5
-25622.5
-25600
-25598.7
-25600
-25598.6
-25602.3
-25602.4
-25600.7
-25598
-25600.3
-25600.1
-25598.6
-25597.8
-25611.6
-25599.3
-25602.5
-25599.3
-25606.7
-25601.8
-25606.9
-25619.1
-25609.7
-25622.5
-25609.5
-25620.9
-25607.2
-25620.8
-25615.9
-25601.4
-25606.2
-25613.3
-25604.4
-25610.7
-25617.8
-25617.5
-25614.3
-25602.3
-25608
-25611.6
-25619.2
-25606.3
-25614.3
-25600.8
-25604.2
-25600.7
-25608.5
-25603.9
-25608.5
-25620.7
-25612.6
-25624.4
-25612.7
-25622.5
-25609.9
-25622.5
-25617.5
-25602.3
-25608.1
-25614.3
-25606.3
-25611.6
-25619.3
-25602.3
-25602.4
-25600.8
-25600
-25598.7
-25603.1
-25604.5
-25604.8
-25618.4
-25599.7
-25609.9
-25610.3
-25598.8
-25599.5
-25602.1
-25600.3
-25598.4
-25607
-25605.3
-25600.9
-25600.2
-25598.6
-25607
-25605.2
-25600.8
-25611.5
-25602.5
-25599.4
-25599.3
-25606.9
-25606.9
-25601.9
-25616
-25613.5
-25601.5
-25606.6
-25610.7
-25618.1
-25604.6
-25615.8
-25601.4
-25613.3
-25606.1
-25610.6
-25604.5
-25617.7
-25619.3
-25610.1
-25622.9
-25609.8
-25621.3
-25607.5
-25621
-25616.8
-25613.7
-25601.9
-25606.8
-25611.1
-25618.3
-25605.3
-25613.7
-25604
-25600.3
-25600.5
-25608.1
-25608.3
-25603.3
-25620.1
-25610.4
-25623.3
-25611.9
-25621.6
-25608.6
-25621.8
-25617
-25602.1
-25614.2
-25607.8
-25611.4
-25605.8
-25618.9
-25599.3
-25600.2
-25602.9
-25599.2
-25600.1
-25602.7
-25600.6
-25599.2
-25607.5
-25605.7
-25601.1
-25600.6
-25598.9
-25607.6
-25605.7
-25601.2
-25598.6
-25598.2
-25600.7
-25600.4
-25599
-25600.9
-25601.8
-25599.9
-25599.6
-25598.5
-25598.1
-25600.4
-25600.6
-25599
-25598.3
-25601.8
-25600.9
-25599.8
-25599.5
-25598.4
-25598.4
-25600.2
-25606.9
-25598.6
-25600.7
-25605.1
-25600.1
-25606.9
-25598.2
-25600.8
-25605.1
-25598.7
-25599.4
-25602
-25598.7
-25599.5
-25602
-25603.1
-25618.4
-25604.4
-25604.7
-25609.9
-25610.2
-25599.7
-25619.3
-25609.9
-25623
-25610.1
-25621.1
-25607.5
-25621.2
-25611.5
-25599.2
-25599.4
-25602.5
-25601.9
-25606.7
-25606.9
-25616
-25606.5
-25601.6
-25613.6
-25604.7
-25618.1
-25610.8
-25617
-25607.6
-25614.2
-25602
-25618.8
-25605.7
-25611.3
-25616.8
-25606.7
-25602
-25613.7
-25605.2
-25618.4
-25611.2
-25613.7
-25600.5
-25600.3
-25603.9
-25603.3
-25608.3
-25608.2
-25600.7
-25607.5
-25599.3
-25601.2
-25605.8
-25599.2
-25600.1
-25602.7
-25603.8
-25619.1
-25606.2
-25606
-25611
-25610.7
-25600.7
-25599.1
-25600.1
-25602.8
-25598
-25600.2
-25600.1
-25598.6
-25597.9
-25619.1
-25609.6
-25622.5
-25609.5
-25620.9
-25607.2
-25620.8
-25611.4
-25599.1
-25602.5
-25599.3
-25606.8
-25601.8
-25606.9
-25615.9
-25606
-25601.4
-25613.2
-25604.4
-25617.7
-25610.7
-25617.5
-25614.4
-25608.2
-25602.4
-25619.3
-25611.7
-25606.4
-25620.8
-25612.7
-25624.4
-25612.7
-25622.5
-25610
-25622.5
-25614.2
-25600.7
-25604
-25600.6
-25608.6
-25603.9
-25608.4
-25617.5
-25608.1
-25602.3
-25614.3
-25606.3
-25619.2
-25611.6
-25602.4
-25602.3
-25600.8
-25599.9
-25598.8
-25600.1
-25600.1
-25598.4
-25597.8
-25597.8
-25615.8
-25606.1
-25613.3
-25601.3
-25617.8
-25604.4
-25610.5
-25615.9
-25606
-25613.2
-25601.5
-25617.6
-25604.4
-25610.9
-25611.3
-25599
-25599.4
-25602.5
-25601.8
-25606.7
-25607
-25620.8
-25624.4
-25612.7
-25612.7
-25622.6
-25622.5
-25610
-25617.5
-25608.2
-25614.4
-25602.4
-25619.3
-25606.3
-25611.6
-25617.5
-25608.2
-25614.4
-25602.4
-25619.3
-25606.4
-25611.6
-25614.3
-25600.6
-25600.7
-25604.1
-25603.8
-25608.5
-25608.5
-25600
-25598.8
-25600
-25598.7
-25600.1
-25607
-25598.8
-25600.8
-25605.3
-25598.6
-25599.3
-25601.9
-25603.1
-25618.4
-25604.6
-25604.8
-25610
-25610.2
-25599.6
-25598.8
-25599.4
-25602.1
-25616
-25613.3
-25606
-25601.5
-25617.8
-25610.8
-25604.5
-25619.3
-25622.9
-25609.8
-25610
-25621
-25621.2
-25607.4
-25611.6
-25599.5
-25602.5
-25599.4
-25607.1
-25602.1
-25606.8
-25615.9
-25606.5
-25613.5
-25601.4
-25618.1
-25604.6
-25610.5
-25620
-25623.2
-25611.8
-25610.3
-25621.8
-25621.5
-25608.4
-25617.1
-25614.2
-25607.7
-25602.1
-25618.9
-25611.5
-25605.8
-25616.8
-25606.7
-25613.7
-25602.1
-25618.3
-25605.3
-25611.2
-25613.8
-25600.5
-25603.9
-25600.4
-25608.3
-25603.5
-25608.1
-25600.6
-25607.5
-25599.1
-25601.2
-25605.7
-25600.6
-25607.5
-25599
-25601.2
-25605.7
-25603.9
-25619.2
-25606.3
-25606
-25611.2
-25610.8
-25600.8
-25599.3
-25600.2
-25602.8
-25599.1
-25600.1
-25602.7
-25600.4
-25600.6
-25598.7
-25598.3
-25599.6
-25598.3
-25598.5
-25599.9
-25600
-25600.2
-25600.4
-25598.9
-25607.2
-25605.4
-25601.1
-25603.2
-25604.7
-25618.4
-25604.7
-25610.2
-25599.7
-25610.2
-25598.9
-25599.8
-25602.3
-25607.3
-25598.4
-25600.4
-25601.1
-25605.4
-25599.2
-25600.1
-25602.7
-25618.9
-25605.3
-25610.6
-25603.6
-25605.5
-25610.9
-25600.1
-25599.1
-25607.4
-25605.7
-25600.5
-25601.1
-25599.9
-25602.6
-25599.1
-25600.5
-25601.1
-25601.1
-25599.2
-25603.1
-25604.8
-25618.5
-25604.8
-25610.3
-25599.7
-25610.1
-25600.1
-25598.6
-25606.9
-25605.3
-25600.8
-25598.7
-25599.7
-25602.2
-25598.8
-25600.2
-25607
-25605.3
-25600.8
-25600.1
-25600
-25602.9
-25613.2
-25603.5
-25607.8
-25607.7
-25606.7
-25613.8
-25601.9
-25618.4
-25605
-25616.5
-25611
-25601.6
-25606.4
-25604.8
-25616.3
-25613.4
-25610.8
-25618
-25599.1
-25600
-25602.8
-25600.5
-25599.1
-25607.5
-25605.8
-25601.3
-25600.1
-25602.7
-25599.2
-25599.1
-25607.5
-25605.7
-25600.6
-25601.3
-25598.7
-25599.4
-25602.2
-25603.1
-25618.4
-25604.7
-25604.7
-25610.2
-25610.1
-25599.7
-25598.8
-25600.2
-25607
-25600.8
-25605.3
-25598.8
-25599.6
-25602.3
-25606.3
-25601.8
-25604.9
-25616.3
-25613.4
-25618
-25610.8
-25600.1
-25600.2
-25603
-25613.2
-25603.6
-25607.8
-25607.9
-25606.7
-25613.7
-25601.7
-25618.3
-25604.9
-25616.4
-25610.9
-25600.7
-25607.7
-25599.2
-25605.9
-25601.3
-25618.8
-25605.2
-25610.8
-25603.7
-25605.3
-25610.7
-25600.2
-25599.3
-25600.2
-25602.8
-25599.3
-25607.4
-25605.7
-25600.5
-25601.2
-25600
-25602.7
-25599.2
-25600
-25599.8
-25600.1
-25599
-25599.5
-25602.1
-25600.3
-25607.1
-25598.5
-25605.2
-25601
-25599
-25599.8
-25602.4
-25607.2
-25598.7
-25600.3
-25605.4
-25601
-25618.8
-25605.3
-25610.9
-25603.6
-25605.4
-25610.6
-25600.2
-25600.5
-25607.2
-25599
-25605.5
-25601.1
-25599.2
-25600.1
-25602.6
-25599
-25607.3
-25605.6
-25600.5
-25601.1
-25600.1
-25602.7
-25599.2
-25612.3
-25611.9
-25623.7
-25609.5
-25622.2
-25620.5
-25621.9
-25641.6
-25641.4
-25648
-25641.3
-25647.8
-25647.6
-25654.1
-25635
-25648.3
-25642
-25648
-25641.6
-25654.4
-25648.2
-25647.8
-25634.9
-25641.4
-25647.9
-25654.1
-25641.6
-25647.8
-25641.8
-25641.6
-25635.3
-25654.4
-25648.2
-25648.1
-25641.9
-25622
-25624.8
-25611
-25624.9
-25617
-25629.4
-25617.1
-25647.7
-25647.6
-25654
-25634.8
-25641.5
-25641.3
-25647.7
-25641.7
-25654.4
-25648.2
-25641.9
-25635.2
-25648.2
-25641.8
-25654.2
-25641.5
-25647.7
-25641.6
-25647.9
-25635
-25641.4
-25648.3
-25648.1
-25642
-25648.3
-25641.9
-25641.6
-25635.3
-25606.7
-25616.8
-25616.8
-25622.5
-25607.9
-25615.1
-25615
-25622.3
-25616.7
-25614.9
-25606.7
-25616.9
-25615
-25608
-25622.1
-25616.6
-25614.8
-25606.6
-25616.6
-25614.7
-25607.8
-25611.9
-25612.4
-25609.7
-25620.5
-25623.7
-25621.9
-25622.3
-25611.9
-25612.3
-25609.6
-25620.4
-25623.6
-25621.9
-25622.1
-25612.3
-25611.9
-25609.6
-25620.4
-25623.6
-25622.1
-25621.8
-25616.5
-25606.4
-25616.5
-25622
-25607.7
-25614.7
-25614.4
-25616.6
-25622.2
-25614.9
-25606.6
-25616.6
-25607.7
-25614.8
-25606.4
-25616.5
-25621.9
-25616.4
-25614.7
-25607.6
-25614.4
-25610.3
-25610.1
-25623.2
-25607.7
-25621.5
-25619.7
-25621.3
-25616.9
-25622.4
-25614.9
-25606.7
-25616.9
-25608
-25615
-25606.2
-25616.5
-25616.3
-25621.9
-25607.6
-25614.6
-25614.3
-25616.9
-25606.8
-25616.9
-25622.4
-25608
-25615
-25615
-25606.4
-25616.5
-25622
-25616.6
-25614.6
-25607.8
-25614.5
-25606.7
-25616.6
-25622.2
-25616.7
-25614.9
-25607.9
-25614.8
-25606.2
-25621.7
-25616.3
-25616.2
-25614.5
-25614.3
-25607.4
-25622
-25611.2
-25624.8
-25625
-25617.1
-25617.3
-25629.5
-25606.7
-25622.4
-25616.8
-25616.7
-25615
-25615
-25607.9
-25621.9
-25611.1
-25624.8
-25624.8
-25617
-25617.1
-25629.4
-25622
-25624.8
-25611
-25624.8
-25617
-25629.4
-25617.1
-25606.3
-25621.9
-25616.4
-25616.4
-25614.4
-25614.5
-25607.6
-25606.7
-25622.4
-25616.8
-25616.8
-25615.1
-25615
-25607.9
-25606.1
-25616.3
-25616.2
-25621.7
-25607.4
-25614.3
-25614.3
-25621.9
-25624.6
-25611
-25624.9
-25616.9
-25629.4
-25617.2
-25606.8
-25616.9
-25616.8
-25622.4
-25608
-25615.1
-25614.9
-25621.9
-25624.8
-25610.9
-25624.8
-25617
-25629.3
-25617.1
-25622
-25624.8
-25625
-25611.1
-25629.5
-25617
-25617.3
-25606.2
-25616.3
-25616.4
-25621.8
-25607.5
-25614.3
-25614.5
-25622
-25624.8
-25624.9
-25611
-25629.4
-25617.1
-25617.1
-25616.5
-25606.4
-25616.5
-25621.9
-25614.6
-25607.7
-25614.6
-25622.2
-25616.6
-25614.8
-25606.6
-25616.5
-25614.8
-25607.7
-25606.2
-25621.8
-25616.3
-25616.3
-25614.5
-25614.4
-25607.4
-25610.3
-25623.2
-25610
-25621.5
-25607.6
-25619.6
-25621.2
-25622.3
-25616.8
-25615
-25606.8
-25616.8
-25614.9
-25608
-25606.1
-25616.3
-25621.8
-25616.3
-25614.4
-25607.4
-25614.4
-25610.2
-25623.1
-25609.8
-25621.4
-25607.4
-25619.5
-25621.1
-25616.5
-25606.3
-25621.9
-25616.5
-25614.5
-25614.5
-25607.7
-25586.7
-25568.8
-25553.7
-25587.1
-25569.1
-25553.9
-25587.1
-25569.1
-25553.9
-25587.7
-25569.7
-25554.3
-25587.5
-25569.5
-25554.1
-25587.3
-25569.4
-25554.2
-25587.7
-25569.7
-25554.5
-25587.3
-25569.4
-25554.2
-25587.4
-25569.5
-25554.2
-25587.8
-25569.9
-25554.5
-25587.6
-25569.6
-25554.2
-25587.2
-25569.3
-25554
-25587.4
-25569.5
-25554.2
-25587.9
-25569.9
-25554.5
-25587.6
-25569.6
-25554.2
-25587.7
-25569.8
-25554.6
-25586.2
-25568.4
-25553.2
-25586.5
-25568.5
-25553.4
-25587.4
-25569.5
-25554.2
-25587.3
-25569.4
-25554.2
-25587.3
-25569.4
-25554.1
-25586.9
-25569
-25553.7
-25587.1
-25569.1
-25553.8
-25587.3
-25569.3
-25554
-25587.3
-25569.3
-25554
-25587.3
-25569.3
-25554
-25587.1
-25569.2
-25553.9
-25587.3
-25569.4
-25554
-25587.2
-25569.2
-25554
-25587.4
-25569.4
-25554.2
-25587.3
-25569.3
-25554.1
-25587.3
-25569.3
-25554.1
-25587.3
-25569.3
-25554.1
-25587.1
-25569.1
-25553.8
-25587.1
-25569.1
-25553.8
-25587.3
-25569.4
-25554.1
-25587
-25569.1
-25553.8
-25587.2
-25569.2
-25553.8
-25587.3
-25569.4
-25554.1
-25587.1
-25569.1
-25553.8
-25587.3
-25569.4
-25554.1
-25587.2
-25569.2
-25553.9
-25587.5
-25569.5
-25554.2
-25587.4
-25569.4
-25554.1
-25587.2
-25569.3
-25554
-25587.6
-25569.6
-25554.3
-25587
-25569
-25553.8
-25587
-25569.1
-25553.8
-25587.9
-25570
-25554.5
-25587.7
-25569.8
-25554.5
-25587.5
-25569.6
-25554.4
-25587.7
-25569.7
-25554.5
-25587.1
-25569.1
-25553.9
-25587.2
-25569.2
-25553.9
-25587.3
-25569.3
-25554.1
-25587.1
-25569.1
-25554
-25587.5
-25569.6
-25554.4
-25587.7
-25569.7
-25554.4
-25587.2
-25569.2
-25554
-25587.2
-25569.3
-25554.1
-25587.5
-25569.5
-25554.3
-25587.3
-25569.4
-25554.2
-25587.5
-25569.6
-25554.3
-25587.2
-25569.3
-25554
-25587.4
-25569.5
-25554.2
-25587.2
-25569.2
-25554
-25586.9
-25569
-25553.7
-25587.5
-25569.5
-25554.3
-25587.3
-25569.5
-25554.3
-25587.4
-25569.5
-25554.3
-25586.8
-25568.9
-25553.5
-25588.2
-25570.2
-25554.8
-25588.1
-25570.1
-25554.7
-25587.7
-25569.8
-25554.5
-25586.8
-25568.8
-25553.5
-25587.4
-25569.4
-25554.3
-25587.6
-25569.6
-25554.4
-25588
-25570
-25554.7
-25587.8
-25569.8
-25554.6
-25586.5
-25568.6
-25553.4
-25586.8
-25568.9
-25553.7
-25587
-25569.1
-25553.8
-25587.7
-25569.8
-25554.4
-25587.4
-25569.5
-25554.1
-25587.4
-25569.4
-25554.2
-25587
-25569.1
-25554
-25588.1
-25570.1
-25554.7
-25587.6
-25569.7
-25554.5
-25587.6
-25569.6
-25554.4
-25587.2
-25569.3
-25554.1
-25587.4
-25569.5
-25554.3
-25587.3
-25569.4
-25554
-25587.4
-25569.5
-25554.2
-25587.3
-25569.3
-25554
-25587.4
-25569.5
-25554.2
-25587.1
-25569.1
-25553.9
-25586.6
-25568.6
-25553.4
-25587.5
-25569.4
-25554.2
-25587.3
-25569.3
-25554.1
-25587.5
-25569.6
-25554.4
-25587.5
-25569.6
-25554.4
-25586.8
-25568.9
-25553.5
-25587.1
-25569.2
-25554.1
-25587.5
-25569.5
-25554.3
-25588
-25570
-25554.6
-25587.7
-25569.8
-25554.5
-25586.7
-25568.7
-25553.4
-25588.2
-25570.3
-25554.9
-25588.2
-25570.2
-25554.8
-25587.3
-25569.3
-25554.2
-25587.6
-25569.6
-25554.4
-25587.8
-25569.7
-25554.5
-25587
-25569.1
-25553.8
-25587.2
-25569.2
-25553.9
-25587.7
-25569.8
-25554.4
-25588
-25570
-25554.6
-25588
-25570.1
-25554.7
-25587.3
-25569.3
-25554.2
-25587
-25569.1
-25554
-25587.3
-25569.3
-25554.1
-25587.7
-25569.7
-25554.5
-25587.5
-25569.5
-25554.3
-25587.3
-25569.4
-25554.1
-25587.2
-25569.3
-25554.1
-25586.6
-25568.7
-25553.6
-25587
-25569.1
-25553.9
-25587.2
-25569.3
-25554.1
-25587.6
-25569.6
-25554.3
-25586.9
-25569
-25553.7
-25586.9
-25569
-25553.8
-25587.3
-25569.3
-25554
-25587.3
-25569.4
-25554.2
-25587.4
-25569.5
-25554.2
-25587.6
-25569.7
-25554.4
-25587.7
-25569.8
-25554.5
-25586.9
-25569
-25553.8
-25587.2
-25569.2
-25553.9
-25587
-25569
-25553.8
-25587.8
-25569.8
-25554.5
-25587.4
-25569.5
-25554.3
-25587.2
-25569.3
-25554.1
-25587.2
-25569.3
-25554
-25587.2
-25569.3
-25554.1
-25587.4
-25569.4
-25554.1
-25587.6
-25569.6
-25554.3
-25587.5
-25569.5
-25554.2
-25586.7
-25568.9
-25553.6
-25586.9
-25569
-25553.8
-25587.2
-25569.2
-25553.9
-25585.9
-25568.1
-25553.1
-25586.3
-25568.5
-25553.2
-25587.1
-25569.1
-25553.9
-25587.1
-25569.2
-25554
-25586.9
-25569.1
-25553.9
-25587.1
-25569.3
-25554
-25587.3
-25569.3
-25554.1
-25586.5
-25568.7
-25553.5
-25587.1
-25569.2
-25553.9
-25585.7
-25568
-25552.9
-25586.7
-25568.8
-25553.6
-25586.5
-25568.6
-25553.5
-25586.9
-25569
-25553.9
-25586.9
-25569
-25553.5
-25586.9
-25569.1
-25553.8
-25587.2
-25569.3
-25554
-25587
-25569.1
-25553.7
-25586.9
-25569
-25553.8
-25587
-25569
-25553.8
-25586.3
-25568.5
-25553.3
-25586.9
-25568.9
-25553.7
-25587.7
-25569.7
-25554.4
-25587.7
-25569.7
-25554.4
-25587.9
-25569.8
-25554.5
-25587.6
-25569.6
-25554.4
-25587.8
-25569.8
-25554.5
-25587.7
-25569.7
-25554.4
-25586.4
-25568.6
-25553.5
-25587.4
-25569.5
-25554.2
-25586.9
-25569.1
-25553.8
-25585.8
-25568.1
-25553
-25586.7
-25568.9
-25553.6
-25586.6
-25568.8
-25553.5
-25586.8
-25569
-25553.7
-25586.7
-25568.8
-25553.5
-25587.1
-25569.2
-25553.9
-25586.2
-25568.4
-25553.3
-25586.9
-25569
-25553.8
-25587.7
-25569.7
-25554.3
-25587.7
-25569.7
-25554.4
-25587.6
-25569.6
-25554.4
-25588.1
-25570
-25554.7
-25587.5
-25569.5
-25554.3
-25587.6
-25569.5
-25554.3
-25587.2
-25569.3
-25554.1
-25587.6
-25569.7
-25554.3
-25588
-25570.1
-25554.7
-25587.3
-25569.4
-25554.2
-25587.2
-25569.3
-25554.1
-25587.8
-25569.8
-25554.5
-25587.5
-25569.6
-25554.4
-25587.6
-25569.7
-25554.4
-25587.9
-25570
-25554.7
-25587.2
-25569.2
-25554
-25587.1
-25569.1
-25553.9
-25587
-25569
-25553.9
-25587.4
-25569.4
-25554.1
-25587.8
-25569.7
-25554.4
-25587.1
-25569.2
-25554
-25587.1
-25569.2
-25554
-25587.5
-25569.5
-25554.2
-25587.5
-25569.6
-25554.3
-25587.6
-25569.7
-25554.4
-25587.7
-25569.8
-25554.5
-25587.6
-25569.6
-25554.3
-25587.5
-25569.5
-25554.3
-25587.1
-25569.2
-25554.1
-25587.6
-25569.7
-25554.4
-25587.8
-25569.9
-25554.6
-25587.9
-25570
-25554.7
-25588.5
-25570.5
-25555.1
-25587.6
-25569.5
-25554.3
-25587.6
-25569.6
-25554.4
-25587.4
-25569.4
-25554.2
-25587.9
-25569.8
-25554.5
-25588
-25569.9
-25554.6
-25587
-25569
-25553.9
-25587.1
-25569.2
-25554
-25587.5
-25569.5
-25554.2
-25587.2
-25569.3
-25554.1
-25587.8
-25569.9
-25554.5
-25587.2
-25569.3
-25554
-25587.7
-25569.7
-25554.3
-25587.2
-25569.3
-25554.1
-25587.3
-25569.4
-25554.2
-25587
-25568.9
-25553.8
-25587
-25569
-25553.8
-25586.8
-25568.9
-25553.7
-25587.2
-25569.2
-25554
-25587.3
-25569.3
-25554.1
-25587.9
-25569.9
-25554.6
-25587.8
-25569.9
-25554.6
-25587.5
-25569.5
-25554.2
-25586.7
-25568.8
-25553.7
-25587.4
-25569.5
-25554.2
-25588
-25570.1
-25554.6
-25587.8
-25569.9
-25554.6
-25587.6
-25569.6
-25554.4
-25587.2
-25569.3
-25554
-25586.7
-25568.8
-25553.7
-25586.9
-25568.9
-25553.8
-25587.8
-25569.9
-25554.6
-25587.5
-25569.5
-25554.2
-25587.9
-25569.9
-25554.5
-25587.3
-25569.4
-25554.2
-25587.3
-25569.4
-25554.2
-25587.6
-25569.7
-25554.4
-25587.6
-25569.7
-25554.4
-25587.4
-25569.4
-25554
-25587.3
-25569.4
-25554
-25586.5
-25568.6
-25553.4
-25586.3
-25568.4
-25553.3
-25587
-25568.9
-25553.7
-25587.5
-25569.5
-25554.2
-25586.2
-25568.4
-25553.3
-25586.9
-25568.9
-25553.7
-25587.2
-25569.3
-25554
-25587.2
-25569.3
-25554
-25587.6
-25569.6
-25554.3
-25587
-25569
-25553.8
-25587
-25569
-25553.8
-25587
-25569
-25553.8
-25587.3
-25569.3
-25554.1
-25587.3
-25569.3
-25554.1
-25587.6
-25569.7
-25554.4
-25587.6
-25569.7
-25554.4
-25587.2
-25569.3
-25554.1
-25587.3
-25569.4
-25554.2
-25587.4
-25569.4
-25554.2
-25587.6
-25569.6
-25554.4
-25587
-25568.9
-25553.8
-25586.9
-25568.9
-25553.7
-25586.8
-25568.8
-25553.6
-25587.2
-25569.2
-25554
-25587.1
-25569.1
-25554
-25588.1
-25570
-25554.7
-25587.8
-25569.8
-25554.5
-25587.8
-25569.8
-25554.5
-25587.1
-25569.2
-25553.9
-25587.3
-25569.4
-25554
-25586.8
-25568.8
-25553.7
-25586.7
-25568.7
-25553.6
-25587.3
-25569.4
-25554.1
-25587.4
-25569.4
-25554.1
-25587.7
-25569.7
-25554.4
-25587.6
-25569.6
-25554.3
-25587.7
-25569.6
-25554.4
-25588.2
-25570.1
-25554.9
-25588.2
-25570.1
-25554.8
-25588.1
-25570.1
-25554.8
-25588.4
-25570.4
-25555
-25588.1
-25570
-25554.7
-25588.2
-25570.2
-25554.8
-25588
-25570
-25554.7
-25587.5
-25569.5
-25554.3
-25587.5
-25569.5
-25554.3
-25586.2
-25568.4
-25553.3
-25586.5
-25568.6
-25553.5
-25586.8
-25569
-25553.7
-25586.8
-25568.9
-25553.6
-25587.1
-25569.2
-25554
-25585.9
-25568.2
-25553.2
-25586.7
-25568.8
-25553.7
-25587.9
-25569.9
-25554.5
-25587.8
-25569.7
-25554.5
-25587.8
-25569.8
-25554.5
-25587.5
-25569.6
-25554.3
-25587.8
-25569.8
-25554.5
-25587.6
-25569.6
-25554.4
-25587.3
-25569.3
-25554.1
-25587.3
-25569.3
-25554.1
-25587.1
-25569.1
-25554
-25587.6
-25569.6
-25554.3
-25587.3
-25569.2
-25554
-25587.4
-25569.5
-25554.2
-25587.1
-25569.1
-25553.9
-25587.1
-25569
-25553.9
-25587
-25569
-25553.9
-25587.4
-25569.4
-25554.2
-25587.3
-25569.4
-25554.1
-25586.8
-25568.8
-25553.7
-25586.8
-25568.9
-25553.8
-25587.3
-25569.3
-25554.1
-25587.5
-25569.6
-25554.3
-25587.9
-25569.9
-25554.6
-25588
-25569.9
-25554.6
-25587.5
-25569.5
-25554.3
-25587.7
-25569.6
-25554.4
-25587.4
-25569.4
-25554.2
-25587.6
-25569.7
-25554.4
-25587.3
-25569.3
-25554.1
-25587.4
-25569.4
-25554.2
-25587.5
-25569.5
-25554.3
-25587.4
-25569.4
-25554.2
-25587.4
-25569.4
-25554.2
-25587.7
-25569.7
-25554.4
-25587.9
-25569.8
-25554.6
-25588.2
-25570.1
-25554.8
-25588.1
-25570.1
-25554.8
-25588.1
-25570
-25554.8
-25588.1
-25570.1
-25554.8
-25588.2
-25570.2
-25554.8
-25588.1
-25570.1
-25554.7
-25587.4
-25569.3
-25554.2
-25587.2
-25569.2
-25554
-25587.1
-25569.1
-25553.9
-25587
-25569.1
-25553.9
-25587.4
-25569.4
-25554.1
-25586.8
-25568.8
-25553.7
-25587.3
-25569.4
-25554.1
-25587
-25569
-25553.9
-25587.1
-25569.1
-25553.9
-25587.1
-25569.1
-25553.8
-25587.5
-25569.4
-25554.2
-25587.3
-25569.4
-25554.1
-25586.7
-25568.8
-25553.6
-25587.2
-25569.2
-25554.1
-25587.6
-25569.7
-25554.4
-25587.5
-25569.6
-25554.4
-25587.8
-25569.9
-25554.7
-25588
-25570
-25554.7
-25587.7
-25569.7
-25554.4
-25587.6
-25569.6
-25554.4
-25587.6
-25569.6
-25554.3
-25588
-25570
-25554.6
-25587.8
-25569.8
-25554.5
-25587.3
-25569.4
-25554.2
-25587.4
-25569.4
-25554.3
-25587.3
-25569.3
-25554
-25586.7
-25568.8
-25553.6
-25587
-25569
-25553.8
-25587.1
-25569.1
-25553.9
-25587
-25569
-25553.9
-25586.9
-25568.9
-25553.7
-25587.4
-25569.4
-25554.1
-25587.9
-25569.9
-25554.5
-25587.3
-25569.4
-25554
-25586.8
-25568.8
-25553.7
-25586.6
-25568.6
-25553.5
-25586.8
-25568.9
-25553.7
-25586.8
-25568.8
-25553.7
-25586.8
-25568.8
-25553.7
-25587.4
-25569.4
-25554.1
-25587.3
-25569.3
-25554.1
-25587.9
-25569.9
-25554.6
-25587.9
-25569.9
-25554.5
-25587.5
-25569.5
-25554.3
-25587.5
-25569.5
-25554.3
-25587.6
-25569.6
-25554.4
-25587.4
-25569.4
-25554.2
-25588
-25569.9
-25554.6
-25587.6
-25569.8
-25554.5
-25587.2
-25569.3
-25554.1
-25587.4
-25569.5
-25554.3
-25587.2
-25569.3
-25554.1
-25587.7
-25569.7
-25554.5
-25588.1
-25570
-25554.7
-25587.6
-25569.6
-25554.4
-25587.5
-25569.5
-25554.3
-25587.3
-25569.3
-25554.2
-25587.8
-25569.7
-25554.5
-25587.9
-25569.9
-25554.6
-25588
-25570
-25554.7
-25587.8
-25569.7
-25554.5
-25588
-25570
-25554.7
-25588.1
-25570.1
-25554.7
-25587.8
-25569.8
-25554.5
-25587.9
-25569.9
-25554.6
-25587.6
-25569.6
-25554.4
-25587.4
-25569.5
-25554.2
-25587.5
-25569.6
-25554.3
-25586.7
-25568.8
-25553.7
-25587.7
-25569.7
-25554.5
-25587.5
-25569.4
-25554.2
-25587.1
-25569.1
-25553.9
-25587.1
-25569.1
-25554
-25587.1
-25569.1
-25553.9
-25587.5
-25569.5
-25554.2
-25587.5
-25569.6
-25554.3
-25587.2
-25569.2
-25554
-25587
-25569
-25553.9
-25587.5
-25569.5
-25554.3
-25587.7
-25569.6
-25554.4
-25587.3
-25569.3
-25554.1
-25587.9
-25569.8
-25554.6
-25587.7
-25569.7
-25554.5
-25587.9
-25569.8
-25554.6
-25587.7
-25569.8
-25554.5
-25587.2
-25569.2
-25554.1
-25587.2
-25569.2
-25554.1
-25586.9
-25569.1
-25553.9
-25587.5
-25569.4
-25554.2
-25587.5
-25569.5
-25554.3
-25587.3
-25569.3
-25554.1
-25587.7
-25569.7
-25554.4
-25587.9
-25569.9
-25554.6
-25588.3
-25570.2
-25554.9
-25588.1
-25570
-25554.8
-25588.1
-25570.1
-25554.8
-25588.1
-25570.1
-25554.8
-25588.1
-25570
-25554.7
-25588.2
-25570.2
-25554.8
-25587.5
-25569.4
-25554.3
-25587.5
-25569.5
-25554.3
-25586.4
-25568.6
-25553.5
-25586.7
-25568.7
-25553.6
-25587
-25569.1
-25553.8
-25586
-25568.2
-25553.1
-25587
-25569.1
-25553.8
-25586.7
-25568.9
-25553.6
-25586.9
-25569
-25553.8
-25587.7
-25569.7
-25554.3
-25587.2
-25569.4
-25554.1
-25587.3
-25569.4
-25554.1
-25587.1
-25569.2
-25554
-25587
-25569
-25553.8
-25587
-25569.1
-25553.9
-25587
-25569
-25553.8
-25587.4
-25569.4
-25554.2
-25587
-25569
-25553.8
-25587
-25569
-25553.8
-25587
-25569
-25553.8
-25587.3
-25569.3
-25554.1
-25587.2
-25569.3
-25554
-25586.9
-25569
-25553.8
-25587.3
-25569.3
-25554
-25586.6
-25568.6
-25553.5
-25588
-25570
-25554.6
-25587.5
-25569.5
-25554.3
-25587.5
-25569.5
-25554.3
-25587.2
-25569.3
-25554.1
-25588
-25569.9
-25554.6
-25587.6
-25569.7
-25554.4
-25587.6
-25569.7
-25554.4
-25587.2
-25569.3
-25554.1
-25587.7
-25569.8
-25554.5
-25587.7
-25569.8
-25554.5
-25587.3
-25569.3
-25554.2
-25587.2
-25569.3
-25554.2
-25586.4
-25568.5
-25553.3
-25585.5
-25567.8
-25552.7
-25586.8
-25568.8
-25553.6
-25586
-25568.1
-25553
-25586.5
-25568.6
-25553.3
-25586.6
-25568.7
-25553.4
-25588.1
-25570.2
-25554.8
-25587.9
-25570
-25554.7
-25587.1
-25569.3
-25554
-25587.4
-25569.5
-25554.2
-25587.5
-25569.6
-25554.3
-25587.7
-25569.8
-25554.4
-25585.7
-25567.9
-25552.9
-25586.9
-25568.9
-25553.6
-25586.6
-25568.7
-25553.4
-25586.6
-25568.7
-25553.3
-25586.9
-25568.9
-25553.7
-25586.7
-25568.8
-25553.4
-25585.3
-25567.6
-25552.6
-25588
-25570
-25554.7
-25587.9
-25570
-25554.7
-25587.9
-25569.9
-25554.6
-25588.2
-25570.2
-25554.8
-25587.9
-25570
-25554.7
-25587.6
-25569.7
-25554.4
-25587.6
-25569.7
-25554.4
-25587.2
-25569.4
-25554.1
-25587.5
-25569.5
-25554.2
-25587.1
-25569
-25553.9
-25587.1
-25569.1
-25553.9
-25586.9
-25568.9
-25553.7
-25587.5
-25569.4
-25554.2
-25587.3
-25569.3
-25554
-25587.4
-25569.4
-25554.1
-25586.5
-25568.6
-25553.4
-25587.6
-25569.6
-25554.3
-25587.2
-25569.3
-25554
-25586.9
-25568.9
-25553.7
-25586.7
-25568.8
-25553.7
-25587.6
-25569.7
-25554.4
-25588.1
-25570.2
-25554.7
-25587.5
-25569.6
-25554.3
-25587.9
-25569.9
-25554.6
-25587.5
-25569.6
-25554.3
-25587.8
-25569.8
-25554.4
-25587.8
-25569.8
-25554.5
-25587.8
-25569.9
-25554.6
-25587.8
-25569.9
-25554.5
-25587.6
-25569.6
-25554.3
-25587.5
-25569.5
-25554.3
-25587.4
-25569.4
-25554.2
-25587.9
-25569.9
-25554.6
-25587.3
-25569.3
-25554.2
-25587.5
-25569.5
-25554.3
-25587.3
-25569.3
-25554.1
-25587.8
-25569.8
-25554.5
-25587.6
-25569.7
-25554.4
-25587.7
-25569.7
-25554.4
-25587.3
-25569.4
-25554.2
-25587.4
-25569.4
-25554.2
-25587.7
-25569.8
-25554.5
-25587.8
-25569.9
-25554.5
-25587.6
-25569.6
-25554.4
-25587
-25569.1
-25553.9
-25586.7
-25568.8
-25553.7
-25587.6
-25569.7
-25554.5
-25587.4
-25569.4
-25554.1
-25586.5
-25568.7
-25553.6
-25587
-25569.1
-25553.8
-25586.2
-25568.4
-25553.3
-25587
-25569.2
-25553.9
-25586.7
-25568.9
-25553.6
-25587.1
-25569.3
-25554
-25587.2
-25569.3
-25554
-25586.8
-25569
-25553.7
-25586
-25568.2
-25553.2
-25586.9
-25569
-25553.8
-25586.7
-25568.9
-25553.6
-25587
-25569.1
-25553.8
-25587.4
-25569.5
-25554.2
-25586.2
-25568.4
-25553.3
-25587.4
-25569.5
-25554.1
-25587.3
-25569.4
-25554.1
-25587.1
-25569.3
-25554
-25587.4
-25569.5
-25554.2
-25586.9
-25569
-25553.8
-25587.1
-25569.1
-25554
-25586.3
-25568.5
-25553.4
-25587.4
-25569.4
-25554.1
-25587.3
-25569.4
-25554
-25586.8
-25568.8
-25553.6
-25586.8
-25568.8
-25553.7
-25587.1
-25569.2
-25553.9
-25586.2
-25568.3
-25553.2
-25586.6
-25568.6
-25553.4
-25586.9
-25568.9
-25553.7
-25586.9
-25568.9
-25553.8
-25586.8
-25568.8
-25553.7
-25587.4
-25569.3
-25554.1
-25587.4
-25569.4
-25554.2
-25586.9
-25568.9
-25553.7
-25587.2
-25569.2
-25553.9
-25586.8
-25568.9
-25553.7
-25587.4
-25569.4
-25554.1
-25587.3
-25569.2
-25554.1
-25587.6
-25569.5
-25554.3
-25587.6
-25569.6
-25554.3
-25587.7
-25569.7
-25554.4
-25587.8
-25569.9
-25554.6
-25587.5
-25569.5
-25554.3
-25587.9
-25569.8
-25554.5
-25587.4
-25569.5
-25554.3
-25587.4
-25569.4
-25554.2
-25587.5
-25569.5
-25554.2
-25587.1
-25569.2
-25554.1
-25587.8
-25569.7
-25554.5
-25587.9
-25569.9
-25554.6
-25587.4
-25569.4
-25554.2
-25587.3
-25569.3
-25554.2
-25587.2
-25569.2
-25554.1
-25587.9
-25569.8
-25554.5
-25587.9
-25569.8
-25554.6
-25585.8
-25568
-25553
-25587
-25569
-25553.7
-25586.6
-25568.7
-25553.4
-25586.6
-25568.7
-25553.4
-25587
-25569
-25553.7
-25586.9
-25568.9
-25553.6
-25585.8
-25567.9
-25552.9
-25587.8
-25569.9
-25554.6
-25587.7
-25569.8
-25554.5
-25587.8
-25569.8
-25554.5
-25588.1
-25570.2
-25554.8
-25587.9
-25570
-25554.6
-25587.6
-25569.7
-25554.4
-25587.6
-25569.7
-25554.4
-25587.1
-25569.3
-25554
-25586.5
-25568.6
-25553.3
-25586.4
-25568.5
-25553.2
-25586.9
-25569
-25553.7
-25587.1
-25569.1
-25553.8
-25585.6
-25567.8
-25552.8
-25586.9
-25568.9
-25553.6
-25585.7
-25567.9
-25552.8
-25586.8
-25568.9
-25553.6
-25587
-25569
-25553.8
-25587.7
-25569.8
-25554.4
-25588.1
-25570.3
-25554.9
-25588
-25570.2
-25554.8
-25587.9
-25569.9
-25554.7
-25587.7
-25569.7
-25554.5
-25587.9
-25570
-25554.7
-25588
-25570
-25554.7
-25588.1
-25570.2
-25554.8
-25587.2
-25569.4
-25554.2
-25587.3
-25569.4
-25554.2
-25587.1
-25569.3
-25554.1
-25586.9
-25569
-25553.9
-25587.2
-25569.3
-25554
-25586.9
-25568.9
-25553.8
-25587.2
-25569.2
-25554
-25586.9
-25569
-25553.8
-25586.7
-25568.7
-25553.6
-25586.7
-25568.7
-25553.6
-25586.7
-25568.7
-25553.6
-25587.2
-25569.2
-25554
-25587.4
-25569.4
-25554.1
-25587.4
-25569.4
-25554.2
-25587.1
-25569.1
-25553.9
-25587.3
-25569.3
-25554
-25586.9
-25568.9
-25553.7
-25587.4
-25569.4
-25554.2
-25587.5
-25569.5
-25554.2
-25587.2
-25569.3
-25554.2
-25587.3
-25569.4
-25554.2
-25587.3
-25569.3
-25554
-25587.9
-25570
-25554.7
-25587.5
-25569.6
-25554.3
-25588.1
-25570.2
-25554.7
-25587.6
-25569.8
-25554.4
-25588.3
-25570.3
-25555
-25588.8
-25570.8
-25555.3
-25587.9
-25569.9
-25554.6
-25587.7
-25569.8
-25554.5
-25587.6
-25569.7
-25554.5
-25587.7
-25569.7
-25554.4
-25588
-25570.1
-25554.7
-25587.8
-25569.9
-25554.6
-25587.8
-25569.8
-25554.5
-25587.3
-25569.4
-25554.2
-25587.5
-25569.5
-25554.3
-25587.8
-25569.9
-25554.6
-25587.7
-25569.8
-25554.5
-25587.7
-25569.7
-25554.4
-25587.2
-25569.3
-25554.1
-25587.5
-25569.5
-25554.3
-25587.7
-25569.8
-25554.5
-25588
-25570
-25554.7
-25587.8
-25569.8
-25554.5
-25587.6
-25569.7
-25554.4
-25587.8
-25569.7
-25554.5
-25587.5
-25569.5
-25554.3
-25588.1
-25570
-25554.7
-25587.9
-25569.9
-25554.6
-25587.5
-25569.5
-25554.3
-25587.3
-25569.3
-25554.1
-25587.3
-25569.3
-25554.2
-25587.8
-25569.8
-25554.5
-25588.1
-25570
-25554.7
-25586.8
-25569
-25553.7
-25587.1
-25569.2
-25553.9
-25587.3
-25569.4
-25554.1
-25587.1
-25569.2
-25553.9
-25586.2
-25568.4
-25553.4
-25586.8
-25568.9
-25553.7
-25587
-25569
-25553.9
-25587.5
-25569.5
-25554.2
-25586.3
-25568.5
-25553.5
-25587.7
-25569.7
-25554.4
-25587.7
-25569.6
-25554.4
-25587.8
-25569.8
-25554.5
-25587.8
-25569.8
-25554.5
-25587.8
-25569.8
-25554.5
-25588
-25569.9
-25554.6
-25587.8
-25569.7
-25554.5
-25587.5
-25569.6
-25554.3
-25587.5
-25569.6
-25554.3
-25587
-25569
-25553.9
-25587.7
-25569.7
-25554.4
-25587.7
-25569.7
-25554.3
-25587.1
-25569.1
-25553.9
-25587.2
-25569.2
-25554
-25587
-25569
-25553.9
-25587.5
-25569.5
-25554.2
-25586.4
-25568.5
-25553.4
-25586
-25568.2
-25553.2
-25587.4
-25569.5
-25554.2
-25587.4
-25569.4
-25554.2
-25587.5
-25569.5
-25554.3
-25587.3
-25569.3
-25554.1
-25588
-25570
-25554.6
-25587.7
-25569.7
-25554.4
-25588.1
-25570
-25554.7
-25587.3
-25569.3
-25554.1
-25587.4
-25569.4
-25554.2
-25587
-25569.1
-25553.9
-25587.5
-25569.6
-25554.3
-25587.5
-25569.5
-25554.3
-25587.7
-25569.7
-25554.5
-25587.4
-25569.4
-25554.2
-25587.4
-25569.4
-25554.2
-25587.3
-25569.3
-25554.1
-25588.1
-25570.1
-25554.8
-25588.1
-25570.1
-25554.8
-25588
-25570
-25554.7
-25588.2
-25570.2
-25554.8
-25588.3
-25570.2
-25554.9
-25588.1
-25570
-25554.7
-25587.5
-25569.5
-25554.3
-25587.4
-25569.4
-25554.1
-25587.2
-25569.3
-25554
-25587.3
-25569.3
-25554
-25586.8
-25568.8
-25553.6
-25587.4
-25569.4
-25554.1
-25586.9
-25568.9
-25553.7
-25587
-25569
-25553.8
-25586.8
-25568.8
-25553.6
-25587.4
-25569.3
-25554.1
-25587
-25569
-25553.8
-25586.7
-25568.8
-25553.7
-25587.2
-25569.3
-25554
-25587.4
-25569.4
-25554.2
-25587.3
-25569.3
-25554.1
-25586.9
-25569
-25553.9
-25587.7
-25569.6
-25554.4
-25587.3
-25569.5
-25554.2
-25587.5
-25569.6
-25554.3
-25587.2
-25569.3
-25554.1
-25587.1
-25569.2
-25554
-25588
-25570.1
-25554.7
-25587.8
-25569.8
-25554.5
-25587.6
-25569.5
-25554.3
-25587.3
-25569.4
-25554.2
-25587.2
-25569.2
-25554
-25587.3
-25569.4
-25554.2
-25587.1
-25569.2
-25554.1
-25587.6
-25569.7
-25554.4
-25587.7
-25569.8
-25554.4
-25588
-25570.1
-25554.8
-25586.9
-25569
-25553.8
-25587
-25569
-25553.8
-25587
-25569
-25553.8
-25587.1
-25569.1
-25553.9
-25587.5
-25569.5
-25554.2
-25587.7
-25569.6
-25554.3
-25586.9
-25568.9
-25553.8
-25587.3
-25569.2
-25554
-25586.8
-25568.9
-25553.8
-25587.2
-25569.3
-25554
-25587.1
-25569.1
-25553.9
-25587.1
-25569.1
-25553.9
-25587
-25569
-25553.8
-25587.3
-25569.2
-25554
-25587.4
-25569.3
-25554.1
-25587.7
-25569.6
-25554.3
-25587.9
-25570
-25554.6
-25587.7
-25569.8
-25554.5
-25587.4
-25569.4
-25554.3
-25587.3
-25569.3
-25554.2
-25587.8
-25569.9
-25554.7
-25588
-25570
-25554.7
-25587.8
-25569.8
-25554.5
-25587.7
-25569.7
-25554.5
-25587.7
-25569.7
-25554.5
-25587.5
-25569.5
-25554.3
-25588.1
-25570.1
-25554.8
-25588.1
-25570
-25554.7
-25587.4
-25569.4
-25554.2
-25588
-25569.9
-25554.6
-25587.6
-25569.7
-25554.4
-25587.6
-25569.7
-25554.4
-25587.9
-25569.9
-25554.7
-25587.7
-25569.7
-25554.4
-25587.8
-25569.8
-25554.5
-25587.4
-25569.4
-25554.2
-25587.6
-25569.6
-25554.4
-25587.3
-25569.3
-25554.2
-25587.7
-25569.6
-25554.4
-25587.7
-25569.6
-25554.4
-25587.5
-25569.5
-25554.3
-25587.6
-25569.6
-25554.4
-25587.6
-25569.6
-25554.3
-25587.8
-25569.8
-25554.5
-25587.8
-25569.8
-25554.5
-25587.9
-25569.8
-25554.5
-25587.3
-25569.3
-25554.1
-25587.3
-25569.3
-25554.1
-25587.3
-25569.3
-25554.1
-25587.5
-25569.4
-25554.2
-25587.4
-25569.5
-25554.2
-25587.6
-25569.6
-25554.3
-25586.6
-25568.7
-25553.6
-25586.5
-25568.7
-25553.6
-25587.8
-25569.8
-25554.5
-25587.3
-25569.3
-25554.1
-25587.3
-25569.4
-25554.1
-25587.2
-25569.2
-25554
-25587.7
-25569.6
-25554.3
-25586.9
-25568.9
-25553.8
-25586.8
-25568.9
-25553.8
-25587.4
-25569.5
-25554.2
-25587.5
-25569.5
-25554.2
-25587.7
-25569.7
-25554.5
-25587.9
-25569.9
-25554.6
-25588.1
-25570
-25554.7
-25587.6
-25569.7
-25554.4
-25587.7
-25569.7
-25554.4
-25587.2
-25569.3
-25554.1
-25587.2
-25569.2
-25554.1
-25587.8
-25569.9
-25554.6
-25587.5
-25569.5
-25554.3
-25587.5
-25569.5
-25554.2
-25587.3
-25569.3
-25554.2
-25587.9
-25569.8
-25554.5
-25587.9
-25569.8
-25554.5
-25587.2
-25569.2
-25554
-25587.5
-25569.5
-25554.2
-25587.5
-25569.6
-25554.3
-25587.7
-25569.7
-25554.4
-25587.8
-25569.8
-25554.5
-25587.9
-25569.8
-25554.5
-25587.8
-25569.7
-25554.5
-25587.5
-25569.5
-25554.3
-25587.4
-25569.4
-25554.2
-25587.2
-25569.3
-25554.1
-25587.2
-25569.2
-25554
-25587.7
-25569.7
-25554.4
-25587
-25569
-25553.8
-25587.4
-25569.4
-25554.1
-25587.6
-25569.6
-25554.4
-25588.1
-25570.2
-25554.8
-25587.5
-25569.5
-25554.3
-25587.3
-25569.3
-25554.2
-25587.8
-25569.8
-25554.5
-25587.8
-25569.8
-25554.5
-25587.4
-25569.4
-25554.1
-25587.5
-25569.5
-25554.2
-25587.1
-25569.2
-25554.1
-25587.9
-25569.9
-25554.6
-25587.4
-25569.4
-25554.2
-25587.5
-25569.5
-25554.2
-25587.8
-25569.9
-25554.5
-25587
-25569
-25553.9
-25588.1
-25570.1
-25554.8
-25587.7
-25569.7
-25554.4
-25587.6
-25569.7
-25554.5
-25587.3
-25569.4
-25554.1
-25586.6
-25568.7
-25553.5
-25587.2
-25569.4
-25554.1
-25587.6
-25569.6
-25554.3
-25587.6
-25569.6
-25554.3
-25587.4
-25569.5
-25554.3
-25587.5
-25569.6
-25554.3
-25586.7
-25568.8
-25553.7
-25587.8
-25569.8
-25554.4
-25587.3
-25569.3
-25554
-25587.8
-25569.9
-25554.5
-25586.9
-25569
-25553.7
-25587.5
-25569.6
-25554.4
-25587.3
-25569.4
-25554.2
-25586.6
-25568.6
-25553.5
-25586.6
-25568.7
-25553.7
-25588
-25570.1
-25554.7
-25587.7
-25569.7
-25554.4
-25586.9
-25569
-25553.9
-25587.9
-25570
-25554.6
-25587.3
-25569.3
-25554.1
-25587.8
-25569.8
-25554.5
-25587.3
-25569.4
-25554.1
-25588
-25570.1
-25554.7
-25587.4
-25569.4
-25554.1
-25586.9
-25569
-25553.9
-25587.4
-25569.5
-25554.2
-25586.1
-25568.2
-25553.2
-25587.4
-25569.5
-25554.1
-25586.6
-25568.7
-25553.5
-25588.1
-25570.1
-25554.7
-25587.7
-25569.7
-25554.4
-25588.2
-25570.3
-25554.8
-25587.4
-25569.5
-25554.1
-25586.8
-25568.9
-25553.8
-25587.8
-25569.9
-25554.5
-25587.2
-25569.3
-25554
-25587.4
-25569.5
-25554.2
-25586.4
-25568.5
-25553.4
-25586.5
-25568.7
-25553.6
-25587.9
-25570
-25554.6
-25587.1
-25569.2
-25553.9
-25586.8
-25569
-25553.7
-25587
-25569.2
-25553.8
-25586.9
-25569.1
-25553.8
-25587.3
-25569.4
-25554.1
-25587.1
-25569.2
-25554
-25586.8
-25568.9
-25553.7
-25587.3
-25569.4
-25554.2
-25586.8
-25569
-25553.7
-25586.5
-25568.6
-25553.5
-25586.5
-25568.7
-25553.6
-25587.9
-25570
-25554.6
-25586.9
-25569
-25553.8
-25587
-25569.1
-25553.9
-25587.2
-25569.3
-25554.1
-25587.3
-25569.4
-25554.2
-25587.4
-25569.4
-25554.2
-25587.7
-25569.7
-25554.4
-25587.6
-25569.6
-25554.3
-25587.4
-25569.4
-25554.2
-25587.7
-25569.7
-25554.4
-25586.6
-25568.7
-25553.6
-25587.5
-25569.5
-25554.2
-25587.4
-25569.5
-25554.2
-25587.3
-25569.3
-25554.2
-25587.8
-25569.8
-25554.5
-25586.8
-25568.9
-25553.7
-25587
-25569
-25553.8
-25587.4
-25569.4
-25554.2
-25587.4
-25569.4
-25554.2
-25587.7
-25569.7
-25554.4
-25587.6
-25569.6
-25554.4
-25587.8
-25569.8
-25554.5
-25587.6
-25569.6
-25554.3
-25587.7
-25569.7
-25554.5
-25587.3
-25569.3
-25554.1
-25587.7
-25569.7
-25554.4
-25587
-25569.1
-25553.8
-25587.7
-25569.8
-25554.4
-25586.8
-25568.8
-25553.7
-25587.6
-25569.6
-25554.2
-25586.7
-25568.8
-25553.6
-25587.2
-25569.2
-25554
-25587.1
-25569.2
-25554
-25587.7
-25569.7
-25554.4
-25587.4
-25569.4
-25554.1
-25587.3
-25569.4
-25554.2
-25586.7
-25568.8
-25553.6
-25587.7
-25569.7
-25554.5
-25587.5
-25569.6
-25554.3
-25587.5
-25569.5
-25554.3
-25588
-25570
-25554.7
-25587.7
-25569.8
-25554.3
-25586.5
-25568.6
-25553.4
-25587.4
-25569.4
-25554.1
-25586.5
-25568.5
-25553.4
-25587.7
-25569.8
-25554.4
-25587.6
-25569.7
-25554.4
-25586.4
-25568.6
-25553.4
-25587.5
-25569.5
-25554.1
-25586.1
-25568.2
-25553
-25587.6
-25569.6
-25554.3
-25587.9
-25570
-25554.6
-25587.5
-25569.5
-25554.2
-25587.4
-25569.5
-25554.2
-25586.3
-25568.4
-25553.2
-25587.6
-25569.6
-25554.3
-25588
-25570
-25554.6
-25587.5
-25569.5
-25554.3
-25587.5
-25569.5
-25554.3
-25588
-25570
-25554.7
-25587.9
-25569.9
-25554.6
-25587
-25569
-25553.8
-25586.7
-25568.8
-25553.6
-25587.5
-25569.5
-25554.2
-25586.9
-25569
-25553.7
-25586.5
-25568.6
-25553.4
-25587.8
-25569.9
-25554.5
-25586.9
-25569
-25553.8
-25587.7
-25569.7
-25554.4
-25587.2
-25569.2
-25554
-25587.9
-25570
-25554.6
-25586.6
-25568.8
-25553.7
-25587.1
-25569.1
-25554
-25586.3
-25568.4
-25553.3
-25587.5
-25569.5
-25554.2
-25587.7
-25569.7
-25554.4
-25587.4
-25569.4
-25554.2
-25587.7
-25569.6
-25554.4
-25588
-25570
-25554.6
-25587.9
-25569.9
-25554.5
-25587.5
-25569.5
-25554.3
-25587.9
-25569.9
-25554.6
-25586.6
-25568.7
-25553.4
-25587.2
-25569.3
-25553.9
-25586.3
-25568.4
-25553.2
-25587.4
-25569.4
-25554.1
-25588.3
-25570.4
-25554.9
-25587.5
-25569.5
-25554.3
-25587.5
-25569.5
-25554.3
-25587.5
-25569.5
-25554.1
-25586.2
-25568.3
-25553.1
-25587.2
-25569.3
-25553.9
-25586.3
-25568.4
-25553.2
-25586.9
-25568.9
-25553.8
-25587.2
-25569.2
-25554
-25587.7
-25569.8
-25554.4
-25587.6
-25569.7
-25554.4
-25587.6
-25569.7
-25554.4
-25587.3
-25569.3
-25554.1
-25587.6
-25569.6
-25554.3
-25587.5
-25569.5
-25554.3
-25588
-25570
-25554.6
-25587.6
-25569.6
-25554.3
-25587.9
-25570
-25554.7
-25587.9
-25569.9
-25554.6
-25586.8
-25568.9
-25553.7
-25587.3
-25569.3
-25554.1
-25587
-25569.1
-25553.9
-25587
-25569.1
-25553.9
-25587.1
-25569.1
-25553.9
-25587.4
-25569.4
-25554.2
-25587.6
-25569.6
-25554.4
-25587.5
-25569.6
-25554.3
-25586.7
-25568.8
-25553.6
-25587
-25569
-25553.8
-25587.5
-25569.4
-25554.2
-25587.7
-25569.7
-25554.4
-25587.8
-25569.8
-25554.5
-25587.4
-25569.4
-25554.2
-25586.9
-25568.9
-25553.7
-25587.3
-25569.3
-25554
-25587.9
-25569.9
-25554.6
-25587.7
-25569.7
-25554.5
-25587.5
-25569.6
-25554.3
-25587.6
-25569.6
-25554.3
-25587.8
-25569.8
-25554.5
-25587.7
-25569.7
-25554.4
-25587.4
-25569.5
-25554.2
-25587.2
-25569.3
-25554.1
-25587.9
-25569.9
-25554.6
-25586.4
-25568.5
-25553.4
-25586.9
-25568.9
-25553.7
-25587.5
-25569.7
-25554.3
-25587.9
-25570
-25554.6
-25587
-25569.1
-25553.9
-25588.3
-25570.3
-25554.9
-25586.6
-25568.7
-25553.5
-25587.1
-25569.1
-25553.9
-25587.7
-25569.8
-25554.5
-25587.5
-25569.6
-25554.3
-25587
-25569.1
-25553.9
-25588
-25570.1
-25554.6
-25586.7
-25568.8
-25553.7
-25587.3
-25569.3
-25554.1
-25587.8
-25569.9
-25554.6
-25587.6
-25569.7
-25554.4
-25587.8
-25569.8
-25554.5
-25587.3
-25569.3
-25554
-25588.1
-25570.1
-25554.7
-25586.6
-25568.8
-25553.6
-25587.2
-25569.3
-25554.1
-25588.1
-25570.2
-25554.8
-25586.7
-25568.8
-25553.7
-25587.2
-25569.2
-25554
-25587.8
-25570
-25554.6
-25586.3
-25568.5
-25553.4
-25587
-25569
-25553.8
-25587.7
-25569.8
-25554.5
-25587.7
-25569.8
-25554.5
-25587.7
-25569.8
-25554.5
-25588.1
-25570.1
-25554.7
-25587.4
-25569.5
-25554.3
-25587.3
-25569.4
-25554.2
-25588.1
-25570.1
-25554.8
-25587.6
-25569.7
-25554.4
-25587.4
-25569.5
-25554.3
-25588.2
-25570.2
-25554.8
-25587.4
-25569.6
-25554.3
-25587.6
-25569.8
-25554.5
-25588.3
-25570.4
-25555
-25586.7
-25569
-25554
-25586.7
-25568.8
-25553.6
-25586.3
-25568.4
-25553.4
-25587.4
-25569.4
-25554.1
-25587.9
-25570
-25554.6
-25586.3
-25568.4
-25553.3
-25587.2
-25569.2
-25554
-25588
-25570.1
-25554.7
-25587.7
-25569.7
-25554.4
-25587.6
-25569.7
-25554.4
-25587.9
-25569.9
-25554.5
-25587.9
-25569.9
-25554.5
-25587
-25569.1
-25553.9
-25588.5
-25570.5
-25555
-25587.6
-25569.7
-25554.3
-25587.2
-25569.3
-25554
-25588.1
-25570.2
-25554.8
-25586.4
-25568.6
-25553.5
-25586.5
-25568.7
-25553.5
-25587.3
-25569.4
-25554.2
-25587.4
-25569.5
-25554.3
-25587.9
-25569.9
-25554.6
-25587.6
-25569.8
-25554.4
-25588.1
-25570.2
-25554.7
-25587.5
-25569.5
-25554.3
-25587.6
-25569.6
-25554.3
-25587.6
-25569.7
-25554.4
-25587.6
-25569.7
-25554.4
-25588.1
-25570.1
-25554.7
-25587.4
-25569.4
-25554.2
-25587.9
-25569.9
-25554.6
-25587.3
-25569.3
-25554
-25587.4
-25569.4
-25554.1
-25587.4
-25569.5
-25554.2
-25587.4
-25569.4
-25554.2
-25588
-25570.1
-25554.7
-25587.8
-25569.8
-25554.4
-25587.5
-25569.5
-25554.2
-25587.1
-25569.1
-25553.9
-25587.5
-25569.4
-25554.2
-25587.6
-25569.7
-25554.4
-25588
-25569.9
-25554.6
-25588.1
-25570
-25554.7
-25588.1
-25570.1
-25554.8
-25588.2
-25570.2
-25554.8
-25587.9
-25569.9
-25554.5
-25587.6
-25569.5
-25554.3
-25587.8
-25569.8
-25554.5
-25587.7
-25569.8
-25554.5
-25587.8
-25570
-25554.8
-25587.9
-25569.9
-25554.3
-25586.9
-25569
-25553.8
-25586.9
-25569
-25553.8
-25586.9
-25569
-25553.8
-25587.1
-25569.2
-25554
-25587.8
-25570
-25554.6
-25587.7
-25569.8
-25554.4
-25587.3
-25569.3
-25554.1
-25586.8
-25568.8
-25553.6
-25587.3
-25569.3
-25554.1
-25587.3
-25569.4
-25554.2
-25587.2
-25569.3
-25554.1
-25587.8
-25569.9
-25554.6
-25587.9
-25570
-25554.6
-25588.4
-25570.4
-25554.9
-25587.9
-25569.9
-25554.5
-25587.4
-25569.4
-25554.1
-25587.2
-25569.2
-25553.9
-25587.3
-25569.4
-25554.1
-25587.3
-25569.4
-25554.1
-25588.1
-25570.1
-25554.7
-25587
-25569.1
-25554
-25587.5
-25569.5
-25554.3
-25588
-25570.1
-25554.7
-25587.2
-25569.4
-25554.1
-25587.4
-25569.4
-25554.1
-25587.4
-25569.4
-25554.3
-25587.4
-25569.6
-25554.3
-25588.1
-25570.2
-25554.7
-25587.2
-25569.3
-25554.1
-25587
-25569.1
-25553.9
-25587.1
-25569.2
-25554
-25587.8
-25569.9
-25554.5
-25587.6
-25569.6
-25554.3
-25587.2
-25569.3
-25554
-25587.5
-25569.5
-25554.2
-25587.6
-25569.6
-25554.3
-25587.8
-25569.7
-25554.5
-25587.9
-25569.8
-25554.6
-25588
-25570
-25554.7
-25587.5
-25569.4
-25554.3
-25588
-25570
-25554.6
-25587.6
-25569.6
-25554.3
-25587.2
-25569.2
-25553.9
-25587.4
-25569.4
-25554.1
-25587.3
-25569.3
-25554
-25587.1
-25569.2
-25554.1
-25587.3
-25569.3
-25554.1
-25587.4
-25569.4
-25554.2
-25587.8
-25569.8
-25554.4
-25587.8
-25569.7
-25554.5
-25588.1
-25570.1
-25554.8
-25588
-25570
-25554.7
-25587.3
-25569.3
-25554.2
-25587.3
-25569.4
-25554.2
-25587.1
-25569.2
-25554
-25587.1
-25569.2
-25554
-25586.8
-25568.9
-25553.8
-25586.5
-25568.7
-25553.6
-25587
-25569.1
-25554
-25586.6
-25568.7
-25553.6
-25587
-25569.1
-25553.9
-25586.5
-25568.7
-25553.5
-25587.5
-25569.5
-25554.3
-25587.5
-25569.6
-25554.3
-25588.2
-25570.2
-25554.8
-25587.9
-25570
-25554.7
-25588.3
-25570.3
-25554.9
-25586.6
-25568.7
-25553.6
-25586.8
-25568.9
-25553.7
-25587.2
-25569.3
-25554.1
-25587.8
-25569.7
-25554.4
-25587.6
-25569.5
-25554.2
-25587.6
-25569.5
-25554.2
-25587.7
-25569.7
-25554.5
-25587.5
-25569.5
-25554.3
-25587.5
-25569.4
-25554.3
-25587.8
-25569.8
-25554.5
-25587.6
-25569.6
-25554.3
-25587.5
-25569.4
-25554.2
-25587.8
-25569.8
-25554.5
-25587.8
-25569.7
-25554.4
-25587.6
-25569.6
-25554.3
-25587.5
-25569.6
-25554.3
-25587.6
-25569.6
-25554.3
-25587.7
-25569.7
-25554.4
-25587.7
-25569.8
-25554.5
-25587.9
-25569.9
-25554.5
-25587.5
-25569.4
-25554.2
-25587.7
-25569.7
-25554.4
-25587.6
-25569.6
-25554.4
-25587.9
-25570
-25554.5
-25587
-25569
-25553.9
-25587.5
-25569.5
-25554.2
-25587.7
-25569.7
-25554.4
-25587.7
-25569.7
-25554.4
-25587.9
-25570
-25554.6
-25587.8
-25569.8
-25554.5
-25587.7
-25569.8
-25554.5
-25588.3
-25570.3
-25554.8
-25588
-25570
-25554.6
-25587.8
-25569.8
-25554.5
-25588.3
-25570.3
-25554.9
-25588.1
-25570.1
-25554.7
-25587.4
-25569.3
-25554.2
-25587.5
-25569.4
-25554.3
-25588.1
-25570.1
-25554.8
-25588.1
-25570
-25554.7
-25587.9
-25569.9
-25554.6
-25586.4
-25568.5
-25553.4
-25588
-25570
-25554.6
-25587.4
-25569.4
-25554.1
-25587.6
-25569.6
-25554.3
-25587.4
-25569.4
-25554.1
-25587.4
-25569.4
-25554.1
-25587.5
-25569.5
-25554.2
-25587.4
-25569.5
-25554.2
-25587.6
-25569.6
-25554.3
-25587.5
-25569.6
-25554.2
-25586.7
-25568.8
-25553.6
-25587.5
-25569.5
-25554.2
-25587.6
-25569.7
-25554.3
-25588.1
-25570.1
-25554.8
-25587.8
-25569.8
-25554.5
-25587.8
-25569.9
-25554.6
-25588.1
-25570.1
-25554.7
-25587.7
-25569.7
-25554.4
-25587.9
-25569.9
-25554.6
-25587.9
-25569.9
-25554.6
-25586.4
-25568.5
-25553.5
-25587.7
-25569.7
-25554.3
-25587.7
-25569.8
-25554.4
-25587.5
-25569.5
-25554.2
-25587.6
-25569.6
-25554.3
-25587.5
-25569.6
-25554.2
-25587.5
-25569.6
-25554.2
-25587.1
-25569.1
-25553.9
-25587.5
-25569.5
-25554.2
-25587.8
-25569.8
-25554.5
-25587.9
-25570
-25554.7
-25588.3
-25570.3
-25554.9
-25587.9
-25569.9
-25554.6
-25587.8
-25569.9
-25554.6
-25588.2
-25570.2
-25554.8
-25588
-25570
-25554.7
-25588.1
-25570.1
-25554.7
-25587.5
-25569.5
-25554.3
-25587.4
-25569.3
-25554.2
-25587.8
-25569.8
-25554.4
-25587.4
-25569.4
-25554.2
-25587.5
-25569.5
-25554.2
-25587.6
-25569.7
-25554.4
-25587.6
-25569.7
-25554.3
-25587.7
-25569.8
-25554.5
-25587.8
-25569.8
-25554.5
-25587.3
-25569.3
-25554.1
-25587.4
-25569.4
-25554.2
-25587.7
-25569.8
-25554.5
-25588.1
-25570.1
-25554.7
-25588
-25570
-25554.6
-25587.6
-25569.7
-25554.4
-25587.7
-25569.8
-25554.5
-25587.8
-25569.8
-25554.5
-25588.1
-25570.1
-25554.7
-25587.7
-25569.7
-25554.4
-25587.7
-25569.6
-25554.4
-25588
-25569.9
-25554.6
-25588.1
-25570
-25554.7
-25586.7
-25568.8
-25553.7
-25587.8
-25569.9
-25554.5
-25586.9
-25569
-25553.8
-25588
-25570
-25554.6
-25587.6
-25569.7
-25554.4
-25586.9
-25569
-25553.8
-25588
-25570
-25554.6
-25586.5
-25568.6
-25553.5
-25587.7
-25569.7
-25554.4
-25587.5
-25569.7
-25554.4
-25587.7
-25569.7
-25554.5
-25587
-25569.1
-25553.9
-25587.9
-25569.9
-25554.6
-25587.1
-25569.3
-25554
-25586.7
-25568.8
-25553.7
-25587.1
-25569.1
-25553.9
-25587.6
-25569.8
-25554.4
-25587.1
-25569.2
-25554
-25586.4
-25568.5
-25553.4
-25588.2
-25570.3
-25554.8
-25587.3
-25569.4
-25554.1
-25587.5
-25569.5
-25554.2
-25587.8
-25569.8
-25554.4
-25586.9
-25568.9
-25553.7
-25587.5
-25569.5
-25554.2
-25587.4
-25569.4
-25554.1
-25587.4
-25569.4
-25554.1
-25587.4
-25569.4
-25554.1
-25587.4
-25569.4
-25554.1
-25587.4
-25569.5
-25554.1
-25587.4
-25569.4
-25554.1
-25588.3
-25570.4
-25554.9
-25587.6
-25569.6
-25554.4
-25587.9
-25569.9
-25554.5
-25587.6
-25569.7
-25554.5
-25587.6
-25569.6
-25554.4
-25587.8
-25569.9
-25554.6
-25587.8
-25569.9
-25554.6
-25587.5
-25569.6
-25554.2
-25586.7
-25568.8
-25553.6
-25587.8
-25569.9
-25554.4
-25587.3
-25569.4
-25554.1
-25587
-25569.1
-25553.8
-25587.9
-25569.9
-25554.5
-25586.3
-25568.4
-25553.3
-25586.6
-25568.7
-25553.6
-25587.3
-25569.4
-25554.1
-25586.7
-25568.9
-25553.7
-25587
-25569.1
-25553.9
-25587.1
-25569.3
-25554
-25586.9
-25569
-25553.7
-25587.1
-25569.2
-25554
-25587
-25569
-25553.9
-25587.4
-25569.5
-25554.2
-25586.5
-25568.5
-25553.3
-25587.4
-25569.4
-25554
-25587.6
-25569.6
-25554.2
-25587.3
-25569.3
-25554.1
-25587.3
-25569.5
-25554.2
-25586.9
-25569
-25553.9
-25587.1
-25569.2
-25554
-25586.2
-25568.3
-25553.2
-25587.8
-25569.9
-25554.5
-25587.1
-25569.1
-25553.9
-25587.4
-25569.4
-25554.2
-25587.4
-25569.4
-25554.1
-25587.4
-25569.4
-25554.1
-25587.5
-25569.5
-25554.2
-25587.4
-25569.4
-25554.1
-25588.3
-25570.3
-25554.9
-25587.5
-25569.5
-25554.3
-25588.1
-25570.1
-25554.7
-25587.1
-25569.2
-25554
-25587.7
-25569.8
-25554.5
-25588
-25570
-25554.7
-25587.6
-25569.6
-25554.3
-25587.3
-25569.4
-25554.1
-25586.9
-25569
-25553.8
-25587.1
-25569.1
-25554
-25587.1
-25569.2
-25554
-25586.3
-25568.5
-25553.5
-25587.1
-25569.1
-25553.9
-25586.7
-25568.8
-25553.6
-25587.7
-25569.8
-25554.4
-25586.8
-25569
-25553.8
-25587.1
-25569.2
-25554.1
-25587.2
-25569.3
-25554.2
-25587.7
-25569.8
-25554.5
-25587.6
-25569.7
-25554.4
-25588.2
-25570.3
-25554.8
-25587.1
-25569.2
-25553.9
-25586.5
-25568.6
-25553.5
-25587
-25569
-25553.8
-25587.7
-25569.8
-25554.4
-25588
-25570.1
-25554.7
-25588.2
-25570.2
-25554.8
-25587.7
-25569.8
-25554.4
-25587.5
-25569.6
-25554.4
-25587.8
-25569.9
-25554.6
-25585.9
-25568
-25553
-25587.4
-25569.4
-25554.1
-25587.4
-25569.4
-25554.1
-25587.6
-25569.6
-25554.3
-25587.3
-25569.3
-25554
-25587.5
-25569.5
-25554.2
-25587.7
-25569.8
-25554.4
-25587.2
-25569.2
-25554
-25587.5
-25569.5
-25554.2
-25587.8
-25569.8
-25554.5
-25587.9
-25570
-25554.7
-25587.8
-25569.9
-25554.6
-25587.9
-25570
-25554.6
-25587.9
-25569.9
-25554.6
-25588.3
-25570.3
-25554.9
-25588
-25570
-25554.7
-25586.9
-25568.9
-25553.7
-25586.6
-25568.7
-25553.4
-25586.9
-25569
-25553.8
-25587
-25569.1
-25553.9
-25587.5
-25569.6
-25554.3
-25587.3
-25569.4
-25554.1
-25587.8
-25569.8
-25554.4
-25587.2
-25569.4
-25554.1
-25587.3
-25569.4
-25554.1
-25586.8
-25568.9
-25553.8
-25587.2
-25569.3
-25554.1
-25586.4
-25568.5
-25553.3
-25587.5
-25569.5
-25554.1
-25587.8
-25569.8
-25554.4
-25587.4
-25569.5
-25554.2
-25587.9
-25570
-25554.5
-25586.9
-25568.9
-25553.8
-25587
-25569.1
-25554
-25587.6
-25569.6
-25554.3
-25586.9
-25569.1
-25553.9
-25587.4
-25569.5
-25554.3
-25586.7
-25568.9
-25553.8
-25587.3
-25569.4
-25554.2
-25587.2
-25569.2
-25554
-25587.4
-25569.4
-25554.2
-25587.4
-25569.5
-25554.2
-25587.5
-25569.6
-25554.2
-25587.4
-25569.4
-25554.1
-25587.8
-25569.9
-25554.5
-25587.7
-25569.7
-25554.4
-25587.9
-25569.9
-25554.6
-25587.8
-25569.9
-25554.6
-25588.1
-25570.2
-25554.8
-25588.2
-25570.3
-25554.8
-25586.8
-25568.9
-25553.7
-25586.3
-25568.5
-25553.4
-25586.8
-25568.9
-25553.7
-25586.8
-25568.9
-25553.8
-25587.5
-25569.5
-25554.3
-25587.4
-25569.4
-25554.2
-25587.5
-25569.5
-25554.3
-25587.6
-25569.6
-25554.3
-25587.7
-25569.7
-25554.3
-25587.6
-25569.6
-25554.3
-25587.7
-25569.7
-25554.4
-25587.5
-25569.5
-25554.2
-25587.6
-25569.7
-25554.4
-25587.8
-25569.8
-25554.4
-25586.8
-25568.8
-25553.6
-25587.5
-25569.4
-25554.1
-25587.7
-25569.7
-25554.4
-25588
-25570
-25554.6
-25587.9
-25569.9
-25554.6
-25587.5
-25569.6
-25554.3
-25587.6
-25569.6
-25554.4
-25587.8
-25569.8
-25554.5
-25588
-25570
-25554.6
-25587.7
-25569.6
-25554.4
-25587.8
-25569.7
-25554.5
-25588
-25569.9
-25554.6
-25586.5
-25568.6
-25553.5
-25587.4
-25569.4
-25554.1
-25587.8
-25569.8
-25554.4
-25587.2
-25569.1
-25554
-25587.4
-25569.4
-25554.1
-25587.3
-25569.3
-25554
-25587.4
-25569.4
-25554.2
-25587.5
-25569.5
-25554.2
-25588.2
-25570.3
-25554.8
-25587.7
-25569.7
-25554.4
-25587.7
-25569.8
-25554.5
-25588
-25570.1
-25554.7
-25587.3
-25569.3
-25554.1
-25587.9
-25569.9
-25554.6
-25588.1
-25570.1
-25554.6
-25587.4
-25569.4
-25554.1
-25587.2
-25569.3
-25554
-25587.3
-25569.4
-25554.1
-25587.4
-25569.5
-25554.2
-25587.8
-25569.8
-25554.4
-25587.6
-25569.6
-25554.2
-25588
-25570
-25554.7
-25588.1
-25570.1
-25554.7
-25587.7
-25569.8
-25554.5
-25588.3
-25570.3
-25554.9
-25587.6
-25569.6
-25554.3
-25587.7
-25569.6
-25554.3
-25587.5
-25569.6
-25554.3
-25586.7
-25568.7
-25553.6
-25587.6
-25569.6
-25554.3
-25587.9
-25569.9
-25554.5
-25587
-25569
-25553.8
-25587.5
-25569.6
-25554.3
-25587.6
-25569.7
-25554.4
-25588
-25570
-25554.6
-25587.6
-25569.7
-25554.4
-25588.1
-25570.1
-25554.7
)
;

boundaryField
{
    sphere_to_oil
    {
        type            calculated;
        value           nonuniform List<scalar> 
1536
(
-25553.2
-25553.3
-25553.3
-25553.6
-25553.5
-25553.6
-25553.8
-25553.6
-25553.6
-25553.9
-25553.5
-25553.3
-25553.6
-25553.9
-25553.5
-25553.9
-25552.7
-25552.8
-25553.5
-25553.6
-25553.5
-25553.1
-25553.2
-25553.4
-25553.4
-25553.4
-25553.2
-25553.4
-25553.4
-25553.6
-25553.5
-25553.5
-25553.5
-25553.2
-25553.2
-25553.4
-25553.2
-25553.1
-25553.4
-25553.2
-25553.4
-25553.2
-25553.6
-25553.5
-25553.4
-25553.7
-25553.2
-25553.2
-25553.9
-25553.8
-25553.8
-25553.8
-25553.3
-25553.3
-25553.5
-25553.4
-25553.8
-25553.8
-25553.4
-25553.5
-25553.6
-25553.6
-25553.7
-25553.3
-25553.5
-25553.3
-25553.1
-25553.7
-25553.7
-25553.7
-25552.9
-25554.1
-25554
-25553.9
-25552.8
-25553.7
-25553.8
-25554
-25553.9
-25552.8
-25553.1
-25553.2
-25553.8
-25553.5
-25553.6
-25553.4
-25554
-25553.8
-25553.8
-25553.5
-25553.6
-25553.4
-25553.5
-25553.4
-25553.5
-25553.2
-25552.8
-25553.6
-25553.5
-25553.8
-25553.8
-25552.9
-25553.5
-25553.7
-25553.9
-25553.9
-25552.8
-25554.2
-25554.1
-25553.6
-25553.8
-25553.8
-25553.2
-25553.3
-25553.7
-25553.9
-25554
-25553.6
-25553.4
-25553.5
-25553.8
-25553.6
-25553.4
-25553.4
-25553.1
-25553.2
-25553.5
-25553.6
-25553.1
-25553.2
-25553.4
-25553.6
-25553.6
-25553.8
-25553.8
-25553.3
-25553.3
-25553.2
-25553.9
-25553.7
-25553.4
-25553.4
-25553.5
-25553.5
-25553.7
-25553.6
-25553.1
-25553.2
-25553.2
-25552.6
-25552.7
-25553.3
-25553.4
-25553.3
-25553.4
-25553.4
-25553
-25553.3
-25552.4
-25553
-25552.9
-25553.2
-25552.9
-25553.2
-25553.3
-25553.1
-25553.2
-25553.2
-25552.8
-25553.1
-25553.7
-25553.7
-25553.8
-25553.7
-25553.8
-25553.7
-25553
-25553.5
-25553.1
-25552.5
-25553.1
-25552.9
-25553.1
-25552.9
-25553.3
-25552.8
-25553.2
-25553.6
-25553.7
-25553.8
-25554
-25553.7
-25553.7
-25553.6
-25553.7
-25553.9
-25553.6
-25553.6
-25553.8
-25553.8
-25553.8
-25554
-25553.3
-25553.3
-25553.3
-25553.5
-25553.7
-25553.4
-25553.4
-25553.6
-25553.7
-25553.7
-25553.8
-25553.6
-25553.7
-25553.5
-25553.7
-25553.9
-25554
-25554.3
-25553.7
-25553.8
-25553.6
-25553.8
-25553.9
-25553.2
-25553.4
-25553.5
-25553.5
-25553.8
-25553.4
-25553.6
-25553.5
-25553.5
-25553.2
-25553.2
-25553.1
-25553.4
-25553.5
-25553.9
-25553.9
-25553.5
-25553.1
-25553.5
-25553.9
-25553.9
-25553.8
-25553.4
-25553.2
-25553.3
-25554
-25553.5
-25553.7
-25553.6
-25553.5
-25553.8
-25553.7
-25553.4
-25553.4
-25552.8
-25552.7
-25553
-25553.5
-25552.8
-25553.1
-25553.4
-25553.4
-25553.7
-25553.2
-25553.3
-25553.2
-25553.5
-25553.5
-25553.7
-25553.7
-25553.5
-25553.6
-25553.6
-25553.7
-25553.2
-25553.1
-25553
-25553.4
-25553.4
-25554.1
-25553.8
-25553.9
-25553.3
-25553.4
-25553.1
-25553
-25553.4
-25553.5
-25553.8
-25553.6
-25553.7
-25554.2
-25554.2
-25554.1
-25554.3
-25554.1
-25554.2
-25554.1
-25553.7
-25553.7
-25552.7
-25552.9
-25553.1
-25553
-25553.3
-25552.7
-25553.1
-25553.9
-25553.8
-25553.9
-25553.7
-25553.8
-25553.7
-25553.5
-25553.5
-25553.4
-25553.6
-25553.4
-25553.6
-25553.3
-25553.3
-25553.3
-25553.5
-25553.5
-25553.1
-25553.2
-25553.4
-25553.7
-25553.9
-25554
-25553.6
-25553.7
-25553.6
-25553.7
-25553.5
-25553.6
-25553.6
-25553.6
-25553.6
-25553.8
-25553.9
-25554.1
-25554.2
-25554.1
-25554.1
-25554.2
-25554.1
-25553.6
-25553.3
-25553.3
-25553.3
-25553.5
-25553.1
-25553.5
-25553.3
-25553.2
-25553.2
-25553.5
-25553.4
-25553
-25553.5
-25553.8
-25553.8
-25554
-25554
-25553.8
-25553.7
-25553.7
-25554
-25553.9
-25553.6
-25553.7
-25553.4
-25553
-25553.2
-25553.2
-25553.3
-25553.1
-25553.5
-25553.8
-25553.4
-25553.1
-25553
-25553.1
-25553.1
-25553.1
-25553.5
-25553.5
-25553.9
-25553.8
-25553.6
-25553.7
-25553.7
-25553.6
-25554
-25553.8
-25553.5
-25553.6
-25553.5
-25553.9
-25554.1
-25553.7
-25553.7
-25553.6
-25553.8
-25554
-25554
-25553.8
-25554
-25554
-25553.8
-25553.9
-25553.7
-25553.6
-25553.6
-25553.1
-25553.8
-25553.5
-25553.3
-25553.3
-25553.3
-25553.6
-25553.7
-25553.4
-25553.3
-25553.6
-25553.8
-25553.5
-25553.9
-25553.8
-25554
-25553.8
-25553.5
-25553.5
-25553.4
-25553.6
-25553.6
-25553.5
-25553.8
-25553.9
-25554.2
-25554.1
-25554.1
-25554.1
-25554.1
-25554.1
-25553.7
-25553.7
-25552.9
-25553.1
-25553.1
-25552.6
-25553.2
-25553
-25553.2
-25553.7
-25553.5
-25553.5
-25553.4
-25553.2
-25553.3
-25553.2
-25553.5
-25553.2
-25553.2
-25553.2
-25553.5
-25553.4
-25553.2
-25553.4
-25552.9
-25554
-25553.7
-25553.7
-25553.5
-25554
-25553.8
-25553.8
-25553.5
-25553.9
-25553.9
-25553.6
-25553.6
-25552.7
-25552.3
-25552.9
-25552.5
-25552.7
-25552.8
-25554.1
-25554
-25553.5
-25553.6
-25553.7
-25553.8
-25552.4
-25552.9
-25552.8
-25552.7
-25553
-25552.8
-25552.1
-25554.1
-25554
-25554
-25554.1
-25554
-25553.7
-25553.8
-25553.6
-25553.5
-25553.3
-25553.3
-25553.1
-25553.5
-25553.4
-25553.4
-25552.8
-25553.6
-25553.4
-25553.1
-25553.1
-25553.8
-25554
-25553.6
-25553.8
-25553.7
-25553.8
-25553.8
-25553.9
-25553.9
-25553.7
-25553.7
-25553.6
-25553.9
-25553.6
-25553.7
-25553.6
-25553.8
-25553.8
-25553.8
-25553.6
-25553.6
-25553.9
-25553.9
-25553.7
-25553.3
-25553.2
-25553.9
-25553.4
-25553
-25553.1
-25552.7
-25553.3
-25553.1
-25553.4
-25553.4
-25553.2
-25552.7
-25553.1
-25553.1
-25553.2
-25553.5
-25552.8
-25553.4
-25553.4
-25553.4
-25553.5
-25553.2
-25553.3
-25552.9
-25553.4
-25553.4
-25553
-25553.1
-25553.2
-25552.6
-25552.8
-25553.1
-25553.2
-25553.1
-25553.4
-25553.5
-25553.1
-25553.3
-25553.1
-25553.5
-25553.5
-25553.6
-25553.6
-25553.7
-25553.9
-25553.7
-25553.9
-25553.7
-25553.6
-25553.6
-25553.5
-25553.8
-25553.9
-25553.6
-25553.6
-25553.5
-25553.9
-25553.9
-25552.5
-25553
-25552.8
-25552.8
-25553
-25552.9
-25552.3
-25553.9
-25553.9
-25553.8
-25554
-25554
-25553.7
-25553.7
-25553.5
-25552.7
-25552.6
-25553
-25553.1
-25552.3
-25552.9
-25552.3
-25552.9
-25553.2
-25553.6
-25554.2
-25554.1
-25554
-25553.8
-25554
-25554
-25554.1
-25553.6
-25553.6
-25553.5
-25553.4
-25553.4
-25553.2
-25553.3
-25553.2
-25553
-25553
-25553
-25553.3
-25553.5
-25553.6
-25553.3
-25553.4
-25553.1
-25553.5
-25553.6
-25553.6
-25553.6
-25553.4
-25554
-25553.7
-25554
-25553.8
-25554.3
-25554.4
-25553.9
-25553.8
-25553.9
-25553.7
-25554
-25553.9
-25553.9
-25553.6
-25553.7
-25553.9
-25553.9
-25553.8
-25553.5
-25553.6
-25553.9
-25554
-25553.9
-25553.8
-25553.8
-25553.7
-25554
-25554
-25553.7
-25553.6
-25553.6
-25553.8
-25554
-25553.1
-25553.3
-25553.4
-25553.3
-25552.9
-25553.1
-25553.3
-25553.6
-25553
-25553.8
-25553.7
-25553.8
-25553.8
-25553.8
-25553.9
-25553.8
-25553.6
-25553.6
-25553.3
-25553.8
-25553.6
-25553.3
-25553.3
-25553.3
-25553.6
-25552.9
-25552.7
-25553.5
-25553.6
-25553.7
-25553.5
-25553.9
-25553.8
-25554.1
-25553.5
-25553.5
-25553.4
-25553.7
-25553.7
-25553.8
-25553.6
-25553.6
-25553.5
-25554.1
-25554.1
-25554.1
-25554.2
-25554.2
-25554
-25553.7
-25553.5
-25553.3
-25553.4
-25553
-25553.5
-25553.1
-25553.2
-25553.1
-25553.4
-25553.2
-25553.1
-25553.4
-25553.6
-25553.5
-25553.3
-25553.8
-25553.6
-25553.7
-25553.5
-25553.5
-25554.1
-25553.9
-25553.7
-25553.6
-25553.5
-25553.6
-25553.5
-25553.8
-25553.8
-25554.1
-25553.2
-25553.2
-25553.2
-25553.3
-25553.5
-25553.7
-25553.2
-25553.4
-25553.2
-25553.4
-25553.3
-25553.3
-25553.2
-25553.4
-25553.5
-25553.6
-25554
-25553.9
-25553.7
-25553.6
-25554
-25554.1
-25553.9
-25553.9
-25553.9
-25553.7
-25554.1
-25554.1
-25553.6
-25553.9
-25553.8
-25553.8
-25554
-25553.8
-25553.9
-25553.6
-25553.7
-25553.6
-25553.7
-25553.7
-25553.7
-25553.7
-25553.7
-25553.8
-25553.8
-25553.8
-25553.5
-25553.5
-25553.4
-25553.6
-25553.5
-25553.6
-25553
-25553
-25553.8
-25553.5
-25553.5
-25553.4
-25553.7
-25553.2
-25553.2
-25553.5
-25553.6
-25553.8
-25553.9
-25554
-25553.8
-25553.8
-25553.5
-25553.5
-25553.9
-25553.7
-25553.6
-25553.6
-25553.9
-25553.9
-25553.4
-25553.6
-25553.7
-25553.8
-25553.9
-25553.9
-25553.9
-25553.6
-25553.6
-25553.5
-25553.4
-25553.8
-25553.2
-25553.5
-25553.7
-25554.1
-25553.7
-25553.6
-25553.8
-25553.8
-25553.5
-25553.6
-25553.5
-25553.9
-25553.6
-25553.6
-25553.8
-25553.3
-25554
-25553.8
-25553.9
-25553.4
-25553
-25553.6
-25553.7
-25553.6
-25553.7
-25553.7
-25553.1
-25553.7
-25553.4
-25553.8
-25553.1
-25553.8
-25553.6
-25552.9
-25553.2
-25554
-25553.7
-25553.4
-25553.9
-25553.5
-25553.8
-25553.5
-25553.9
-25553.4
-25553.4
-25553.5
-25552.6
-25553.4
-25553
-25554
-25553.7
-25554
-25553.4
-25553.3
-25553.8
-25553.4
-25553.5
-25552.8
-25553.1
-25553.9
-25553.3
-25553.1
-25553.2
-25553.2
-25553.5
-25553.4
-25553.1
-25553.6
-25553.1
-25552.9
-25553.1
-25553.9
-25553.2
-25553.4
-25553.5
-25553.6
-25553.5
-25553.8
-25553.7
-25553.6
-25553.8
-25553
-25553.5
-25553.6
-25553.6
-25553.9
-25553.1
-25553.2
-25553.5
-25553.5
-25553.8
-25553.8
-25553.9
-25553.7
-25553.8
-25553.5
-25553.8
-25553.2
-25553.7
-25553.1
-25553.5
-25552.9
-25553.4
-25553.5
-25553.7
-25553.5
-25553.6
-25553
-25553.8
-25553.6
-25553.7
-25554
-25553.6
-25552.8
-25553.4
-25552.8
-25553.8
-25553.7
-25552.8
-25553.3
-25552.5
-25553.6
-25553.9
-25553.5
-25553.6
-25552.7
-25553.7
-25553.9
-25553.7
-25553.6
-25554
-25553.9
-25553.3
-25553
-25553.5
-25553.1
-25552.8
-25553.8
-25553.2
-25553.7
-25553.4
-25553.9
-25553.1
-25553.4
-25552.7
-25553.6
-25553.7
-25553.5
-25553.7
-25553.9
-25553.9
-25553.7
-25554
-25552.8
-25553.3
-25552.6
-25553.5
-25554.1
-25553.6
-25553.6
-25553.4
-25552.6
-25553.3
-25552.7
-25553.2
-25553.4
-25553.7
-25553.8
-25553.7
-25553.4
-25553.7
-25553.6
-25554
-25553.7
-25554
-25553.9
-25553.2
-25553.4
-25553.3
-25553.3
-25553.3
-25553.5
-25553.7
-25553.7
-25553
-25553.2
-25553.5
-25553.8
-25553.8
-25553.5
-25553.2
-25553.4
-25554
-25553.8
-25553.6
-25553.6
-25553.8
-25553.8
-25553.6
-25553.5
-25553.9
-25552.9
-25553.1
-25553.7
-25553.9
-25553.3
-25554.1
-25553
-25553.2
-25553.8
-25553.7
-25553.3
-25553.9
-25553.1
-25553.4
-25553.9
-25553.8
-25553.8
-25553.4
-25553.9
-25553.1
-25553.4
-25554.1
-25553.1
-25553.4
-25554
-25552.9
-25553.2
-25553.8
-25553.9
-25553.8
-25554
-25553.6
-25553.6
-25554.1
-25553.8
-25553.6
-25554
-25553.6
-25553.8
-25554.2
-25553.5
-25553
-25552.9
-25553.4
-25554
-25552.8
-25553.3
-25554
-25553.8
-25553.7
-25553.8
-25553.8
-25553.3
-25554.2
-25553.7
-25553.3
-25554
-25552.9
-25552.9
-25553.6
-25553.6
-25553.9
-25553.8
-25554
-25553.6
-25553.7
-25553.8
-25553.8
-25554
-25553.5
-25553.9
-25553.4
-25553.4
-25553.6
-25553.5
-25554.1
-25553.7
-25553.5
-25553.3
-25553.5
-25553.7
-25554
-25554
-25554.1
-25554.1
-25553.8
-25553.6
-25553.9
-25553.8
-25554.2
-25553.6
-25553.2
-25553.2
-25553.3
-25553.4
-25554
-25553.7
-25553.4
-25553
-25553.4
-25553.6
-25553.5
-25553.9
-25554
-25554.1
-25553.8
-25553.4
-25553.3
-25553.5
-25553.5
-25554
-25553.4
-25553.6
-25554.1
-25553.6
-25553.4
-25553.7
-25553.6
-25554
-25553.4
-25553.3
-25553.4
-25553.8
-25553.6
-25553.4
-25553.5
-25553.7
-25553.8
-25553.9
-25554
-25553.7
-25553.8
-25553.6
-25553.3
-25553.5
-25553.4
-25553.5
-25553.4
-25553.5
-25553.7
-25553.9
-25554.2
-25554.1
-25553.6
-25553.6
-25553.4
-25553.4
-25553.2
-25553
-25553.4
-25553
-25553.2
-25552.9
-25553.6
-25553.7
-25554.1
-25554
-25554.1
-25553.1
-25553.2
-25553.5
-25553.8
-25553.6
-25553.6
-25553.8
-25553.7
-25553.6
-25553.8
-25553.7
-25553.6
-25553.8
-25553.8
-25553.7
-25553.6
-25553.6
-25553.8
-25553.8
-25553.8
-25553.5
-25553.7
-25553.7
-25553.8
-25553.3
-25553.6
-25553.7
-25553.7
-25553.9
-25553.9
-25553.8
-25554.1
-25553.9
-25553.9
-25554.2
-25554.1
-25553.6
-25553.7
-25554.1
-25554
-25553.9
-25552.9
-25553.8
-25553.4
-25553.6
-25553.5
-25553.5
-25553.6
-25553.6
-25553.6
-25553.6
-25553
-25553.6
-25553.6
-25554.1
-25553.9
-25554
-25554
-25553.8
-25553.9
-25554
-25552.9
-25553.6
-25553.6
-25553.5
-25553.6
-25553.5
-25553.5
-25553.3
-25553.6
-25553.9
-25554
-25554.1
-25553.9
-25554
-25554.1
-25554
-25554
-25553.7
-25553.6
-25553.8
-25553.6
-25553.6
-25553.7
-25553.7
-25553.8
-25553.8
-25553.4
-25553.5
-25553.8
-25554
-25553.9
-25553.7
-25553.9
-25553.9
-25554
-25553.7
-25553.8
-25554
-25554
-25553.2
-25553.9
-25553.2
-25553.9
-25553.7
-25553.1
-25553.8
-25552.9
-25553.7
-25553.8
-25553.8
-25553.3
-25553.9
-25553.4
-25553.1
-25553.3
-25553.8
-25553.4
-25552.8
-25554
-25553.5
-25553.6
-25553.7
-25553.1
-25553.5
-25553.5
-25553.4
-25553.5
-25553.5
-25553.5
-25553.4
-25554.2
-25553.7
-25553.8
-25553.8
-25553.7
-25553.9
-25553.9
-25553.5
-25552.9
-25553.7
-25553.4
-25553.1
-25553.7
-25552.7
-25553.1
-25553.5
-25553.2
-25553.3
-25553.4
-25553
-25553.4
-25553.3
-25553.5
-25552.7
-25553.4
-25553.5
-25553.5
-25553.6
-25553.3
-25553.4
-25552.7
-25553.8
-25553.3
-25553.5
-25553.4
-25553.4
-25553.6
-25553.5
-25554.2
-25553.7
-25554
-25553.4
-25553.9
-25554
-25553.6
-25553.4
-25553.2
-25553.3
-25553.4
-25553
-25553.3
-25553
-25553.6
-25553.2
-25553.4
-25553.5
-25553.8
-25553.8
-25554
-25553.3
-25553
-25553.2
-25553.8
-25554
-25554
-25553.8
-25553.8
-25553.9
-25552.5
-25553.4
-25553.4
-25553.6
-25553.4
-25553.5
-25553.7
-25553.3
-25553.5
-25553.9
-25554
-25554
-25553.9
-25553.9
-25554.2
-25554
-25553
-25552.8
-25553.2
-25553.3
-25553.6
-25553.4
-25553.6
-25553.6
-25553.5
-25553.3
-25553.5
-25552.7
-25553.4
-25553.6
-25553.5
-25553.7
-25553.2
-25553.4
-25553.6
-25553.4
-25553.6
-25553.2
-25553.5
-25553.3
-25553.5
-25553.5
-25553.5
-25553.4
-25553.8
-25553.7
-25554
-25553.9
-25554.1
-25554.1
-25553.2
-25552.9
-25553.2
-25553.2
-25553.6
-25553.6
-25553.6
-25553.6
-25553.7
-25553.6
-25553.7
-25553.6
-25553.8
-25553.7
-25553
-25553.5
-25553.7
-25553.9
-25553.9
-25553.7
-25553.8
-25553.8
-25553.9
-25553.8
-25553.9
-25554
-25552.9
-25553.4
-25553.7
-25553.3
-25553.5
-25553.3
-25553.5
-25553.5
-25554.1
-25553.7
-25553.9
-25554
-25553.5
-25554
-25553.9
-25553.5
-25553.4
-25553.5
-25553.5
-25553.7
-25553.6
-25554
-25554.1
-25553.9
-25554.2
-25553.6
-25553.7
-25553.6
-25553.1
-25553.7
-25553.8
-25553.2
-25553.7
-25553.8
-25553.9
-25553.8
-25554
)
;
    }
}


// ************************************************************************* //
