/*--------------------------------*- C++ -*----------------------------------*\
| =========                 |                                                 |
| \\      /  F ield         | OpenFOAM: The Open Source CFD Toolbox           |
|  \\    /   O peration     | Version:  v1906                                 |
|   \\  /    A nd           | Web:      www.OpenFOAM.com                      |
|    \\/     M anipulation  |                                                 |
\*---------------------------------------------------------------------------*/
FoamFile
{
    version     2.0;
    format      ascii;
    class       vectorField;
    location    "constant/rightSolid/polyMesh";
    object      points;
}
// * * * * * * * * * * * * * * * * * * * * * * * * * * * * * * * * * * * * * //


1701
(
(0.0133333 0 -0.05)
(0.02000001 0 -0.05)
(0.02666667 0 -0.05)
(0.03333333 -1.445536e-24 -0.05)
(0.04 -2.89121e-19 -0.05)
(0.04666667 2.891181e-19 -0.05)
(0.05333333 -1.445536e-24 -0.05)
(0.06 -2.89121e-19 -0.05)
(0.06666667 -4.336803e-19 -0.05)
(0.07333333 -5.782359e-19 -0.05)
(0.08 4.33681e-19 -0.05)
(0.08666667 2.891217e-19 -0.05)
(0.09333333 1.445593e-19 -0.05)
(0.1 0 -0.05)
(0.0133333 0.008 -0.05)
(0.02000001 0.008 -0.05)
(0.02666667 0.008 -0.05)
(0.03333333 0.008 -0.05)
(0.04 0.008 -0.05)
(0.04666667 0.008 -0.05)
(0.05333333 0.008 -0.05)
(0.06 0.008 -0.05)
(0.06666667 0.008 -0.05)
(0.07333333 0.008 -0.05)
(0.08 0.008 -0.05)
(0.08666667 0.008 -0.05)
(0.09333333 0.008 -0.05)
(0.1 0.008 -0.05)
(0.0133333 0 -0.03999988)
(0.0199998 -5.793705e-19 -0.03999596)
(0.02666833 0 -0.03999941)
(0.0333336 0 -0.03999996)
(0.04000002 0 -0.04)
(0.04666667 2.891195e-19 -0.04)
(0.05333333 -1.654361e-24 -0.04)
(0.06 -2.891211e-19 -0.04)
(0.06666667 -4.336803e-19 -0.04)
(0.07333333 -5.782361e-19 -0.04)
(0.08 4.33681e-19 -0.04)
(0.08666667 2.891218e-19 -0.04)
(0.09333333 1.445592e-19 -0.04)
(0.1 0 -0.04)
(0.0133333 0.008 -0.03999988)
(0.02000181 0.008 -0.04000086)
(0.0266664 0.008 -0.04000011)
(0.03333323 0.008 -0.04)
(0.03999998 0.008 -0.04)
(0.04666667 0.008 -0.04)
(0.05333333 0.008 -0.04)
(0.06 0.008 -0.04)
(0.06666667 0.008 -0.04)
(0.07333333 0.008 -0.04)
(0.08 0.008 -0.04)
(0.08666667 0.008 -0.04)
(0.09333333 0.008 -0.04)
(0.1 0.008 -0.04)
(0.0133333 0 -0.03)
(0.02001534 -5.759824e-19 -0.02999616)
(0.02666884 0 -0.0299993)
(0.03333364 0 -0.02999994)
(0.04000003 -2.891162e-19 -0.03)
(0.04666667 -2.891228e-19 -0.03)
(0.05333333 2.891195e-19 -0.03)
(0.06 -2.891211e-19 -0.03)
(0.06666667 -4.336804e-19 -0.03)
(0.07333333 -5.782361e-19 -0.03)
(0.08 4.33681e-19 -0.03)
(0.08666667 2.891218e-19 -0.03)
(0.09333333 1.445592e-19 -0.03)
(0.1 0 -0.03)
(0.0133333 0.008 -0.03)
(0.02000136 0.008 -0.03000172)
(0.02666605 0.008 -0.03000007)
(0.03333324 0.008 -0.02999998)
(0.03999998 0.008 -0.02999999)
(0.04666667 0.008 -0.03)
(0.05333333 0.008 -0.03)
(0.06 0.008 -0.03)
(0.06666667 0.008 -0.03)
(0.07333333 0.008 -0.03)
(0.08 0.008 -0.03)
(0.08666667 0.008 -0.03)
(0.09333333 0.008 -0.03)
(0.1 0.008 -0.03)
(0.0133333 0 -0.02000489)
(0.01999246 0 -0.01999617)
(0.02666507 0 -0.01999925)
(0.0333332 0 -0.01999993)
(0.04 -2.891162e-19 -0.02)
(0.04666667 -2.891228e-19 -0.02)
(0.05333333 -1.654361e-24 -0.02)
(0.06 -2.89121e-19 -0.02)
(0.06666667 -4.336804e-19 -0.02)
(0.07333333 -5.782361e-19 -0.02)
(0.08 4.33681e-19 -0.02)
(0.08666667 2.891218e-19 -0.02)
(0.09333333 1.445592e-19 -0.02)
(0.1 0 -0.02)
(0.0133333 0.008 -0.01999928)
(0.01999553 0.008 -0.01999905)
(0.02666637 0.008 -0.01999981)
(0.03333329 0.008 -0.01999995)
(0.03999999 0.008 -0.01999999)
(0.04666667 0.008 -0.02)
(0.05333333 0.008 -0.02)
(0.06 0.008 -0.02)
(0.06666667 0.008 -0.02)
(0.07333333 0.008 -0.02)
(0.08 0.008 -0.02)
(0.08666667 0.008 -0.02)
(0.09333333 0.008 -0.02)
(0.1 0.008 -0.02)
(0.0133333 0 -0.01)
(0.01995086 0 -0.01000287)
(0.02665415 0 -0.01)
(0.03333193 0 -0.009999995)
(0.03999992 -2.891176e-19 -0.009999999)
(0.04666666 2.891162e-19 -0.01)
(0.05333333 -1.654361e-24 -0.01)
(0.06 -2.89121e-19 -0.01)
(0.06666667 -4.336803e-19 -0.01)
(0.07333333 -5.782361e-19 -0.01)
(0.08 4.33681e-19 -0.01)
(0.08666667 2.891218e-19 -0.01)
(0.09333333 1.445592e-19 -0.01)
(0.1 0 -0.01)
(0.0133333 0.008 -0.009998012)
(0.02000666 0.008 -0.00999858)
(0.02666733 0.008 -0.009999825)
(0.03333338 0.008 -0.009999966)
(0.04 0.008 -0.009999996)
(0.04666667 0.008 -0.01)
(0.05333333 0.008 -0.01)
(0.06 0.008 -0.01)
(0.06666667 0.008 -0.01)
(0.07333333 0.008 -0.01)
(0.08 0.008 -0.01)
(0.08666667 0.008 -0.01)
(0.09333333 0.008 -0.01)
(0.1 0.008 -0.01)
(0.0133333 0 0)
(0.01987526 0 -2.140298e-06)
(0.0266422 0 -3.045564e-07)
(0.03333072 0 -2.864637e-08)
(0.03999984 -2.891129e-19 -1.528498e-09)
(0.04666666 2.891162e-19 -3.214563e-11)
(0.05333333 -1.654361e-24 7.860011e-13)
(0.06 -2.89121e-19 6.693431e-14)
(0.06666667 -4.336803e-19 2.195446e-15)
(0.07333333 -5.782361e-19 3.137726e-17)
(0.08 4.33681e-19 1.734723e-18)
(0.08666667 2.891218e-19 1.287662e-18)
(0.09333333 1.445592e-19 4.619506e-19)
(0.1 0 0)
(0.0133333 0.008 0)
(0.0200008 0.008 -4.321894e-07)
(0.02666674 0.008 -2.354708e-08)
(0.03333336 0.008 2.485087e-09)
(0.04 0.008 5.865823e-10)
(0.04666667 0.008 -6.427959e-12)
(0.05333333 0.008 -2.310527e-12)
(0.06 0.008 -3.526588e-13)
(0.06666667 0.008 -3.136727e-14)
(0.07333333 0.008 -1.775652e-15)
(0.08 0.008 -7.624081e-17)
(0.08666667 0.008 -3.469447e-18)
(0.09333333 0.008 1.734723e-18)
(0.1 0.008 0)
(0.0133333 0 0.01)
(0.01994179 0 0.01000316)
(0.02665209 0 0.01000013)
(0.0333317 0 0.01000002)
(0.03999991 -2.891162e-19 0.01)
(0.04666666 2.891195e-19 0.01)
(0.05333333 -1.654361e-24 0.01)
(0.06 -2.89121e-19 0.01)
(0.06666667 -4.336803e-19 0.01)
(0.07333333 -5.782361e-19 0.01)
(0.08 4.33681e-19 0.01)
(0.08666667 2.891218e-19 0.01)
(0.09333333 1.445592e-19 0.01)
(0.1 0 0.01)
(0.0133333 0.008 0.009998012)
(0.01999612 0.008 0.009999749)
(0.02666599 0.008 0.009999826)
(0.03333325 0.008 0.009999985)
(0.04 0.008 0.009999999)
(0.04666667 0.008 0.01)
(0.05333333 0.008 0.01)
(0.06 0.008 0.01)
(0.06666667 0.008 0.01)
(0.07333333 0.008 0.01)
(0.08 0.008 0.01)
(0.08666667 0.008 0.01)
(0.09333333 0.008 0.01)
(0.1 0.008 0.01)
(0.0133333 0 0.02000489)
(0.01998022 0 0.02000422)
(0.02666226 0 0.02000071)
(0.03333287 0 0.02000008)
(0.03999999 -2.891162e-19 0.02000001)
(0.04666667 2.891162e-19 0.02)
(0.05333333 -1.654361e-24 0.02)
(0.06 -2.89121e-19 0.02)
(0.06666667 -2.89121e-19 0.02)
(0.07333333 -5.782361e-19 0.02)
(0.08 4.33681e-19 0.02)
(0.08666667 2.891218e-19 0.02)
(0.09333333 1.445592e-19 0.02)
(0.1 0 0.02)
(0.0133333 0.008 0.01999928)
(0.01999481 0.008 0.0199987)
(0.02666525 0.008 0.01999985)
(0.03333322 0.008 0.01999998)
(0.03999999 0.008 0.02)
(0.04666667 0.008 0.02)
(0.05333333 0.008 0.02)
(0.06 0.008 0.02)
(0.06666667 0.008 0.02)
(0.07333333 0.008 0.02)
(0.08 0.008 0.02)
(0.08666667 0.008 0.02)
(0.09333333 0.008 0.02)
(0.1 0.008 0.02)
(0.0133333 0 0.03)
(0.01998003 0 0.03000307)
(0.02666305 0 0.03000075)
(0.03333317 0 0.03000011)
(0.04000002 -2.891559e-19 0.03000001)
(0.04666667 2.891162e-19 0.03)
(0.05333333 -1.654361e-24 0.03)
(0.06 -2.891209e-19 0.03)
(0.06666667 -4.336802e-19 0.03)
(0.07333333 -5.782361e-19 0.03)
(0.08 4.33681e-19 0.03)
(0.08666667 2.891218e-19 0.03)
(0.09333333 1.445592e-19 0.03)
(0.1 0 0.03)
(0.0133333 0.008 0.03)
(0.02001332 0.008 0.02999939)
(0.02666859 0.008 0.02999985)
(0.03333348 0.008 0.02999997)
(0.04 0.008 0.03)
(0.04666667 0.008 0.03)
(0.05333333 0.008 0.03)
(0.06 0.008 0.03)
(0.06666667 0.008 0.03)
(0.07333333 0.008 0.03)
(0.08 0.008 0.03)
(0.08666667 0.008 0.03)
(0.09333333 0.008 0.03)
(0.1 0.008 0.03)
(0.0133333 0 0.03999988)
(0.01999707 0 0.04000209)
(0.02666561 0 0.04000058)
(0.03333335 0 0.04000008)
(0.04000002 -2.891294e-19 0.04000001)
(0.04666667 -5.78239e-19 0.04)
(0.05333333 0 0.04)
(0.06 -2.891209e-19 0.04)
(0.06666667 -2.89121e-19 0.04)
(0.07333333 -5.782361e-19 0.04)
(0.08 4.33681e-19 0.04)
(0.08666667 2.891218e-19 0.04)
(0.09333333 1.445592e-19 0.04)
(0.1 0 0.04)
(0.0133333 0.008 0.03999988)
(0.02001584 0.008 0.04000187)
(0.02666877 0.008 0.04000004)
(0.03333356 0.008 0.03999999)
(0.04000001 0.008 0.04)
(0.04666667 0.008 0.04)
(0.05333333 0.008 0.04)
(0.06 0.008 0.04)
(0.06666667 0.008 0.04)
(0.07333333 0.008 0.04)
(0.08 0.008 0.04)
(0.08666667 0.008 0.04)
(0.09333333 0.008 0.04)
(0.1 0.008 0.04)
(0.0133333 0 0.05)
(0.02000001 0 0.05)
(0.02666667 0 0.05)
(0.03333333 -1.445536e-24 0.05)
(0.04 -2.89121e-19 0.05)
(0.04666667 2.891181e-19 0.05)
(0.05333333 -1.445536e-24 0.05)
(0.06 -2.89121e-19 0.05)
(0.06666667 -4.336803e-19 0.05)
(0.07333333 -5.782359e-19 0.05)
(0.08 4.33681e-19 0.05)
(0.08666667 2.891217e-19 0.05)
(0.09333333 1.445593e-19 0.05)
(0.1 0 0.05)
(0.0133333 0.008 0.05)
(0.02000001 0.008 0.05)
(0.02666667 0.008 0.05)
(0.03333333 0.008 0.05)
(0.04 0.008 0.05)
(0.04666667 0.008 0.05)
(0.05333333 0.008 0.05)
(0.06 0.008 0.05)
(0.06666667 0.008 0.05)
(0.07333333 0.008 0.05)
(0.08 0.008 0.05)
(0.08666667 0.008 0.05)
(0.09333333 0.008 0.05)
(0.1 0.008 0.05)
(0.01667174 0.003992197 -0.04499477)
(0.0233351 0.003999895 -0.04499948)
(0.01666974 0.004012502 0.04500232)
(0.02333443 0.004000247 0.04500051)
(0.03000023 0.004000005 0.04500008)
(0.01666667 0 -0.05)
(0.0133333 0.004 -0.05)
(0.0133333 0 -0.04499924)
(0.02333333 0 -0.05)
(0.02000058 0.003999747 -0.05)
(0.02001053 -2.879912e-19 -0.04499811)
(0.0266668 0.003999992 -0.05)
(0.02666801 0 -0.04499974)
(0.01666667 0.008 -0.05)
(0.0133333 0.008 -0.04499924)
(0.02333333 0.008 -0.05)
(0.01999844 0.008 -0.04499926)
(0.02666641 0.008 -0.04499993)
(0.01668079 -2.913793e-19 -0.03998251)
(0.0133333 0.0040081 -0.03999357)
(0.0133333 0 -0.035)
(0.02333709 -2.879912e-19 -0.03999816)
(0.02000208 0.004000536 -0.03999773)
(0.02666741 0.004000019 -0.03999968)
(0.01668075 0.008 -0.03999583)
(0.0133333 0.008 -0.035)
(0.02333338 0.008 -0.04000005)
(0.0133333 0.004076857 -0.02999754)
(0.0133333 0 -0.025)
(0.0133333 0.008 -0.025)
(0.0133333 0.004075509 -0.0199868)
(0.0133333 0 -0.01503608)
(0.0133333 0.008 -0.01499778)
(0.0133333 0.004130988 -0.009988242)
(0.0133333 0 -0.004963508)
(0.0133333 0.008 -0.004999462)
(0.0133333 0.004070411 -6.511114e-06)
(0.0133333 0 0.004963508)
(0.0133333 0.008 0.004999462)
(0.0133333 0.004033973 0.009988059)
(0.0133333 0 0.01503608)
(0.0133333 0.008 0.01499778)
(0.0133333 0.003973235 0.020004)
(0.0133333 0 0.025)
(0.0133333 0.008 0.025)
(0.0133333 0.003997419 0.03000272)
(0.0133333 0 0.035)
(0.0133333 0.008 0.035)
(0.01666072 0 0.04000168)
(0.0133333 0.00401709 0.04000437)
(0.0133333 0 0.04499924)
(0.02332858 0 0.04000089)
(0.02000434 0.00400108 0.04000183)
(0.01999521 0 0.04500266)
(0.02999977 0 0.04000023)
(0.02666712 0.004000025 0.04000033)
(0.02666614 0 0.04500033)
(0.03666671 -1.445779e-19 0.04000002)
(0.03333345 0.004000001 0.04000005)
(0.03333336 0 0.04500005)
(0.04333334 -4.3368e-19 0.04)
(0.04000001 -2.891162e-19 0.045)
(0.04666667 -1.445581e-19 0.045)
(0.01670625 0.008 0.04000252)
(0.0133333 0.008 0.04499924)
(0.02333896 0.008 0.04000038)
(0.02001094 0.008 0.04499981)
(0.03000082 0.008 0.04)
(0.02666828 0.008 0.0450001)
(0.03333348 0.008 0.045)
(0.01666667 0 0.05)
(0.0133333 0.004 0.05)
(0.02333333 0 0.05)
(0.02000042 0.004000437 0.05)
(0.03 0 0.05)
(0.02666677 0.004000017 0.05)
(0.03666667 -1.445612e-19 0.05)
(0.03333335 0.004000001 0.05)
(0.04333333 -1.44549e-24 0.05)
(0.01666667 0.008 0.05)
(0.02333333 0.008 0.05)
(0.03 0.008 0.05)
(0.01668745 -2.879912e-19 -0.04499339)
(0.02333768 0 -0.04499962)
(0.0133333 0.003969648 -0.04499088)
(0.02000349 0.003999062 -0.04499834)
(0.01666534 0.008 -0.04499448)
(0.01667228 0.004003083 -0.03999241)
(0.0266673 0.003999988 -0.04499981)
(0.0233329 0.008 -0.04499967)
(0.02333501 0.004000102 -0.03999906)
(0.0133333 0.004050656 -0.03499407)
(0.0133333 0.004069193 -0.02499714)
(0.0133333 0.004136617 -0.01498158)
(0.0133333 0.004103642 -0.004997836)
(0.0133333 0.003964133 0.01498369)
(0.0133333 0.004036885 0.02500632)
(0.0133333 0.004009157 0.03500299)
(0.01667312 0.00400645 0.0400027)
(0.02333416 0.004000169 0.04000073)
(0.03000026 0.004000005 0.04000013)
(0.01665049 0 0.04500079)
(0.02333143 0 0.04500069)
(0.02999992 0 0.04500012)
(0.03666669 -1.445779e-19 0.04500001)
(0.04333334 0 0.045)
(0.0133333 0.004043936 0.04500215)
(0.02000266 0.004001727 0.0450012)
(0.01669297 0.008 0.04500222)
(0.02666718 0.00400003 0.04500022)
(0.02333747 0.008 0.04500029)
(0.03333343 0.004000001 0.04500003)
(0.03000052 0.008 0.04500001)
(0.01666731 0.003999068 -0.05)
(0.02333365 0.003999951 -0.05)
(0.01666705 0.004001488 0.05)
(0.02333354 0.004000095 0.05)
(0.03000005 0.004000003 0.05)
(0.05 0.004 0.045)
(0.05 -2.891195e-19 0.04)
(0.04666667 0.004 0.04)
(0.05333333 0.004 0.04)
(0.05333333 -1.654361e-24 0.045)
(0.05 0.008 0.04)
(0.04666667 0.008 0.045)
(0.05333333 0.008 0.045)
(0.05 1.445605e-19 0.05)
(0.04666667 0.004 0.05)
(0.05333333 0.004 0.05)
(0.05 0.008 0.05)
(0.0133333 0.004080879 0.004995066)
(0.05 0.004 0.04)
(0.05 -2.891211e-19 0.045)
(0.04666667 0.004 0.045)
(0.05333333 0.004 0.045)
(0.05 0.008 0.045)
(0.05 0.004 0.05)
(0.05666667 0.004 0.045)
(0.06333333 0.004 0.045)
(0.05666667 -1.445614e-19 0.04)
(0.06333333 -2.89121e-19 0.04)
(0.06 0.004 0.04)
(0.06 -2.89121e-19 0.045)
(0.06666667 0.004 0.04)
(0.06666667 -3.61401e-19 0.045)
(0.05666667 0.008 0.04)
(0.06333333 0.008 0.04)
(0.06 0.008 0.045)
(0.06666667 0.008 0.045)
(0.05666667 -1.445612e-19 0.05)
(0.06333333 -3.614006e-19 0.05)
(0.06 0.004 0.05)
(0.06666667 0.004 0.05)
(0.05666667 0.008 0.05)
(0.06333333 0.008 0.05)
(0.05666667 0.004 0.04)
(0.06333333 0.004 0.04)
(0.05666667 -1.445614e-19 0.045)
(0.06333333 -3.614007e-19 0.045)
(0.06 0.004 0.045)
(0.05666667 0.008 0.045)
(0.06666667 0.004 0.045)
(0.06333333 0.008 0.045)
(0.05666667 0.004 0.05)
(0.06333333 0.004 0.05)
(0.03000023 0.003999999 -0.04499994)
(0.03666669 0.004 -0.045)
(0.04333333 0.004 -0.045)
(0.05 0.004 -0.045)
(0.05666667 0.004 -0.045)
(0.06333333 0.004 -0.045)
(0.07 0.004 -0.045)
(0.07666667 0.004 -0.045)
(0.08333333 0.004 -0.045)
(0.09 0.004 -0.045)
(0.09666667 0.004 -0.045)
(0.01665597 0.004016594 -0.03499451)
(0.02333438 0.004000379 -0.03499921)
(0.03000029 0.00400001 -0.03499987)
(0.0366667 0.004 -0.03499999)
(0.04333333 0.004 -0.035)
(0.05 0.004 -0.035)
(0.05666667 0.004 -0.035)
(0.06333333 0.004 -0.035)
(0.07 0.004 -0.035)
(0.07666667 0.004 -0.035)
(0.08333333 0.004 -0.035)
(0.09 0.004 -0.035)
(0.09666667 0.004 -0.035)
(0.01665633 0.004024625 -0.02499836)
(0.02333348 0.004000723 -0.02499924)
(0.03000007 0.004000021 -0.02499982)
(0.03666668 0.004000001 -0.02499998)
(0.04333333 0.004 -0.025)
(0.05 0.004 -0.025)
(0.05666667 0.004 -0.025)
(0.06333333 0.004 -0.025)
(0.07 0.004 -0.025)
(0.07666667 0.004 -0.025)
(0.08333333 0.004 -0.025)
(0.09 0.004 -0.025)
(0.09666667 0.004 -0.025)
(0.0166571 0.004082305 -0.01499818)
(0.02332561 0.004002499 -0.01499943)
(0.02999859 0.004000067 -0.01499987)
(0.03666652 0.004000002 -0.01499998)
(0.04333332 0.004 -0.015)
(0.05 0.004 -0.015)
(0.05666667 0.004 -0.015)
(0.06333333 0.004 -0.015)
(0.07 0.004 -0.015)
(0.07666667 0.004 -0.015)
(0.08333333 0.004 -0.015)
(0.09 0.004 -0.015)
(0.09666667 0.004 -0.015)
(0.01657492 0.004151443 -0.005002471)
(0.0233069 0.00400472 -0.005000347)
(0.02999565 0.004000119 -0.005000025)
(0.03666623 0.004000003 -0.004999999)
(0.04333331 0.004 -0.005)
(0.05 0.004 -0.005)
(0.05666667 0.004 -0.005)
(0.06333333 0.004 -0.005)
(0.07 0.004 -0.005)
(0.07666667 0.004 -0.005)
(0.08333333 0.004 -0.005)
(0.09 0.004 -0.005)
(0.09666667 0.004 -0.005)
(0.01656626 0.004141948 0.004998309)
(0.02330438 0.004004396 0.004999686)
(0.02999524 0.00400011 0.004999961)
(0.03666619 0.004000003 0.004999997)
(0.04333331 0.004 0.005)
(0.05 0.004 0.005)
(0.05666667 0.004 0.005)
(0.06333333 0.004 0.005)
(0.07 0.004 0.005)
(0.07666667 0.004 0.005)
(0.08333333 0.004 0.005)
(0.09 0.004 0.005)
(0.09666667 0.004 0.005)
(0.01664658 0.004029347 0.01499992)
(0.02332092 0.004001368 0.01500039)
(0.02999772 0.004000041 0.01500007)
(0.03666644 0.004000001 0.01500001)
(0.04333332 0.004 0.015)
(0.05 0.004 0.015)
(0.05666667 0.004 0.015)
(0.06333333 0.004 0.015)
(0.07 0.004 0.015)
(0.07666667 0.004 0.015)
(0.08333333 0.004 0.015)
(0.09 0.004 0.015)
(0.09666667 0.004 0.015)
(0.01666902 0.004009872 0.02500495)
(0.02332946 0.004000229 0.02500107)
(0.02999933 0.004000007 0.02500016)
(0.03666662 0.004000001 0.02500002)
(0.04333333 0.004 0.025)
(0.05 0.004 0.025)
(0.05666667 0.004 0.025)
(0.06333333 0.004 0.025)
(0.07 0.004 0.025)
(0.07666667 0.004 0.025)
(0.08333333 0.004 0.025)
(0.09 0.004 0.025)
(0.09666667 0.004 0.025)
(0.01665347 0.004003583 0.03500126)
(0.0233323 0.004000083 0.03500065)
(0.03000007 0.004000003 0.03500014)
(0.0366667 0.004 0.03500002)
(0.04333334 0.004 0.035)
(0.05 0.004 0.035)
(0.05666667 0.004 0.035)
(0.06333333 0.004 0.035)
(0.07 0.004 0.035)
(0.07666667 0.004 0.035)
(0.08333333 0.004 0.035)
(0.09 0.004 0.035)
(0.09666667 0.004 0.035)
(0.0366667 0.004 0.04500001)
(0.04333334 0.004 0.045)
(0.07 0.004 0.045)
(0.07666667 0.004 0.045)
(0.08333333 0.004 0.045)
(0.09 0.004 0.045)
(0.09666667 0.004 0.045)
(0.03 0 -0.05)
(0.03666667 -1.445612e-19 -0.05)
(0.03333335 0.004 -0.05)
(0.03333351 0 -0.04499998)
(0.04333333 -1.44549e-24 -0.05)
(0.04 0.004 -0.05)
(0.04000001 -1.445581e-19 -0.045)
(0.05 1.445605e-19 -0.05)
(0.04666667 0.004 -0.05)
(0.04666667 2.891195e-19 -0.045)
(0.05666667 -1.445612e-19 -0.05)
(0.05333333 0.004 -0.05)
(0.05333333 -1.654361e-24 -0.045)
(0.06333333 -3.614006e-19 -0.05)
(0.06 0.004 -0.05)
(0.06 -2.89121e-19 -0.045)
(0.07 -5.05961e-19 -0.05)
(0.06666667 0.004 -0.05)
(0.06666667 -4.336803e-19 -0.045)
(0.07666667 -7.227747e-20 -0.05)
(0.07333333 0.004 -0.05)
(0.07333333 -5.782361e-19 -0.045)
(0.08333333 3.614014e-19 -0.05)
(0.08 0.004 -0.05)
(0.08 4.33681e-19 -0.045)
(0.09 2.168405e-19 -0.05)
(0.08666667 0.004 -0.05)
(0.08666667 2.891218e-19 -0.045)
(0.09666667 7.227964e-20 -0.05)
(0.09333333 0.004 -0.05)
(0.09333333 1.445592e-19 -0.045)
(0.1 0.004 -0.05)
(0.1 0 -0.045)
(0.03 0.008 -0.05)
(0.03666667 0.008 -0.05)
(0.03333327 0.008 -0.045)
(0.04333333 0.008 -0.05)
(0.03999999 0.008 -0.045)
(0.05 0.008 -0.05)
(0.04666667 0.008 -0.045)
(0.05666667 0.008 -0.05)
(0.05333333 0.008 -0.045)
(0.06333333 0.008 -0.05)
(0.06 0.008 -0.045)
(0.07 0.008 -0.05)
(0.06666667 0.008 -0.045)
(0.07666667 0.008 -0.05)
(0.07333333 0.008 -0.045)
(0.08333333 0.008 -0.05)
(0.08 0.008 -0.045)
(0.09 0.008 -0.05)
(0.08666667 0.008 -0.045)
(0.09666667 0.008 -0.05)
(0.09333333 0.008 -0.045)
(0.1 0.008 -0.045)
(0.0200071 -5.759824e-19 -0.03499636)
(0.03000071 0 -0.03999983)
(0.02666805 0 -0.03499931)
(0.03666675 0 -0.03999999)
(0.03333344 0.004000001 -0.03999997)
(0.03333364 0 -0.03499995)
(0.04333334 1.445515e-19 -0.04)
(0.04000001 0.004 -0.04)
(0.04000003 -1.445647e-19 -0.035)
(0.05 1.445614e-19 -0.04)
(0.04666667 0.004 -0.04)
(0.04666667 0 -0.035)
(0.05666667 -1.445614e-19 -0.04)
(0.05333333 0.004 -0.04)
(0.05333333 1.445581e-19 -0.035)
(0.06333333 -3.614007e-19 -0.04)
(0.06 0.004 -0.04)
(0.06 -2.891211e-19 -0.035)
(0.07 -5.05961e-19 -0.04)
(0.06666667 0.004 -0.04)
(0.06666667 -4.336803e-19 -0.035)
(0.07666667 -7.227738e-20 -0.04)
(0.07333333 0.004 -0.04)
(0.07333333 -5.782361e-19 -0.035)
(0.08333333 3.614014e-19 -0.04)
(0.08 0.004 -0.04)
(0.08 4.33681e-19 -0.035)
(0.09 2.168405e-19 -0.04)
(0.08666667 0.004 -0.04)
(0.08666667 2.891218e-19 -0.035)
(0.09666667 7.227961e-20 -0.04)
(0.09333333 0.004 -0.04)
(0.09333333 1.445592e-19 -0.035)
(0.1 0.004 -0.04)
(0.1 0 -0.035)
(0.02000758 0.008 -0.03500152)
(0.02999978 0.008 -0.04000001)
(0.02666592 0.008 -0.0350001)
(0.03666662 0.008 -0.04)
(0.03333322 0.008 -0.03499999)
(0.04333333 0.008 -0.04)
(0.03999998 0.008 -0.035)
(0.05 0.008 -0.04)
(0.04666666 0.008 -0.035)
(0.05666667 0.008 -0.04)
(0.05333333 0.008 -0.035)
(0.06333333 0.008 -0.04)
(0.06 0.008 -0.035)
(0.07 0.008 -0.04)
(0.06666667 0.008 -0.035)
(0.07666667 0.008 -0.04)
(0.07333333 0.008 -0.035)
(0.08333333 0.008 -0.04)
(0.08 0.008 -0.035)
(0.09 0.008 -0.04)
(0.08666667 0.008 -0.035)
(0.09666667 0.008 -0.04)
(0.09333333 0.008 -0.035)
(0.1 0.008 -0.035)
(0.01669094 -2.913793e-19 -0.02999072)
(0.02334245 -2.879912e-19 -0.0299981)
(0.02000387 0.00400382 -0.0299986)
(0.02000072 -2.896853e-19 -0.02499707)
(0.03000084 0 -0.02999977)
(0.02666765 0.004000096 -0.02999963)
(0.02666756 0 -0.02499928)
(0.03666676 -1.445779e-19 -0.02999999)
(0.03333345 0.004000003 -0.02999995)
(0.0333335 0 -0.02499993)
(0.04333334 -2.891211e-19 -0.03)
(0.04000001 0.004 -0.02999999)
(0.04000002 -2.891162e-19 -0.025)
(0.05 0 -0.03)
(0.04666667 0.004 -0.03)
(0.04666667 -2.891228e-19 -0.025)
(0.05666667 -1.654361e-24 -0.03)
(0.05333333 0.004 -0.03)
(0.05333333 1.445597e-19 -0.025)
(0.06333333 -3.614007e-19 -0.03)
(0.06 0.004 -0.03)
(0.06 -2.89121e-19 -0.025)
(0.07 -5.05961e-19 -0.03)
(0.06666667 0.004 -0.03)
(0.06666667 -4.336803e-19 -0.025)
(0.07666667 -7.227738e-20 -0.03)
(0.07333333 0.004 -0.03)
(0.07333333 -5.782361e-19 -0.025)
(0.08333333 3.614014e-19 -0.03)
(0.08 0.004 -0.03)
(0.08 4.33681e-19 -0.025)
(0.09 2.168405e-19 -0.03)
(0.08666667 0.004 -0.03)
(0.08666667 2.891218e-19 -0.025)
(0.09666667 7.227961e-20 -0.03)
(0.09333333 0.004 -0.03)
(0.09333333 1.445592e-19 -0.025)
(0.1 0.004 -0.03)
(0.1 0 -0.025)
(0.01660392 0.008 -0.03000011)
(0.02333531 0.008 -0.03000023)
(0.01999961 0.008 -0.02500175)
(0.02999981 0.008 -0.02999998)
(0.02666649 0.008 -0.02499995)
(0.03666662 0.008 -0.02999999)
(0.03333327 0.008 -0.02499996)
(0.04333333 0.008 -0.03)
(0.03999999 0.008 -0.02499999)
(0.05 0.008 -0.03)
(0.04666667 0.008 -0.025)
(0.05666667 0.008 -0.03)
(0.05333333 0.008 -0.025)
(0.06333333 0.008 -0.03)
(0.06 0.008 -0.025)
(0.07 0.008 -0.03)
(0.06666667 0.008 -0.025)
(0.07666667 0.008 -0.03)
(0.07333333 0.008 -0.025)
(0.08333333 0.008 -0.03)
(0.08 0.008 -0.025)
(0.09 0.008 -0.03)
(0.08666667 0.008 -0.025)
(0.09666667 0.008 -0.03)
(0.09333333 0.008 -0.025)
(0.1 0.008 -0.025)
(0.01665043 0 -0.01999361)
(0.02332866 0 -0.01999848)
(0.01999458 0.004006812 -0.01999783)
(0.0199802 0 -0.0149988)
(0.02999945 0 -0.01999977)
(0.02666537 0.004000214 -0.01999953)
(0.02666094 0 -0.01499964)
(0.03666664 -1.445779e-19 -0.01999998)
(0.03333317 0.004000006 -0.01999993)
(0.03333269 0 -0.01499996)
(0.04333333 -2.891211e-19 -0.02)
(0.03999999 0.004 -0.01999999)
(0.03999997 -2.891228e-19 -0.015)
(0.05 -1.445581e-19 -0.02)
(0.04666667 0.004 -0.02)
(0.04666667 0 -0.015)
(0.05666667 -1.445614e-19 -0.02)
(0.05333333 0.004 -0.02)
(0.05333333 -1.654361e-24 -0.015)
(0.06333333 -3.614007e-19 -0.02)
(0.06 0.004 -0.02)
(0.06 -2.89121e-19 -0.015)
(0.07 -5.05961e-19 -0.02)
(0.06666667 0.004 -0.02)
(0.06666667 -4.336803e-19 -0.015)
(0.07666667 -7.227738e-20 -0.02)
(0.07333333 0.004 -0.02)
(0.07333333 -5.782361e-19 -0.015)
(0.08333333 3.614014e-19 -0.02)
(0.08 0.004 -0.02)
(0.08 4.33681e-19 -0.015)
(0.09 2.168405e-19 -0.02)
(0.08666667 0.004 -0.02)
(0.08666667 2.891218e-19 -0.015)
(0.09666667 7.227961e-20 -0.02)
(0.09333333 0.004 -0.02)
(0.09333333 1.445592e-19 -0.015)
(0.1 0.004 -0.02)
(0.1 0 -0.015)
(0.01669201 0.008 -0.02000087)
(0.02333324 0.008 -0.01999977)
(0.01998799 0.008 -0.01500188)
(0.02999988 0.008 -0.01999991)
(0.02666709 0.008 -0.0149998)
(0.03666665 0.008 -0.01999998)
(0.03333334 0.008 -0.01499996)
(0.04333333 0.008 -0.02)
(0.04 0.008 -0.01499999)
(0.05 0.008 -0.02)
(0.04666667 0.008 -0.015)
(0.05666667 0.008 -0.02)
(0.05333333 0.008 -0.015)
(0.06333333 0.008 -0.02)
(0.06 0.008 -0.015)
(0.07 0.008 -0.02)
(0.06666667 0.008 -0.015)
(0.07666667 0.008 -0.02)
(0.07333333 0.008 -0.015)
(0.08333333 0.008 -0.02)
(0.08 0.008 -0.015)
(0.09 0.008 -0.02)
(0.08666667 0.008 -0.015)
(0.09666667 0.008 -0.02)
(0.09333333 0.008 -0.015)
(0.1 0.008 -0.015)
(0.01662669 0 -0.01001255)
(0.02330472 0 -0.0100001)
(0.01997407 0.004025472 -0.00999983)
(0.01990217 0 -0.005004629)
(0.02999545 0 -0.009999991)
(0.02665967 0.004000631 -0.00999991)
(0.02664626 0 -0.005000267)
(0.0366663 -1.44525e-19 -0.009999998)
(0.03333238 0.004000016 -0.009999977)
(0.03333112 0 -0.005000024)
(0.04333332 0 -0.01)
(0.03999992 0.004000001 -0.009999997)
(0.03999987 -2.891162e-19 -0.005000001)
(0.05 1.445614e-19 -0.01)
(0.04666666 0.004 -0.01)
(0.04666666 2.891162e-19 -0.005)
(0.05666667 -1.445614e-19 -0.01)
(0.05333333 0.004 -0.01)
(0.05333333 -1.654361e-24 -0.005)
(0.06333333 -3.614007e-19 -0.01)
(0.06 0.004 -0.01)
(0.06 -2.89121e-19 -0.005)
(0.07 -5.05961e-19 -0.01)
(0.06666667 0.004 -0.01)
(0.06666667 -4.336803e-19 -0.005)
(0.07666667 -7.227738e-20 -0.01)
(0.07333333 0.004 -0.01)
(0.07333333 -5.782361e-19 -0.005)
(0.08333333 3.614014e-19 -0.01)
(0.08 0.004 -0.01)
(0.08 4.33681e-19 -0.005)
(0.09 2.168405e-19 -0.01)
(0.08666667 0.004 -0.01)
(0.08666667 2.891218e-19 -0.005)
(0.09666667 7.227961e-20 -0.01)
(0.09333333 0.004 -0.01)
(0.09333333 1.445592e-19 -0.005)
(0.1 0.004 -0.01)
(0.1 0 -0.005)
(0.01668726 0.008 -0.01000227)
(0.02333465 0.008 -0.009999582)
(0.02000123 0.008 -0.005000023)
(0.03000018 0.008 -0.009999919)
(0.02666712 0.008 -0.004999931)
(0.03666667 0.008 -0.009999988)
(0.03333338 0.008 -0.004999982)
(0.04333333 0.008 -0.009999999)
(0.04 0.008 -0.004999998)
(0.05 0.008 -0.01)
(0.04666667 0.008 -0.005)
(0.05666667 0.008 -0.01)
(0.05333333 0.008 -0.005)
(0.06333333 0.008 -0.01)
(0.06 0.008 -0.005)
(0.07 0.008 -0.01)
(0.06666667 0.008 -0.005)
(0.07666667 0.008 -0.01)
(0.07333333 0.008 -0.005)
(0.08333333 0.008 -0.01)
(0.08 0.008 -0.005)
(0.09 0.008 -0.01)
(0.08666667 0.008 -0.005)
(0.09666667 0.008 -0.01)
(0.09333333 0.008 -0.005)
(0.1 0.008 -0.005)
(0.01653073 0 -5.49591e-06)
(0.02327202 0 -8.421568e-07)
(0.01993187 0.004029728 -1.408322e-06)
(0.01989438 0 0.005002306)
(0.02999142 0 -9.93986e-08)
(0.0266529 0.00400076 -1.840973e-07)
(0.02664498 0 0.004999889)
(0.03666598 -1.44525e-19 -7.290961e-09)
(0.03333161 0.00400002 -1.616903e-08)
(0.03333099 0 0.00499999)
(0.0433333 -6.617445e-24 -2.643288e-10)
(0.03999987 0.004000001 -7.474217e-10)
(0.03999986 -2.891145e-19 0.005)
(0.05 1.445614e-19 -1.051505e-12)
(0.04666666 0.004 -2.72668e-11)
(0.04666666 2.891162e-19 0.005)
(0.05666667 -1.445612e-19 2.881094e-13)
(0.05333333 0.004 -1.029033e-12)
(0.05333333 -1.654361e-24 0.005)
(0.06333333 -3.614006e-19 1.297833e-14)
(0.06 0.004 -1.597412e-13)
(0.06 -2.89121e-19 0.005)
(0.07 -5.05961e-19 3.035766e-16)
(0.06666667 0.004 -2.113836e-14)
(0.06666667 -4.336803e-19 0.005)
(0.07666667 -7.227738e-20 2.254146e-18)
(0.07333333 0.004 -1.660983e-15)
(0.07333333 -5.782361e-19 0.005)
(0.08333333 3.614014e-19 1.734723e-18)
(0.08 0.004 -9.311271e-17)
(0.08 4.33681e-19 0.005)
(0.09 2.168405e-19 5.917899e-19)
(0.08666667 0.004 -3.889795e-18)
(0.08666667 2.891218e-19 0.005)
(0.09666667 7.227961e-20 2.349093e-19)
(0.09333333 0.004 1.338536e-19)
(0.09333333 1.445592e-19 0.005)
(0.1 0.004 -4.568859e-19)
(0.1 0 0.005)
(0.01666833 0.008 -2.086742e-06)
(0.0233328 0.008 -1.319897e-07)
(0.02000308 0.008 0.00499944)
(0.03000006 0.008 1.924921e-09)
(0.0266664 0.008 0.004999897)
(0.03666667 0.008 2.072736e-09)
(0.03333332 0.008 0.004999991)
(0.04333334 0.008 2.242474e-11)
(0.04 0.008 0.004999999)
(0.05 0.008 -6.900652e-12)
(0.04666667 0.008 0.005)
(0.05666667 0.008 -8.472468e-13)
(0.05333333 0.008 0.005)
(0.06333333 0.008 -1.120848e-13)
(0.06 0.008 0.005)
(0.07 0.008 -7.816664e-15)
(0.06666667 0.008 0.005)
(0.07666667 0.008 -3.894454e-16)
(0.07333333 0.008 0.005)
(0.08333333 0.008 -1.387779e-17)
(0.08 0.008 0.005)
(0.09 0.008 1.264905e-19)
(0.08666667 0.008 0.005)
(0.09666667 0.008 2.349093e-19)
(0.09333333 0.008 0.005)
(0.1 0.008 0.005)
(0.01661115 0 0.01001052)
(0.02329978 0 0.01000022)
(0.01996555 0.004020255 0.01000004)
(0.01996409 0 0.01500401)
(0.0299947 0 0.01000005)
(0.02665778 0.004000506 0.01000001)
(0.02665824 0 0.01500041)
(0.03666624 -1.445515e-19 0.01000001)
(0.03333214 0.004000014 0.01)
(0.03333241 0 0.01500005)
(0.04333332 -3.308722e-24 0.01)
(0.03999991 0.004000001 0.01)
(0.03999995 -2.891162e-19 0.015)
(0.05 1.445581e-19 0.01)
(0.04666666 0.004 0.01)
(0.04666667 2.891195e-19 0.015)
(0.05666667 -1.445612e-19 0.01)
(0.05333333 0.004 0.01)
(0.05333333 -1.654361e-24 0.015)
(0.06333333 -3.614006e-19 0.01)
(0.06 0.004 0.01)
(0.06 -2.89121e-19 0.015)
(0.07 -5.05961e-19 0.01)
(0.06666667 0.004 0.01)
(0.06666667 -3.614003e-19 0.015)
(0.07666667 -7.227738e-20 0.01)
(0.07333333 0.004 0.01)
(0.07333333 -5.782361e-19 0.015)
(0.08333333 3.614014e-19 0.01)
(0.08 0.004 0.01)
(0.08 4.33681e-19 0.015)
(0.09 2.168405e-19 0.01)
(0.08666667 0.004 0.01)
(0.08666667 2.891218e-19 0.015)
(0.09666667 7.227961e-20 0.01)
(0.09333333 0.004 0.01)
(0.09333333 1.445592e-19 0.015)
(0.1 0.004 0.01)
(0.1 0 0.015)
(0.01666036 0.008 0.009999599)
(0.02333135 0.008 0.01000026)
(0.01998763 0.008 0.0149984)
(0.02999967 0.008 0.009999955)
(0.02666557 0.008 0.01499989)
(0.03666665 0.008 0.009999997)
(0.03333318 0.008 0.01499998)
(0.04333333 0.008 0.01)
(0.03999999 0.008 0.015)
(0.05 0.008 0.01)
(0.04666667 0.008 0.015)
(0.05666667 0.008 0.01)
(0.05333333 0.008 0.015)
(0.06333333 0.008 0.01)
(0.06 0.008 0.015)
(0.07 0.008 0.01)
(0.06666667 0.008 0.015)
(0.07666667 0.008 0.01)
(0.07333333 0.008 0.015)
(0.08333333 0.008 0.01)
(0.08 0.008 0.015)
(0.09 0.008 0.01)
(0.08666667 0.008 0.015)
(0.09666667 0.008 0.01)
(0.09333333 0.008 0.015)
(0.1 0.008 0.015)
(0.01664264 0 0.0200091)
(0.02332327 0 0.02000172)
(0.01998752 0.004001322 0.02000153)
(0.01997924 0 0.02500404)
(0.02999834 0 0.02000026)
(0.02666333 0.004000074 0.02000033)
(0.02666304 0 0.02500087)
(0.03666657 -1.445779e-19 0.02000002)
(0.03333289 0.004000003 0.02000004)
(0.03333308 0 0.0250001)
(0.04333333 0 0.02)
(0.03999997 0.004 0.02)
(0.04 -2.891162e-19 0.02500001)
(0.05 1.445614e-19 0.02)
(0.04666667 0.004 0.02)
(0.04666667 2.891162e-19 0.025)
(0.05666667 -1.445614e-19 0.02)
(0.05333333 0.004 0.02)
(0.05333333 0 0.025)
(0.06333333 -2.89121e-19 0.02)
(0.06 0.004 0.02)
(0.06 -2.89121e-19 0.025)
(0.07 -4.33681e-19 0.02)
(0.06666667 0.004 0.02)
(0.06666667 -3.61401e-19 0.025)
(0.07666667 -7.227738e-20 0.02)
(0.07333333 0.004 0.02)
(0.07333333 -5.782361e-19 0.025)
(0.08333333 3.614014e-19 0.02)
(0.08 0.004 0.02)
(0.08 4.33681e-19 0.025)
(0.09 2.168405e-19 0.02)
(0.08666667 0.004 0.02)
(0.08666667 2.891218e-19 0.025)
(0.09666667 7.227961e-20 0.02)
(0.09333333 0.004 0.02)
(0.09333333 1.445592e-19 0.025)
(0.1 0.004 0.02)
(0.1 0 0.025)
(0.01663822 0.008 0.01999427)
(0.02333314 0.008 0.01999977)
(0.02000263 0.008 0.02500089)
(0.02999967 0.008 0.01999995)
(0.02666747 0.008 0.02499988)
(0.03666663 0.008 0.01999999)
(0.03333336 0.008 0.02499998)
(0.04333333 0.008 0.02)
(0.04 0.008 0.025)
(0.05 0.008 0.02)
(0.04666667 0.008 0.025)
(0.05666667 0.008 0.02)
(0.05333333 0.008 0.025)
(0.06333333 0.008 0.02)
(0.06 0.008 0.025)
(0.07 0.008 0.02)
(0.06666667 0.008 0.025)
(0.07666667 0.008 0.02)
(0.07333333 0.008 0.025)
(0.08333333 0.008 0.02)
(0.08 0.008 0.025)
(0.09 0.008 0.02)
(0.08666667 0.008 0.025)
(0.09666667 0.008 0.02)
(0.09333333 0.008 0.025)
(0.1 0.008 0.025)
(0.0166134 0 0.03000644)
(0.0233243 0 0.03000156)
(0.01999627 0.004000165 0.03000151)
(0.01998267 0 0.0350027)
(0.02999912 0 0.03000031)
(0.02666568 0.004000014 0.03000036)
(0.02666422 0 0.03500075)
(0.03666667 -1.44525e-19 0.03000003)
(0.03333328 0.004000001 0.03000005)
(0.03333327 0 0.0350001)
(0.04333334 0 0.03)
(0.04000001 0.004 0.03)
(0.04000002 -2.891294e-19 0.03500001)
(0.05 1.445614e-19 0.03)
(0.04666667 0.004 0.03)
(0.04666667 -1.445614e-19 0.035)
(0.05666667 -1.445614e-19 0.03)
(0.05333333 0.004 0.03)
(0.05333333 -1.654361e-24 0.035)
(0.06333333 -3.614007e-19 0.03)
(0.06 0.004 0.03)
(0.06 -2.891209e-19 0.035)
(0.07 -5.05961e-19 0.03)
(0.06666667 0.004 0.03)
(0.06666667 -3.614003e-19 0.035)
(0.07666667 -7.227738e-20 0.03)
(0.07333333 0.004 0.03)
(0.07333333 -5.782361e-19 0.035)
(0.08333333 3.614014e-19 0.03)
(0.08 0.004 0.03)
(0.08 4.33681e-19 0.035)
(0.09 2.168405e-19 0.03)
(0.08666667 0.004 0.03)
(0.08666667 2.891218e-19 0.035)
(0.09666667 7.227961e-20 0.03)
(0.09333333 0.004 0.03)
(0.09333333 1.445592e-19 0.035)
(0.1 0.004 0.03)
(0.1 0 0.035)
(0.01670311 0.008 0.02999626)
(0.02333752 0.008 0.02999969)
(0.0200147 0.008 0.03500293)
(0.03000062 0.008 0.02999994)
(0.02666937 0.008 0.03499991)
(0.0366667 0.008 0.02999999)
(0.03333357 0.008 0.03499998)
(0.04333333 0.008 0.03)
(0.04000001 0.008 0.035)
(0.05 0.008 0.03)
(0.04666667 0.008 0.035)
(0.05666667 0.008 0.03)
(0.05333333 0.008 0.035)
(0.06333333 0.008 0.03)
(0.06 0.008 0.035)
(0.07 0.008 0.03)
(0.06666667 0.008 0.035)
(0.07666667 0.008 0.03)
(0.07333333 0.008 0.035)
(0.08333333 0.008 0.03)
(0.08 0.008 0.035)
(0.09 0.008 0.03)
(0.08666667 0.008 0.035)
(0.09666667 0.008 0.03)
(0.09333333 0.008 0.035)
(0.1 0.008 0.035)
(0.04000002 0.004 0.04)
(0.07 -4.33681e-19 0.04)
(0.07666667 -7.227739e-20 0.04)
(0.07333333 0.004 0.04)
(0.07333333 -5.782361e-19 0.045)
(0.08333333 3.614014e-19 0.04)
(0.08 0.004 0.04)
(0.08 4.33681e-19 0.045)
(0.09 2.168405e-19 0.04)
(0.08666667 0.004 0.04)
(0.08666667 2.891218e-19 0.045)
(0.09666667 7.227961e-20 0.04)
(0.09333333 0.004 0.04)
(0.09333333 1.445592e-19 0.045)
(0.1 0.004 0.04)
(0.1 0 0.045)
(0.03666672 0.008 0.03999999)
(0.04333334 0.008 0.04)
(0.04000001 0.008 0.045)
(0.07 0.008 0.04)
(0.07666667 0.008 0.04)
(0.07333333 0.008 0.045)
(0.08333333 0.008 0.04)
(0.08 0.008 0.045)
(0.09 0.008 0.04)
(0.08666667 0.008 0.045)
(0.09666667 0.008 0.04)
(0.09333333 0.008 0.045)
(0.1 0.008 0.045)
(0.04 0.004 0.05)
(0.07 -5.05961e-19 0.05)
(0.07666667 -7.227747e-20 0.05)
(0.07333333 0.004 0.05)
(0.08333333 3.614014e-19 0.05)
(0.08 0.004 0.05)
(0.09 2.168405e-19 0.05)
(0.08666667 0.004 0.05)
(0.09666667 7.227964e-20 0.05)
(0.09333333 0.004 0.05)
(0.1 0.004 0.05)
(0.03666667 0.008 0.05)
(0.04333333 0.008 0.05)
(0.07 0.008 0.05)
(0.07666667 0.008 0.05)
(0.08333333 0.008 0.05)
(0.09 0.008 0.05)
(0.09666667 0.008 0.05)
(0.03000053 0 -0.04499991)
(0.03666672 0 -0.045)
(0.04333334 -8.271806e-25 -0.045)
(0.05 1.445597e-19 -0.045)
(0.05666667 -1.445614e-19 -0.045)
(0.06333333 -3.614007e-19 -0.045)
(0.07 -5.05961e-19 -0.045)
(0.07666667 -7.227738e-20 -0.045)
(0.08333333 3.614014e-19 -0.045)
(0.09 2.168405e-19 -0.045)
(0.09666667 7.227961e-20 -0.045)
(0.03333341 0.004 -0.04499998)
(0.02999988 0.008 -0.04499998)
(0.03000029 0.004000003 -0.03999989)
(0.04 0.004 -0.045)
(0.03666664 0.008 -0.045)
(0.0366667 0.004 -0.03999999)
(0.04666667 0.004 -0.045)
(0.04333333 0.008 -0.045)
(0.04333333 0.004 -0.04)
(0.05333333 0.004 -0.045)
(0.05 0.008 -0.045)
(0.05 0.004 -0.04)
(0.06 0.004 -0.045)
(0.05666667 0.008 -0.045)
(0.05666667 0.004 -0.04)
(0.06666667 0.004 -0.045)
(0.06333333 0.008 -0.045)
(0.06333333 0.004 -0.04)
(0.07333333 0.004 -0.045)
(0.07 0.008 -0.045)
(0.07 0.004 -0.04)
(0.08 0.004 -0.045)
(0.07666667 0.008 -0.045)
(0.07666667 0.004 -0.04)
(0.08666667 0.004 -0.045)
(0.08333333 0.008 -0.045)
(0.08333333 0.004 -0.04)
(0.09333333 0.004 -0.045)
(0.09 0.008 -0.045)
(0.09 0.004 -0.04)
(0.09666667 0.008 -0.045)
(0.09666667 0.004 -0.04)
(0.01661193 -2.846031e-19 -0.0349858)
(0.02333427 -2.888382e-19 -0.03499804)
(0.03000079 0 -0.03499979)
(0.03666676 -1.445779e-19 -0.03499999)
(0.04333334 -1.445515e-19 -0.035)
(0.05 2.891195e-19 -0.035)
(0.05666667 -1.445614e-19 -0.035)
(0.06333333 -3.614007e-19 -0.035)
(0.07 -5.05961e-19 -0.035)
(0.07666667 -7.227739e-20 -0.035)
(0.08333333 3.614014e-19 -0.035)
(0.09 2.168405e-19 -0.035)
(0.09666667 7.227961e-20 -0.035)
(0.02000335 0.004002526 -0.03499825)
(0.01667286 0.008 -0.03500191)
(0.01665673 0.004024914 -0.02999654)
(0.02666719 0.004000061 -0.03499965)
(0.02333229 0.008 -0.03500068)
(0.023337 0.004000615 -0.02999916)
(0.03333345 0.004000002 -0.03499996)
(0.02999975 0.008 -0.03500001)
(0.03000035 0.004000015 -0.02999985)
(0.04000001 0.004 -0.035)
(0.03666661 0.008 -0.03499999)
(0.0366667 0.004000001 -0.02999998)
(0.04666667 0.004 -0.035)
(0.04333333 0.008 -0.035)
(0.04333333 0.004 -0.03)
(0.05333333 0.004 -0.035)
(0.05 0.008 -0.035)
(0.05 0.004 -0.03)
(0.06 0.004 -0.035)
(0.05666667 0.008 -0.035)
(0.05666667 0.004 -0.03)
(0.06666667 0.004 -0.035)
(0.06333333 0.008 -0.035)
(0.06333333 0.004 -0.03)
(0.07333333 0.004 -0.035)
(0.07 0.008 -0.035)
(0.07 0.004 -0.03)
(0.08 0.004 -0.035)
(0.07666667 0.008 -0.035)
(0.07666667 0.004 -0.03)
(0.08666667 0.004 -0.035)
(0.08333333 0.008 -0.035)
(0.08333333 0.004 -0.03)
(0.09333333 0.004 -0.035)
(0.09 0.008 -0.035)
(0.09 0.004 -0.03)
(0.09666667 0.008 -0.035)
(0.09666667 0.004 -0.03)
(0.01663672 0 -0.02499392)
(0.02333469 -2.896853e-19 -0.02499804)
(0.03000038 0 -0.02499976)
(0.03666673 -1.445779e-19 -0.02499998)
(0.04333334 -2.891228e-19 -0.025)
(0.05 -1.445614e-19 -0.025)
(0.05666667 -1.654361e-24 -0.025)
(0.06333333 -3.614007e-19 -0.025)
(0.07 -5.05961e-19 -0.025)
(0.07666667 -7.227738e-20 -0.025)
(0.08333333 3.614014e-19 -0.025)
(0.09 2.168405e-19 -0.025)
(0.09666667 7.227961e-20 -0.025)
(0.01999865 0.004004347 -0.02499899)
(0.01665491 0.008 -0.02500642)
(0.01666579 0.004034267 -0.01999505)
(0.02666685 0.004000124 -0.02499958)
(0.02333277 0.008 -0.02500049)
(0.0233304 0.004001199 -0.01999907)
(0.03333337 0.004000004 -0.02499993)
(0.02999987 0.008 -0.02499993)
(0.02999949 0.004000037 -0.01999981)
(0.04 0.004 -0.02499999)
(0.03666664 0.008 -0.02499998)
(0.03666662 0.004000001 -0.01999998)
(0.04666667 0.004 -0.025)
(0.04333333 0.008 -0.025)
(0.04333333 0.004 -0.02)
(0.05333333 0.004 -0.025)
(0.05 0.008 -0.025)
(0.05 0.004 -0.02)
(0.06 0.004 -0.025)
(0.05666667 0.008 -0.025)
(0.05666667 0.004 -0.02)
(0.06666667 0.004 -0.025)
(0.06333333 0.008 -0.025)
(0.06333333 0.004 -0.02)
(0.07333333 0.004 -0.025)
(0.07 0.008 -0.025)
(0.07 0.004 -0.02)
(0.08 0.004 -0.025)
(0.07666667 0.008 -0.025)
(0.07666667 0.004 -0.02)
(0.08666667 0.004 -0.025)
(0.08333333 0.008 -0.025)
(0.08333333 0.004 -0.02)
(0.09333333 0.004 -0.025)
(0.09 0.008 -0.025)
(0.09 0.004 -0.02)
(0.09666667 0.008 -0.025)
(0.09666667 0.004 -0.02)
(0.01665676 0 -0.01500157)
(0.02332 0 -0.01499913)
(0.02999789 0 -0.01499986)
(0.03666651 -1.44525e-19 -0.01499999)
(0.04333333 0 -0.015)
(0.05 -1.445614e-19 -0.015)
(0.05666667 -1.445614e-19 -0.015)
(0.06333333 -3.614007e-19 -0.015)
(0.07 -5.05961e-19 -0.015)
(0.07666667 -7.227739e-20 -0.015)
(0.08333333 3.614014e-19 -0.015)
(0.09 2.168405e-19 -0.015)
(0.09666667 7.227961e-20 -0.015)
(0.01998572 0.004015387 -0.01499943)
(0.01666073 0.008 -0.01499826)
(0.01663298 0.004134655 -0.01000068)
(0.02666321 0.004000411 -0.0149997)
(0.02333335 0.008 -0.01499957)
(0.02331823 0.00400399 -0.009999859)
(0.03333285 0.004000011 -0.01499995)
(0.03 0.008 -0.0149999)
(0.02999722 0.0040001 -0.00999995)
(0.03999996 0.004 -0.01499999)
(0.03666666 0.008 -0.01499998)
(0.03666638 0.004000003 -0.009999991)
(0.04666666 0.004 -0.015)
(0.04333333 0.008 -0.015)
(0.04333332 0.004 -0.009999999)
(0.05333333 0.004 -0.015)
(0.05 0.008 -0.015)
(0.05 0.004 -0.01)
(0.06 0.004 -0.015)
(0.05666667 0.008 -0.015)
(0.05666667 0.004 -0.01)
(0.06666667 0.004 -0.015)
(0.06333333 0.008 -0.015)
(0.06333333 0.004 -0.01)
(0.07333333 0.004 -0.015)
(0.07 0.008 -0.015)
(0.07 0.004 -0.01)
(0.08 0.004 -0.015)
(0.07666667 0.008 -0.015)
(0.07666667 0.004 -0.01)
(0.08666667 0.004 -0.015)
(0.08333333 0.008 -0.015)
(0.08333333 0.004 -0.01)
(0.09333333 0.004 -0.015)
(0.09 0.008 -0.015)
(0.09 0.004 -0.01)
(0.09666667 0.008 -0.015)
(0.09666667 0.004 -0.01)
(0.01656936 0 -0.005021173)
(0.02328331 0 -0.005000764)
(0.02999277 0 -0.005000085)
(0.03666609 -1.44525e-19 -0.005000006)
(0.04333331 -6.617445e-24 -0.005)
(0.05 1.445614e-19 -0.005)
(0.05666667 -1.445612e-19 -0.005)
(0.06333333 -3.614007e-19 -0.005)
(0.07 -5.05961e-19 -0.005)
(0.07666667 -7.227738e-20 -0.005)
(0.08333333 3.614014e-19 -0.005)
(0.09 2.168405e-19 -0.005)
(0.09666667 7.227961e-20 -0.005)
(0.01994676 0.004029925 -0.005000986)
(0.01668707 0.008 -0.005002502)
(0.01654006 0.00414541 -3.904849e-06)
(0.02665528 0.004000751 -0.005000109)
(0.0233337 0.008 -0.004999876)
(0.0233007 0.004004741 -5.274957e-07)
(0.03333187 0.004000019 -0.005000004)
(0.03000014 0.008 -0.004999954)
(0.02999482 0.004000122 -5.755007e-08)
(0.03999989 0.004000001 -0.004999999)
(0.03666668 0.008 -0.004999993)
(0.03666616 0.004000003 -3.722588e-09)
(0.04666666 0.004 -0.005)
(0.04333333 0.008 -0.005)
(0.0433333 0.004 -1.540947e-10)
(0.05333333 0.004 -0.005)
(0.05 0.008 -0.005)
(0.05 0.004 -5.018235e-12)
(0.06 0.004 -0.005)
(0.05666667 0.008 -0.005)
(0.05666667 0.004 -3.433536e-13)
(0.06666667 0.004 -0.005)
(0.06333333 0.008 -0.005)
(0.06333333 0.004 -6.288386e-14)
(0.07333333 0.004 -0.005)
(0.07 0.008 -0.005)
(0.07 0.004 -6.237992e-15)
(0.08 0.004 -0.005)
(0.07666667 0.008 -0.005)
(0.07666667 0.004 -4.105174e-16)
(0.08666667 0.004 -0.005)
(0.08333333 0.008 -0.005)
(0.08333333 0.004 -1.944646e-17)
(0.09333333 0.004 -0.005)
(0.09 0.008 -0.005)
(0.09 0.004 -6.914992e-19)
(0.09666667 0.008 -0.005)
(0.09666667 0.004 -1.981814e-19)
(0.01655057 0 0.005016051)
(0.02328004 0 0.004999705)
(0.02999232 0 0.004999964)
(0.03666605 -1.44525e-19 0.004999998)
(0.04333331 -3.308722e-24 0.005)
(0.05 1.445614e-19 0.005)
(0.05666667 -1.445614e-19 0.005)
(0.06333333 -3.614006e-19 0.005)
(0.07 -5.05961e-19 0.005)
(0.07666667 -7.227738e-20 0.005)
(0.08333333 3.614014e-19 0.005)
(0.09 2.168405e-19 0.005)
(0.09666667 7.227961e-20 0.005)
(0.01994286 0.004028045 0.004999331)
(0.01667324 0.008 0.004996864)
(0.01662099 0.004102305 0.00999938)
(0.02665418 0.004000697 0.004999881)
(0.02333158 0.008 0.004999637)
(0.02331396 0.004003188 0.01000015)
(0.03333174 0.004000018 0.004999988)
(0.02999991 0.008 0.00499997)
(0.02999648 0.004000081 0.01000001)
(0.03999988 0.004000001 0.004999999)
(0.03666666 0.008 0.004999998)
(0.03666631 0.004000002 0.01)
(0.04666666 0.004 0.005)
(0.04333334 0.008 0.005)
(0.04333331 0.004 0.01)
(0.05333333 0.004 0.005)
(0.05 0.008 0.005)
(0.05 0.004 0.01)
(0.06 0.004 0.005)
(0.05666667 0.008 0.005)
(0.05666667 0.004 0.01)
(0.06666667 0.004 0.005)
(0.06333333 0.008 0.005)
(0.06333333 0.004 0.01)
(0.07333333 0.004 0.005)
(0.07 0.008 0.005)
(0.07 0.004 0.01)
(0.08 0.004 0.005)
(0.07666667 0.008 0.005)
(0.07666667 0.004 0.01)
(0.08666667 0.004 0.005)
(0.08333333 0.008 0.005)
(0.08333333 0.004 0.01)
(0.09333333 0.004 0.005)
(0.09 0.008 0.005)
(0.09 0.004 0.01)
(0.09666667 0.008 0.005)
(0.09666667 0.004 0.01)
(0.01662726 0 0.01500289)
(0.02331414 0 0.01500092)
(0.02999693 0 0.01500016)
(0.03666644 -1.44525e-19 0.01500001)
(0.04333333 -3.308722e-24 0.015)
(0.05 1.445614e-19 0.015)
(0.05666667 -1.445612e-19 0.015)
(0.06333333 -2.89121e-19 0.015)
(0.07 -5.05961e-19 0.015)
(0.07666667 -7.227738e-20 0.015)
(0.08333333 3.614014e-19 0.015)
(0.09 2.168405e-19 0.015)
(0.09666667 7.227961e-20 0.015)
(0.01997776 0.004007582 0.01500066)
(0.0166573 0.008 0.01499879)
(0.01665206 0.003999954 0.02000269)
(0.02666097 0.004000239 0.01500018)
(0.02332957 0.008 0.01499978)
(0.02332684 0.004000352 0.02000079)
(0.03333256 0.004000007 0.01500002)
(0.02999951 0.008 0.01499995)
(0.02999868 0.004000015 0.02000013)
(0.03999994 0.004 0.015)
(0.03666664 0.008 0.01499999)
(0.03666654 0.004000001 0.02000001)
(0.04666666 0.004 0.015)
(0.04333333 0.008 0.015)
(0.04333333 0.004 0.02)
(0.05333333 0.004 0.015)
(0.05 0.008 0.015)
(0.05 0.004 0.02)
(0.06 0.004 0.015)
(0.05666667 0.008 0.015)
(0.05666667 0.004 0.02)
(0.06666667 0.004 0.015)
(0.06333333 0.008 0.015)
(0.06333333 0.004 0.02)
(0.07333333 0.004 0.015)
(0.07 0.008 0.015)
(0.07 0.004 0.02)
(0.08 0.004 0.015)
(0.07666667 0.008 0.015)
(0.07666667 0.004 0.02)
(0.08666667 0.004 0.015)
(0.08333333 0.008 0.015)
(0.08333333 0.004 0.02)
(0.09333333 0.004 0.015)
(0.09 0.008 0.015)
(0.09 0.004 0.02)
(0.09666667 0.008 0.015)
(0.09666667 0.004 0.02)
(0.01663868 0 0.02501075)
(0.02332469 0 0.02500207)
(0.02999888 0 0.02500031)
(0.03666663 -1.445779e-19 0.02500003)
(0.04333334 0 0.025)
(0.05 1.445614e-19 0.025)
(0.05666667 -1.445614e-19 0.025)
(0.06333333 -3.614007e-19 0.025)
(0.07 -4.33681e-19 0.025)
(0.07666667 -7.227738e-20 0.025)
(0.08333333 3.614014e-19 0.025)
(0.09 2.168405e-19 0.025)
(0.09666667 7.227961e-20 0.025)
(0.01999317 0.004001445 0.02500238)
(0.01671943 0.008 0.02500118)
(0.01666149 0.004001056 0.03000212)
(0.02666487 0.004000039 0.02500043)
(0.02333511 0.008 0.02500003)
(0.02333092 0.004000057 0.03000076)
(0.03333313 0.004000001 0.02500005)
(0.03000017 0.008 0.02499995)
(0.02999974 0.004000003 0.03000015)
(0.03999999 0.004 0.025)
(0.03666666 0.008 0.02499999)
(0.03666667 0.004 0.03000002)
(0.04666667 0.004 0.025)
(0.04333333 0.008 0.025)
(0.04333334 0.004 0.03)
(0.05333333 0.004 0.025)
(0.05 0.008 0.025)
(0.05 0.004 0.03)
(0.06 0.004 0.025)
(0.05666667 0.008 0.025)
(0.05666667 0.004 0.03)
(0.06666667 0.004 0.025)
(0.06333333 0.008 0.025)
(0.06333333 0.004 0.03)
(0.07333333 0.004 0.025)
(0.07 0.008 0.025)
(0.07 0.004 0.03)
(0.08 0.004 0.025)
(0.07666667 0.008 0.025)
(0.07666667 0.004 0.03)
(0.08666667 0.004 0.025)
(0.08333333 0.008 0.025)
(0.08333333 0.004 0.03)
(0.09333333 0.004 0.025)
(0.09 0.008 0.025)
(0.09 0.004 0.03)
(0.09666667 0.008 0.025)
(0.09666667 0.004 0.03)
(0.01657088 0 0.03500165)
(0.02332173 0 0.03500088)
(0.02999942 0 0.03500028)
(0.0366667 -1.446309e-19 0.03500003)
(0.04333334 -4.336809e-19 0.035)
(0.05 1.445614e-19 0.035)
(0.05666667 -1.445614e-19 0.035)
(0.06333333 -2.89121e-19 0.035)
(0.07 -5.05961e-19 0.035)
(0.07666667 -7.227738e-20 0.035)
(0.08333333 3.614014e-19 0.035)
(0.09 2.168405e-19 0.035)
(0.09666667 7.227961e-20 0.035)
(0.01999763 0.004000447 0.0350021)
(0.01670185 0.008 0.03499713)
(0.02666656 0.004000017 0.03500035)
(0.02334287 0.008 0.03499983)
(0.0333334 0.004000001 0.03500005)
(0.03000086 0.008 0.03499996)
(0.04000002 0.004 0.035)
(0.03666672 0.008 0.03499999)
(0.03666672 0.004 0.04000001)
(0.04666667 0.004 0.035)
(0.04333334 0.008 0.035)
(0.04333334 0.004 0.04)
(0.05333333 0.004 0.035)
(0.05 0.008 0.035)
(0.06 0.004 0.035)
(0.05666667 0.008 0.035)
(0.06666667 0.004 0.035)
(0.06333333 0.008 0.035)
(0.07333333 0.004 0.035)
(0.07 0.008 0.035)
(0.07 0.004 0.04)
(0.08 0.004 0.035)
(0.07666667 0.008 0.035)
(0.07666667 0.004 0.04)
(0.08666667 0.004 0.035)
(0.08333333 0.008 0.035)
(0.08333333 0.004 0.04)
(0.09333333 0.004 0.035)
(0.09 0.008 0.035)
(0.09 0.004 0.04)
(0.09666667 0.008 0.035)
(0.09666667 0.004 0.04)
(0.07 -4.33681e-19 0.045)
(0.07666667 -7.227738e-20 0.045)
(0.08333333 3.614014e-19 0.045)
(0.09 2.168405e-19 0.045)
(0.09666667 7.227961e-20 0.045)
(0.04000001 0.004 0.045)
(0.0366667 0.008 0.045)
(0.04333333 0.008 0.045)
(0.07333333 0.004 0.045)
(0.07 0.008 0.045)
(0.08 0.004 0.045)
(0.07666667 0.008 0.045)
(0.08666667 0.004 0.045)
(0.08333333 0.008 0.045)
(0.09333333 0.004 0.045)
(0.09 0.008 0.045)
(0.09666667 0.008 0.045)
(0.1 0.004 -0.045)
(0.1 0.004 -0.035)
(0.1 0.004 -0.025)
(0.1 0.004 -0.015)
(0.1 0.004 -0.005)
(0.1 0.004 0.005)
(0.1 0.004 0.015)
(0.1 0.004 0.025)
(0.1 0.004 0.035)
(0.1 0.004 0.045)
(0.03000005 0.003999999 -0.05)
(0.03666667 0.004 -0.05)
(0.04333333 0.004 -0.05)
(0.05 0.004 -0.05)
(0.05666667 0.004 -0.05)
(0.06333333 0.004 -0.05)
(0.07 0.004 -0.05)
(0.07666667 0.004 -0.05)
(0.08333333 0.004 -0.05)
(0.09 0.004 -0.05)
(0.09666667 0.004 -0.05)
(0.03666667 0.004 0.05)
(0.04333333 0.004 0.05)
(0.07 0.004 0.05)
(0.07666667 0.004 0.05)
(0.08333333 0.004 0.05)
(0.09 0.004 0.05)
(0.09666667 0.004 0.05)
)


// ************************************************************************* //
