/*--------------------------------*- C++ -*----------------------------------*\
| =========                 |                                                 |
| \\      /  F ield         | OpenFOAM: The Open Source CFD Toolbox           |
|  \\    /   O peration     | Version:  v1912                                 |
|   \\  /    A nd           | Website:  www.openfoam.com                      |
|    \\/     M anipulation  |                                                 |
\*---------------------------------------------------------------------------*/
FoamFile
{
    version     2.0;
    format      ascii;
    class       volScalarField;
    location    "432/sphere";
    object      ddt0((betavSolid*thermo:rho),h);
}
// * * * * * * * * * * * * * * * * * * * * * * * * * * * * * * * * * * * * * //

dimensions      [1 -1 -3 0 0 0 0];


internalField   nonuniform List<scalar> 
6600
(
-44505.1
-44513.4
-44512.6
-44531.3
-44507.9
-44507.6
-44513.1
-44568.1
-44579.8
-44546
-44512.4
-44579.4
-44590.9
-44558.8
-44541.3
-44558.3
-44531.6
-44512.3
-44530.6
-44507.9
-44512.4
-44579.1
-44590.9
-44558.9
-44528.9
-44590.6
-44602.1
-44570.4
-44513.2
-44506.3
-44558
-44569.5
-44549.3
-44511.8
-44507.4
-44544.8
-44558.9
-44529.4
-44506.7
-44557.9
-44569.9
-44549.2
-44528
-44548.8
-44518.2
-44512.1
-44512.2
-44512.1
-44511.3
-44512.2
-44505.6
-44531.4
-44514.2
-44558.7
-44546.5
-44570.1
-44559.4
-44546.4
-44569.9
-44558.8
-44513.5
-44505.6
-44531.3
-44513.9
-44558.9
-44558.5
-44546.2
-44531.2
-44513.7
-44513.7
-44505.7
-44511.2
-44511.2
-44510.9
-44510.4
-44508.2
-44510.4
-44511.1
-44508.4
-44510.3
-44510.9
-44508.2
-44511.4
-44516
-44507.4
-44507.3
-44528.4
-44548.7
-44507.4
-44507.5
-44548.9
-44529.5
-44518.4
-44507
-44528.2
-44506.8
-44548.5
-44512.9
-44512.6
-44530.2
-44545.6
-44558.5
-44558.2
-44569.4
-44511.2
-44520.5
-44518
-44537.4
-44531.7
-44527.3
-44539.9
-44507.8
-44529.3
-44549.3
-44507.9
-44507
-44506.9
-44548.5
-44528.4
-44530.2
-44504.9
-44513.3
-44558.3
-44569.3
-44545.7
-44558.3
-44514.2
-44513.9
-44505.6
-44569.9
-44559.3
-44558.7
-44546.6
-44549.3
-44507.9
-44529.6
-44515.9
-44507.2
-44528.2
-44548.8
-44507.4
-44548.9
-44529.4
-44507.6
-44518.4
-44511.2
-44511.8
-44528
-44506.9
-44506.6
-44548.2
-44512.8
-44541.4
-44558
-44512.5
-44529.8
-44558.1
-44569
-44505.7
-44558.6
-44546.4
-44530.5
-44513.7
-44569.4
-44558.9
-44531.6
-44507.7
-44549.2
-44507.7
-44510.4
-44541.3
-44512.5
-44557.6
-44512.2
-44557.8
-44528.9
-44568.4
-44505.7
-44559.1
-44514.2
-44558.7
-44514
-44570.3
-44532.6
-44513.1
-44510.4
-44557.7
-44541.3
-44528.9
-44568.8
-44512.4
-44558.2
-44513.9
-44546.5
-44506
-44570.2
-44532.6
-44559.2
-44514.1
-44513.2
-44528.1
-44506.3
-44548.5
-44506.8
-44558.2
-44512.9
-44557.9
-44569
-44512.4
-44529.8
-44546.2
-44513.2
-44505.6
-44569.5
-44559
-44530.5
-44514
-44549.3
-44507.9
-44507.7
-44511.3
-44511.8
-44511.3
-44511.8
-44506.8
-44506.3
-44548.3
-44527.9
-44529.9
-44557.8
-44569
-44512.9
-44541.2
-44558.3
-44513.7
-44569.4
-44558.8
-44513.1
-44505.6
-44558.6
-44546.3
-44549.3
-44507.8
-44531.5
-44510.4
-44557.7
-44528.9
-44568.4
-44541.1
-44512.2
-44558.1
-44514.2
-44570.3
-44532.6
-44546.2
-44505.8
-44558.9
-44514
-44513.2
-44510.3
-44568.7
-44512.4
-44557.7
-44512.2
-44558.3
-44541.3
-44532.6
-44559.4
-44514.2
-44559.1
-44514.2
-44546.5
-44506
-44548.4
-44506.9
-44528
-44568.8
-44512.4
-44529.8
-44541.1
-44558.1
-44512.8
-44559.1
-44530.5
-44513.8
-44558.4
-44546.3
-44513.3
-44505.5
-44507.9
-44507.6
-44531.7
-44511.3
-44515.7
-44507.1
-44528
-44548.7
-44506.9
-44548.8
-44529.5
-44507.5
-44518.3
-44528.3
-44506.6
-44548.3
-44507
-44558.2
-44557.6
-44569.1
-44505
-44513.2
-44512.6
-44530.1
-44549.2
-44507.6
-44507.9
-44548.3
-44527.9
-44506.9
-44569.2
-44545.1
-44558.1
-44512.8
-44530
-44505
-44513.2
-44508
-44529.2
-44507.7
-44515.7
-44548.7
-44507.2
-44507.3
-44529.3
-44507.5
-44507.5
-44506.4
-44504.6
-44504.2
-44506
-44504.8
-44507.3
-44505
-44506.9
-44505
-44506.9
-44505
-44506.6
-44504.7
-44503.8
-44504.2
-44508.6
-44508.2
-44505.3
-44510.9
-44510.3
-44508
-44507.1
-44504.8
-44506.4
-44504.8
-44508.4
-44508.3
-44513.9
-44531.9
-44514.5
-44522
-44521.9
-44511.3
-44521.5
-44518.2
-44537.7
-44532.4
-44527.3
-44540.8
-44511
-44520.4
-44517.8
-44537.2
-44531.7
-44527.2
-44539.9
-44508.4
-44508.4
-44513.9
-44531.8
-44514.1
-44521.9
-44521.8
-44511.4
-44521.1
-44518.2
-44537.5
-44532.1
-44527.4
-44540.5
-44520.9
-44511.4
-44518.1
-44537.5
-44532
-44540.4
-44527.4
-44520.7
-44511.2
-44518
-44537.3
-44531.7
-44540
-44527.3
-44508.4
-44508.4
-44513.8
-44531.9
-44514.4
-44522.1
-44522
-44504.9
-44503.9
-44508.5
-44508.1
-44505
-44508.5
-44508
-44504.9
-44504.8
-44507.7
-44507.6
-44512.8
-44530.7
-44513.6
-44521.4
-44521.2
-44507.5
-44512.1
-44505.9
-44518.3
-44535.9
-44510.3
-44530.8
-44515.8
-44538.7
-44526.3
-44506
-44520.8
-44508.4
-44509.7
-44517.4
-44505.5
-44507.1
-44511.6
-44505.8
-44508.3
-44520.2
-44517.2
-44509.3
-44527.3
-44506.6
-44512.1
-44506.4
-44519.4
-44510.9
-44519.7
-44536.7
-44511
-44531.2
-44518.9
-44527.2
-44516.6
-44539.2
-44506.1
-44507.5
-44512.2
-44527.2
-44511.7
-44506
-44506.3
-44518.9
-44519.3
-44510.7
-44534.9
-44530.4
-44509.6
-44518.1
-44525.5
-44538.3
-44515
-44507.2
-44505.2
-44505.2
-44506.2
-44510.9
-44514
-44518.3
-44517.9
-44540.6
-44508.7
-44526.8
-44526.1
-44504.9
-44534.9
-44518.4
-44530.3
-44509.6
-44538.3
-44515.2
-44525.5
-44542.2
-44528
-44547.8
-44525.4
-44545.3
-44522.4
-44544.8
-44508.6
-44520.7
-44505.5
-44509.7
-44517.6
-44534.8
-44530.4
-44518.1
-44509.8
-44538.3
-44525.5
-44515.1
-44507.5
-44505.5
-44540.4
-44546.4
-44524
-44523.9
-44543.5
-44543.4
-44519.6
-44511.6
-44511.5
-44508.8
-44507.8
-44519.5
-44504.7
-44508.9
-44516.3
-44504
-44510.5
-44508.8
-44506.7
-44505.3
-44506.4
-44511.1
-44508.2
-44505.8
-44519.9
-44517
-44509.1
-44505.2
-44506.4
-44511.2
-44540.2
-44516.7
-44526.4
-44513.7
-44516.7
-44525.9
-44507.6
-44507.6
-44519.3
-44505.2
-44516.7
-44508.6
-44513.1
-44539.6
-44515.6
-44515.5
-44525.3
-44525.3
-44507
-44508.2
-44509.4
-44509.3
-44505.9
-44504
-44508.2
-44508.5
-44504.9
-44504.4
-44507.6
-44507.4
-44507.4
-44505.7
-44506.9
-44511.8
-44505.7
-44519.9
-44508.1
-44509.1
-44517
-44505.3
-44506.7
-44511.1
-44508
-44505.1
-44519.8
-44509.2
-44516.4
-44513.1
-44516.1
-44515.4
-44539.7
-44507.1
-44525.9
-44524.9
-44505.5
-44520.1
-44517.2
-44508.2
-44509.2
-44507.5
-44512.1
-44506
-44508.2
-44505.8
-44520.1
-44509.2
-44517.2
-44505.9
-44507.5
-44512.1
-44516.8
-44540.2
-44526.3
-44513.8
-44516.8
-44507.7
-44526
-44508.3
-44509.3
-44509.2
-44505.8
-44505.5
-44506.9
-44511.7
-44505.2
-44507.9
-44520
-44517
-44509.1
-44505.3
-44506.4
-44510.7
-44513.1
-44515.9
-44515.3
-44539.6
-44507
-44525.7
-44524.7
-44507.9
-44504.8
-44519.7
-44509.1
-44516.4
-44518.8
-44510.4
-44531.1
-44516
-44539.2
-44536.1
-44526.6
-44510.3
-44518.3
-44515.8
-44536
-44530.8
-44526.5
-44538.8
-44505.7
-44520.8
-44517.4
-44508.3
-44509.8
-44516.7
-44540.2
-44526.1
-44513.6
-44516.5
-44507.7
-44526
-44506.1
-44507.7
-44512.2
-44508.5
-44506.2
-44520.6
-44509.5
-44517.5
-44507.8
-44505.1
-44520
-44509.1
-44516.8
-44505.3
-44507.1
-44511.6
-44507.8
-44519.5
-44504.7
-44508.9
-44516.1
-44505.1
-44506.2
-44510.7
-44512.9
-44516.2
-44539.6
-44515.3
-44525.6
-44507.1
-44524.7
-44524.7
-44525.1
-44547.7
-44541.4
-44520.5
-44544.4
-44544.7
-44530.6
-44507.7
-44507.8
-44513.6
-44512.9
-44521
-44521.3
-44519.2
-44536.1
-44510.7
-44531.4
-44516.1
-44539.4
-44526.6
-44521.3
-44511.5
-44532.5
-44518.1
-44540.8
-44537.7
-44527.8
-44520.9
-44511.5
-44518.2
-44537.5
-44531.9
-44540.2
-44527.5
-44508.4
-44508.2
-44514
-44532
-44514.3
-44522.3
-44522
-44506.1
-44507.6
-44512.3
-44508.5
-44520.5
-44505.9
-44509.6
-44517.4
-44513.9
-44516.9
-44540.4
-44517
-44526.5
-44507.7
-44526.1
-44506.1
-44507.6
-44512.2
-44508
-44507.7
-44507.5
-44508.1
-44505.2
-44520.1
-44517
-44509.2
-44513
-44516.2
-44539.5
-44515.3
-44525.5
-44506.7
-44524.7
-44505.5
-44506.5
-44511
-44508.1
-44520
-44505.5
-44509.3
-44516.7
-44506
-44507.5
-44512.1
-44513.6
-44516.8
-44540.2
-44516.7
-44526.4
-44507.5
-44525.8
-44508.5
-44520.2
-44505.7
-44509.4
-44517.4
-44505.9
-44507.4
-44511.9
-44508.3
-44509.4
-44509.3
-44506
-44504.4
-44504.2
-44508.3
-44507.9
-44504.8
-44505.1
-44508.9
-44510.5
-44507
-44506.7
-44504.8
-44505.3
-44506.6
-44511.3
-44505.2
-44506.4
-44510.9
-44512.8
-44515.6
-44515.3
-44539.3
-44506.9
-44525.3
-44524.6
-44507.7
-44505.2
-44519.5
-44516.6
-44508.8
-44507.7
-44504.8
-44519.3
-44516.3
-44508.8
-44535
-44510.1
-44530.7
-44518.5
-44525.8
-44515.3
-44538.7
-44535.2
-44510.2
-44518.1
-44530.6
-44515.2
-44526.4
-44538.4
-44540.8
-44524.6
-44524.3
-44547.2
-44520
-44544.2
-44543.9
-44531.4
-44508.2
-44514.5
-44508.3
-44521.9
-44513.3
-44521.8
-44542.3
-44525.4
-44528
-44547.8
-44522.3
-44544.8
-44545.3
-44537
-44511.1
-44520.6
-44532
-44517.3
-44527.4
-44540.1
-44514.1
-44518.1
-44518
-44540.6
-44508.6
-44526.5
-44526.5
-44506.1
-44507.8
-44512.3
-44508.3
-44505.7
-44520.4
-44517.3
-44509.3
-44508.4
-44505.8
-44520.4
-44517.4
-44509.4
-44503.5
-44503.8
-44507.6
-44507.6
-44504.5
-44534.7
-44509.7
-44530.5
-44518
-44525.6
-44515
-44538.1
-44534.9
-44509.7
-44530.3
-44518
-44525.7
-44515
-44538.2
-44540.5
-44523.9
-44524
-44546.4
-44519.7
-44543.4
-44543.6
-44532.1
-44514.5
-44508.5
-44508.5
-44522.2
-44522.2
-44514
-44537.9
-44511.7
-44532.4
-44521.7
-44527.8
-44518.5
-44541
-44537.7
-44511.4
-44532.2
-44521.4
-44527.5
-44518.1
-44540.8
-44543.4
-44529.3
-44529.4
-44549.7
-44524.4
-44546.5
-44546.5
-44507.4
-44505.1
-44507.5
-44504.9
-44511.4
-44511.5
-44508.6
-44503.9
-44507.8
-44507.6
-44504.9
-44503.6
-44527.5
-44506.1
-44511.8
-44506.2
-44519
-44510.6
-44519.4
-44540.6
-44524.2
-44546.4
-44524
-44543.6
-44519.9
-44543.5
-44535
-44509.8
-44518.2
-44530.5
-44515
-44525.9
-44538.3
-44537.7
-44532.2
-44511.4
-44521.3
-44527.6
-44540.8
-44518.3
-44532.2
-44508.7
-44514.7
-44508.6
-44522.1
-44514.1
-44522.2
-44543.4
-44529.3
-44549.7
-44529.4
-44546.5
-44524.6
-44546.5
-44537.8
-44511.4
-44521.5
-44532.3
-44518.3
-44527.5
-44540.8
-44511.4
-44511.5
-44508.8
-44507.3
-44505.2
-44512.9
-44515.2
-44515.8
-44539.4
-44506.9
-44524.7
-44525.2
-44505.3
-44506.5
-44511.1
-44507.9
-44504.7
-44519.6
-44516.6
-44509
-44507.8
-44505.1
-44519.6
-44516.4
-44508.9
-44527.3
-44511.8
-44506.4
-44506.2
-44519.4
-44519.3
-44510.8
-44535.2
-44530.9
-44510.1
-44518.8
-44526
-44538.9
-44515.5
-44534.9
-44509.9
-44530.4
-44518
-44525.9
-44515.2
-44538.2
-44540.9
-44525
-44547.2
-44524.4
-44544.4
-44520.5
-44543.8
-44536.5
-44531.2
-44510.8
-44519.1
-44526.8
-44539.3
-44516.6
-44531.2
-44514.4
-44507.9
-44508.2
-44521.5
-44521.8
-44513.2
-44542.3
-44525.5
-44547.8
-44528
-44544.8
-44522.3
-44545.3
-44537
-44511.1
-44532.1
-44520.9
-44527.2
-44517.5
-44540.3
-44506.1
-44507.8
-44512.4
-44505.9
-44507.6
-44512.1
-44508.4
-44505.9
-44520.4
-44517.3
-44509.4
-44508.5
-44505.4
-44520.6
-44517.4
-44509.5
-44504.9
-44504.3
-44508.5
-44508.1
-44505.6
-44508.9
-44510.6
-44507.2
-44506.7
-44504.8
-44504.2
-44508.1
-44508.5
-44505.6
-44504.5
-44510.5
-44508.9
-44507
-44506.5
-44504.6
-44504.6
-44507.7
-44519.4
-44504.9
-44508.7
-44516.3
-44507.6
-44519.4
-44504.3
-44508.7
-44516.2
-44505.1
-44506.4
-44510.8
-44505.2
-44506.5
-44511
-44512.8
-44539.3
-44515.1
-44515.6
-44524.6
-44525.1
-44506.9
-44541
-44524.5
-44547.3
-44524.9
-44544
-44520.4
-44544.3
-44527.3
-44506.1
-44506.4
-44511.8
-44510.7
-44519.1
-44519.4
-44535.3
-44518.7
-44510.2
-44530.9
-44515.5
-44538.9
-44526.1
-44536.9
-44520.6
-44532
-44510.9
-44540.1
-44517.3
-44527.1
-44536.6
-44519.1
-44510.9
-44531.1
-44516.4
-44539.3
-44526.9
-44531.3
-44508.2
-44508
-44514.3
-44513.1
-44521.8
-44521.6
-44508.5
-44520.5
-44506.2
-44509.5
-44517.4
-44505.9
-44507.5
-44512.2
-44513.9
-44540.5
-44518.1
-44517.7
-44526.5
-44526
-44508.6
-44505.9
-44507.6
-44512.2
-44504
-44507.7
-44507.6
-44504.9
-44503.7
-44540.6
-44524.1
-44546.4
-44523.9
-44543.6
-44520
-44543.4
-44527.2
-44505.9
-44511.8
-44506.2
-44519.1
-44510.5
-44519.4
-44535
-44517.7
-44509.9
-44530.4
-44515.1
-44538.1
-44526
-44537.8
-44532.3
-44521.6
-44511.6
-44540.9
-44527.7
-44518.5
-44543.4
-44529.4
-44549.7
-44529.4
-44546.5
-44524.8
-44546.5
-44532.1
-44508.6
-44514.3
-44508.4
-44522.3
-44514.1
-44522
-44537.7
-44521.4
-44511.4
-44532.3
-44518.4
-44540.8
-44527.5
-44511.5
-44511.5
-44508.8
-44507.2
-44505.3
-44507.6
-44507.5
-44504.6
-44503.5
-44503.6
-44534.7
-44517.9
-44530.4
-44509.7
-44538.2
-44514.9
-44525.6
-44534.9
-44517.7
-44530.3
-44510
-44538
-44515
-44526.4
-44527.1
-44505.7
-44506.4
-44511.8
-44510.5
-44519.1
-44519.6
-44543.5
-44549.7
-44529.5
-44529.4
-44546.6
-44546.5
-44524.7
-44537.8
-44521.6
-44532.4
-44511.5
-44541
-44518.4
-44527.5
-44537.8
-44521.6
-44532.4
-44511.5
-44540.9
-44518.5
-44527.6
-44532.2
-44508.5
-44508.7
-44514.6
-44514.1
-44522.2
-44522.2
-44507.4
-44505.3
-44507.3
-44505.2
-44507.6
-44519.5
-44505.3
-44508.8
-44516.7
-44504.9
-44506.2
-44510.7
-44512.9
-44539.4
-44515.3
-44515.7
-44524.7
-44525.2
-44506.8
-44505.4
-44506.4
-44511.1
-44535.2
-44530.4
-44517.9
-44510
-44538.2
-44526.2
-44515.3
-44540.9
-44547.2
-44524.4
-44524.8
-44543.8
-44544.2
-44520.2
-44527.6
-44506.6
-44511.8
-44506.3
-44519.7
-44511
-44519.1
-44535.1
-44518.6
-44530.8
-44509.9
-44538.7
-44515.3
-44525.7
-44542.1
-44547.7
-44527.9
-44525.3
-44545.2
-44544.6
-44522.1
-44537
-44532.1
-44520.8
-44511
-44540.2
-44527.4
-44517.4
-44536.6
-44519
-44531.2
-44511.1
-44539.2
-44516.5
-44526.8
-44531.4
-44508.3
-44514.2
-44508.1
-44521.9
-44513.4
-44521.5
-44508.5
-44520.5
-44505.9
-44509.5
-44517.3
-44508.5
-44520.5
-44505.8
-44509.4
-44517.4
-44514.1
-44540.8
-44518.3
-44517.8
-44526.9
-44526.1
-44508.7
-44506.3
-44507.7
-44512.3
-44505.9
-44507.5
-44512.1
-44508.1
-44508.5
-44505.1
-44504.5
-44506.6
-44504.5
-44504.7
-44507.2
-44507.3
-44507.7
-44508.1
-44505.4
-44519.9
-44516.8
-44509.2
-44512.9
-44515.6
-44539.4
-44515.5
-44525.2
-44506.8
-44525.1
-44505.5
-44506.9
-44511.5
-44520.1
-44504.7
-44508.1
-44509.2
-44516.9
-44506
-44507.4
-44512
-44540.1
-44516.6
-44525.7
-44513.6
-44516.9
-44526.3
-44507.6
-44505.8
-44520.2
-44517.2
-44508.2
-44509.3
-44507.1
-44511.9
-44505.8
-44508.2
-44509.2
-44509.3
-44505.9
-44512.9
-44515.7
-44539.4
-44515.7
-44525.3
-44506.9
-44525
-44507.6
-44505
-44519.5
-44516.5
-44508.7
-44505.2
-44506.7
-44511.3
-44505.2
-44507.7
-44519.6
-44516.6
-44508.8
-44507.6
-44507.4
-44512.5
-44530.4
-44513.5
-44521
-44520.9
-44519.1
-44531.3
-44510.6
-44539.4
-44516.1
-44536.1
-44526.5
-44510.2
-44518.5
-44515.7
-44535.8
-44530.6
-44526.2
-44538.7
-44505.8
-44507.4
-44512.2
-44508.3
-44505.9
-44520.5
-44517.4
-44509.6
-44507.5
-44512.1
-44506
-44505.8
-44520.5
-44517.4
-44508.5
-44509.6
-44505.1
-44506.4
-44511.3
-44512.7
-44539.3
-44515.6
-44515.5
-44525.1
-44525
-44506.9
-44505.3
-44507.7
-44519.5
-44508.8
-44516.5
-44505.3
-44506.7
-44511.4
-44518.4
-44510.5
-44515.9
-44535.8
-44530.7
-44538.7
-44526.2
-44507.5
-44507.7
-44512.6
-44530.4
-44513.7
-44521
-44521.1
-44519
-44531.2
-44510.4
-44539.2
-44515.8
-44535.9
-44526.4
-44508.6
-44520.7
-44506
-44517.6
-44509.7
-44540.1
-44516.5
-44526.1
-44513.8
-44516.6
-44526.1
-44507.8
-44506.2
-44507.8
-44512.3
-44506.1
-44520.3
-44517.3
-44508.3
-44509.4
-44507.4
-44512.1
-44506
-44507.4
-44507.1
-44507.6
-44505.6
-44506.5
-44511
-44508
-44519.8
-44504.8
-44516.4
-44509.2
-44505.6
-44507.1
-44511.6
-44519.8
-44505.2
-44508
-44516.7
-44509.1
-44540.1
-44516.6
-44526.2
-44513.7
-44516.7
-44525.8
-44507.7
-44508.3
-44519.9
-44505.7
-44517
-44509.3
-44505.9
-44507.4
-44511.9
-44505.7
-44520
-44517.1
-44508.3
-44509.3
-44507.4
-44512.1
-44505.9
-44528.8
-44528
-44548.5
-44523.9
-44546
-44542.9
-44545.4
-44579.7
-44579.2
-44590.7
-44579.2
-44590.4
-44590.1
-44601.3
-44568.3
-44591.3
-44580.2
-44590.7
-44579.6
-44601.9
-44591.1
-44590.4
-44568
-44579.3
-44590.6
-44601.4
-44579.6
-44590.4
-44580
-44579.7
-44568.6
-44601.9
-44591.1
-44591
-44580.2
-44545.6
-44550.4
-44526.5
-44550.6
-44537
-44558.5
-44537.2
-44590.3
-44590
-44601.2
-44567.9
-44579.5
-44579.1
-44590.3
-44579.9
-44601.9
-44591.2
-44580.1
-44568.6
-44591.1
-44580
-44601.4
-44579.4
-44590.3
-44579.7
-44590.6
-44568.1
-44579.3
-44591.3
-44591
-44580.4
-44591.2
-44580.2
-44579.7
-44568.6
-44519.1
-44536.6
-44536.6
-44546.5
-44521.1
-44533.6
-44533.5
-44546.1
-44536.4
-44533.3
-44519
-44536.7
-44533.4
-44521.2
-44545.9
-44536.2
-44533.2
-44518.8
-44536.2
-44533
-44521
-44528.2
-44529
-44524.3
-44543.1
-44548.6
-44545.4
-44546.1
-44528.1
-44528.8
-44524.1
-44542.9
-44548.4
-44545.4
-44545.8
-44528.7
-44528.1
-44524.1
-44542.8
-44548.4
-44545.8
-44545.3
-44536.1
-44518.5
-44536.1
-44545.6
-44520.8
-44532.9
-44532.4
-44536.2
-44546
-44533.2
-44518.8
-44536.2
-44520.8
-44533.1
-44518.4
-44536.1
-44545.5
-44535.8
-44532.9
-44520.6
-44532.4
-44525.3
-44524.9
-44547.8
-44520.8
-44544.7
-44541.6
-44544.5
-44536.7
-44546.2
-44533.4
-44519
-44536.7
-44521.3
-44533.4
-44518.2
-44536
-44535.8
-44545.4
-44520.5
-44532.8
-44532.2
-44536.7
-44519.1
-44536.7
-44546.3
-44521.3
-44533.5
-44533.4
-44518.5
-44536.1
-44545.5
-44536.2
-44532.8
-44520.9
-44532.6
-44519
-44536.3
-44546
-44536.4
-44533.3
-44521
-44533.2
-44518.1
-44545.2
-44535.7
-44535.6
-44532.5
-44532.2
-44520.3
-44545.7
-44526.8
-44550.5
-44550.8
-44537.1
-44537.4
-44558.7
-44519
-44546.3
-44536.6
-44536.5
-44533.5
-44533.5
-44521.1
-44545.5
-44526.6
-44550.5
-44550.4
-44536.9
-44537
-44558.5
-44545.6
-44550.4
-44526.6
-44550.4
-44537
-44558.5
-44537.1
-44518.4
-44545.4
-44535.8
-44535.8
-44532.5
-44532.5
-44520.6
-44519
-44546.4
-44536.5
-44536.6
-44533.6
-44533.4
-44521.1
-44518.1
-44535.7
-44535.6
-44545.2
-44520.3
-44532.2
-44532.3
-44545.5
-44550.2
-44526.5
-44550.7
-44536.8
-44558.5
-44537.2
-44519.2
-44536.8
-44536.5
-44546.3
-44521.3
-44533.7
-44533.3
-44545.4
-44550.4
-44526.3
-44550.5
-44536.9
-44558.4
-44537.1
-44545.5
-44550.4
-44550.7
-44526.7
-44558.6
-44536.9
-44537.4
-44518.2
-44535.7
-44535.8
-44545.2
-44520.5
-44532.3
-44532.5
-44545.6
-44550.5
-44550.6
-44526.4
-44558.5
-44537.1
-44537.1
-44536.1
-44518.5
-44536.1
-44545.5
-44532.7
-44520.8
-44532.7
-44545.9
-44536.2
-44533.1
-44518.8
-44536.1
-44533.1
-44520.9
-44518.2
-44545.3
-44535.7
-44535.7
-44532.6
-44532.4
-44520.3
-44525.3
-44547.6
-44524.7
-44544.7
-44520.6
-44541.4
-44544.2
-44546.1
-44536.5
-44533.5
-44519.2
-44536.6
-44533.3
-44521.3
-44518.1
-44535.6
-44545.2
-44535.6
-44532.5
-44520.3
-44532.4
-44525.2
-44547.6
-44524.4
-44544.6
-44520.3
-44541.2
-44544.1
-44536
-44518.4
-44545.5
-44536
-44532.6
-44532.6
-44520.8
-44484.3
-44453.2
-44427.1
-44485.1
-44453.8
-44427.4
-44485.1
-44453.8
-44427.4
-44486.1
-44454.9
-44428.1
-44485.6
-44454.5
-44427.7
-44485.3
-44454.3
-44428
-44486
-44454.9
-44428.3
-44485.4
-44454.3
-44427.9
-44485.6
-44454.4
-44427.9
-44486.2
-44455.1
-44428.5
-44485.8
-44454.6
-44427.9
-44485.2
-44454.1
-44427.5
-44485.5
-44454.4
-44427.9
-44486.3
-44455.1
-44428.5
-44485.8
-44454.7
-44427.8
-44486.1
-44455
-44428.5
-44483.5
-44452.5
-44426.2
-44483.9
-44452.8
-44426.5
-44485.5
-44454.4
-44427.8
-44485.4
-44454.3
-44427.8
-44485.4
-44454.2
-44427.8
-44484.6
-44453.5
-44427
-44485
-44453.7
-44427.2
-44485.3
-44454.1
-44427.5
-44485.4
-44454.2
-44427.6
-44485.3
-44454.1
-44427.5
-44485.1
-44453.9
-44427.3
-44485.4
-44454.2
-44427.6
-44485.1
-44453.9
-44427.6
-44485.6
-44454.3
-44427.8
-44485.3
-44454
-44427.7
-44485.4
-44454.1
-44427.8
-44485.4
-44454.1
-44427.8
-44484.9
-44453.8
-44427.1
-44484.9
-44453.8
-44427.1
-44485.4
-44454.2
-44427.6
-44484.9
-44453.8
-44427.1
-44485.2
-44454
-44427.3
-44485.4
-44454.3
-44427.7
-44484.9
-44453.8
-44427.2
-44485.4
-44454.2
-44427.6
-44485.1
-44453.9
-44427.3
-44485.7
-44454.4
-44427.9
-44485.4
-44454.2
-44427.7
-44485.2
-44454.1
-44427.7
-44485.9
-44454.6
-44428.1
-44484.8
-44453.6
-44427.2
-44484.9
-44453.8
-44427.3
-44486.3
-44455.3
-44428.5
-44486.1
-44454.9
-44428.3
-44485.7
-44454.7
-44428.3
-44486
-44454.9
-44428.4
-44485
-44453.8
-44427.3
-44485.2
-44454
-44427.4
-44485.4
-44454.1
-44427.7
-44485.1
-44453.8
-44427.5
-44485.7
-44454.6
-44428.2
-44486
-44454.8
-44428.3
-44485.2
-44454
-44427.6
-44485.2
-44454.2
-44427.7
-44485.7
-44454.5
-44428
-44485.4
-44454.3
-44427.8
-44485.8
-44454.6
-44428
-44485.2
-44454.1
-44427.5
-44485.5
-44454.4
-44427.8
-44485.2
-44454
-44427.5
-44484.7
-44453.5
-44427
-44485.6
-44454.4
-44428
-44485.4
-44454.4
-44428
-44485.5
-44454.4
-44428
-44484.5
-44453.3
-44426.7
-44486.9
-44455.7
-44429
-44486.7
-44455.5
-44428.8
-44486.1
-44455
-44428.5
-44484.4
-44453.2
-44426.6
-44485.5
-44454.3
-44428.1
-44485.9
-44454.7
-44428.3
-44486.6
-44455.4
-44428.7
-44486.1
-44455
-44428.5
-44484
-44452.9
-44426.6
-44484.5
-44453.5
-44427.1
-44484.9
-44453.7
-44427.3
-44486
-44454.9
-44428.3
-44485.5
-44454.4
-44427.7
-44485.6
-44454.3
-44427.9
-44484.9
-44453.7
-44427.5
-44486.8
-44455.5
-44428.8
-44485.9
-44454.8
-44428.3
-44485.8
-44454.7
-44428.2
-44485.1
-44454.1
-44427.7
-44485.6
-44454.5
-44428
-44485.3
-44454.2
-44427.5
-44485.5
-44454.4
-44427.8
-44485.3
-44454.1
-44427.5
-44485.5
-44454.3
-44427.8
-44485
-44453.8
-44427.3
-44484.1
-44453
-44426.6
-44485.6
-44454.3
-44427.9
-44485.4
-44454.1
-44427.8
-44485.6
-44454.6
-44428.1
-44485.7
-44454.6
-44428.2
-44484.5
-44453.3
-44426.6
-44485
-44453.9
-44427.7
-44485.7
-44454.5
-44428
-44486.5
-44455.3
-44428.6
-44486.1
-44455
-44428.4
-44484.3
-44453.1
-44426.5
-44486.9
-44455.7
-44429
-44486.8
-44455.6
-44428.9
-44485.3
-44454.1
-44427.9
-44485.8
-44454.5
-44428.2
-44486.1
-44454.8
-44428.4
-44484.8
-44453.7
-44427.2
-44485.2
-44453.9
-44427.4
-44486
-44454.9
-44428.3
-44486.5
-44455.3
-44428.5
-44486.5
-44455.4
-44428.7
-44485.4
-44454.2
-44427.8
-44484.9
-44453.7
-44427.5
-44485.4
-44454.1
-44427.8
-44486
-44454.8
-44428.4
-44485.6
-44454.5
-44428
-44485.4
-44454.2
-44427.6
-44485.2
-44454
-44427.6
-44484.1
-44453.1
-44426.9
-44484.8
-44453.7
-44427.3
-44485.1
-44454.1
-44427.6
-44485.9
-44454.6
-44428
-44484.7
-44453.5
-44427.1
-44484.7
-44453.6
-44427.2
-44485.3
-44454
-44427.5
-44485.3
-44454.3
-44427.9
-44485.5
-44454.4
-44428
-44485.9
-44454.8
-44428.3
-44486.1
-44454.9
-44428.4
-44484.7
-44453.6
-44427.3
-44485.1
-44453.9
-44427.4
-44484.9
-44453.6
-44427.3
-44486.2
-44455
-44428.4
-44485.6
-44454.4
-44428.1
-44485.1
-44454.1
-44427.6
-44485.2
-44454
-44427.6
-44485.1
-44454.1
-44427.7
-44485.5
-44454.3
-44427.8
-44485.8
-44454.6
-44428.1
-44485.7
-44454.5
-44428
-44484.3
-44453.3
-44426.9
-44484.6
-44453.5
-44427.2
-44485.1
-44453.9
-44427.4
-44482.9
-44452.1
-44425.9
-44483.7
-44452.7
-44426.3
-44485
-44453.8
-44427.5
-44485
-44454
-44427.5
-44484.7
-44453.7
-44427.2
-44485.1
-44454
-44427.5
-44485.4
-44454.2
-44427.7
-44484
-44453
-44426.7
-44485
-44453.9
-44427.4
-44482.7
-44451.8
-44425.8
-44484.3
-44453.2
-44426.9
-44483.9
-44452.8
-44426.6
-44484.6
-44453.5
-44427.2
-44484.6
-44453.6
-44427
-44484.6
-44453.6
-44427
-44485.2
-44454.1
-44427.5
-44484.8
-44453.6
-44427
-44484.6
-44453.6
-44427.2
-44484.8
-44453.6
-44427.2
-44483.6
-44452.7
-44426.4
-44484.6
-44453.4
-44427
-44486.1
-44454.8
-44428.2
-44486.1
-44454.8
-44428.2
-44486.3
-44455
-44428.4
-44485.9
-44454.6
-44428.1
-44486.2
-44454.9
-44428.4
-44486
-44454.7
-44428.2
-44483.8
-44452.8
-44426.6
-44485.6
-44454.4
-44427.8
-44484.7
-44453.7
-44427.1
-44482.8
-44451.9
-44425.8
-44484.4
-44453.4
-44426.9
-44484.2
-44453.2
-44426.6
-44484.5
-44453.5
-44426.9
-44484.2
-44453.2
-44426.6
-44485
-44453.9
-44427.5
-44483.5
-44452.5
-44426.4
-44484.7
-44453.6
-44427.2
-44486.1
-44454.7
-44428.1
-44486.1
-44454.8
-44428.1
-44485.9
-44454.7
-44428.3
-44486.7
-44455.4
-44428.8
-44485.7
-44454.5
-44428.1
-44485.8
-44454.5
-44428.2
-44485.3
-44454.1
-44427.9
-44485.9
-44454.9
-44428.1
-44486.6
-44455.5
-44428.7
-44485.4
-44454.2
-44427.9
-44485.2
-44454.1
-44427.8
-44486.2
-44454.9
-44428.4
-44485.7
-44454.7
-44428.2
-44485.9
-44454.8
-44428.3
-44486.4
-44455.3
-44428.7
-44485.2
-44453.9
-44427.6
-44485.1
-44453.8
-44427.5
-44484.9
-44453.7
-44427.4
-44485.6
-44454.3
-44427.8
-44486.2
-44454.8
-44428.2
-44485
-44453.9
-44427.5
-44485
-44453.9
-44427.6
-44485.6
-44454.4
-44427.9
-44485.7
-44454.6
-44428.1
-44485.9
-44454.7
-44428.2
-44486.1
-44454.9
-44428.4
-44485.9
-44454.6
-44428.2
-44485.7
-44454.5
-44428.3
-44485
-44453.9
-44427.7
-44485.9
-44454.8
-44428.2
-44486.3
-44455.2
-44428.5
-44486.4
-44455.4
-44428.7
-44487.5
-44456.2
-44429.4
-44485.8
-44454.5
-44428.1
-44485.8
-44454.6
-44428.2
-44485.5
-44454.3
-44427.9
-44486.3
-44454.9
-44428.4
-44486.5
-44455.1
-44428.6
-44484.8
-44453.6
-44427.3
-44485.1
-44453.9
-44427.6
-44485.7
-44454.4
-44427.9
-44485.3
-44454.1
-44427.8
-44486.2
-44455.1
-44428.4
-44485.2
-44454.1
-44427.6
-44486
-44454.9
-44428.1
-44485.1
-44454.1
-44427.6
-44485.4
-44454.2
-44427.9
-44484.8
-44453.5
-44427.2
-44484.9
-44453.6
-44427.2
-44484.6
-44453.4
-44427.1
-44485.3
-44454
-44427.6
-44485.3
-44454.1
-44427.8
-44486.4
-44455.2
-44428.6
-44486.3
-44455.1
-44428.5
-44485.8
-44454.5
-44427.9
-44484.3
-44453.2
-44427
-44485.5
-44454.4
-44427.7
-44486.6
-44455.4
-44428.6
-44486.3
-44455.2
-44428.5
-44485.8
-44454.6
-44428.2
-44485.1
-44454
-44427.6
-44484.3
-44453.3
-44427.1
-44484.6
-44453.4
-44427.2
-44486.2
-44455
-44428.6
-44485.7
-44454.5
-44427.8
-44486.4
-44455.2
-44428.4
-44485.3
-44454.3
-44427.9
-44485.4
-44454.2
-44427.9
-44485.9
-44454.8
-44428.2
-44485.8
-44454.7
-44428.1
-44485.5
-44454.3
-44427.6
-44485.4
-44454.2
-44427.6
-44484.1
-44452.9
-44426.6
-44483.6
-44452.5
-44426.3
-44484.8
-44453.5
-44427
-44485.7
-44454.5
-44427.9
-44483.5
-44452.5
-44426.3
-44484.6
-44453.5
-44427.1
-44485.2
-44454
-44427.5
-44485.1
-44454.1
-44427.5
-44485.8
-44454.7
-44428.1
-44484.8
-44453.6
-44427.3
-44484.8
-44453.6
-44427.3
-44484.8
-44453.6
-44427.2
-44485.4
-44454.1
-44427.7
-44485.4
-44454.1
-44427.7
-44485.8
-44454.7
-44428.2
-44485.9
-44454.7
-44428.2
-44485.3
-44454
-44427.7
-44485.4
-44454.3
-44427.9
-44485.6
-44454.3
-44428
-44485.8
-44454.7
-44428.2
-44484.8
-44453.5
-44427.2
-44484.6
-44453.3
-44427
-44484.4
-44453.3
-44426.9
-44485.3
-44454
-44427.6
-44485.1
-44453.8
-44427.5
-44486.6
-44455.3
-44428.8
-44486.2
-44454.9
-44428.4
-44486.3
-44455
-44428.5
-44485
-44453.9
-44427.4
-44485.4
-44454.2
-44427.6
-44484.5
-44453.3
-44427
-44484.2
-44453.1
-44426.9
-44485.4
-44454.2
-44427.6
-44485.5
-44454.3
-44427.7
-44486.1
-44454.8
-44428.3
-44485.8
-44454.6
-44428.1
-44486
-44454.7
-44428.2
-44486.9
-44455.6
-44429.1
-44486.9
-44455.5
-44429
-44486.8
-44455.5
-44428.9
-44487.2
-44456
-44429.3
-44486.7
-44455.4
-44428.8
-44487
-44455.7
-44429
-44486.6
-44455.3
-44428.7
-44485.7
-44454.4
-44428.1
-44485.8
-44454.4
-44428.1
-44483.4
-44452.4
-44426.2
-44484
-44452.9
-44426.7
-44484.5
-44453.5
-44426.9
-44484.4
-44453.4
-44426.8
-44485
-44454
-44427.6
-44483.1
-44452.2
-44426.1
-44484.4
-44453.3
-44427
-44486.4
-44455.1
-44428.5
-44486.2
-44454.9
-44428.4
-44486.3
-44455
-44428.4
-44485.8
-44454.6
-44428.2
-44486.2
-44455
-44428.4
-44485.9
-44454.6
-44428.2
-44485.4
-44454.2
-44427.7
-44485.4
-44454.1
-44427.8
-44485
-44453.8
-44427.5
-44485.9
-44454.6
-44428
-44485.3
-44454
-44427.7
-44485.6
-44454.4
-44427.9
-44485
-44453.8
-44427.5
-44484.9
-44453.7
-44427.5
-44484.9
-44453.7
-44427.4
-44485.5
-44454.2
-44427.9
-44485.4
-44454.3
-44427.7
-44484.5
-44453.3
-44427
-44484.5
-44453.4
-44427.2
-44485.3
-44454
-44427.7
-44485.7
-44454.7
-44428.1
-44486.4
-44455.1
-44428.5
-44486.5
-44455.2
-44428.6
-44485.8
-44454.5
-44428.1
-44486
-44454.7
-44428.2
-44485.5
-44454.2
-44427.9
-44485.8
-44454.7
-44428.1
-44485.3
-44454.1
-44427.8
-44485.6
-44454.3
-44428
-44485.6
-44454.4
-44428.1
-44485.5
-44454.2
-44427.9
-44485.5
-44454.2
-44427.9
-44486.1
-44454.8
-44428.3
-44486.4
-44455
-44428.5
-44486.9
-44455.5
-44428.9
-44486.8
-44455.4
-44429
-44486.7
-44455.4
-44429
-44486.8
-44455.5
-44428.9
-44486.8
-44455.6
-44428.9
-44486.7
-44455.4
-44428.8
-44485.5
-44454.2
-44427.9
-44485.2
-44453.9
-44427.5
-44485
-44453.7
-44427.4
-44484.9
-44453.7
-44427.3
-44485.6
-44454.3
-44427.8
-44484.4
-44453.3
-44427
-44485.4
-44454.3
-44427.7
-44484.8
-44453.6
-44427.3
-44484.9
-44453.7
-44427.4
-44484.9
-44453.7
-44427.3
-44485.6
-44454.3
-44427.8
-44485.4
-44454.3
-44427.6
-44484.4
-44453.2
-44426.9
-44485.2
-44454
-44427.7
-44485.8
-44454.8
-44428.2
-44485.8
-44454.7
-44428.2
-44486.3
-44455.2
-44428.7
-44486.6
-44455.3
-44428.7
-44486.1
-44454.8
-44428.4
-44485.8
-44454.6
-44428.2
-44485.8
-44454.6
-44428.1
-44486.6
-44455.2
-44428.7
-44486.1
-44455
-44428.5
-44485.4
-44454.2
-44427.9
-44485.5
-44454.3
-44428
-44485.3
-44454.2
-44427.6
-44484.4
-44453.2
-44426.9
-44484.9
-44453.6
-44427.3
-44485
-44453.8
-44427.4
-44484.9
-44453.7
-44427.4
-44484.7
-44453.5
-44427.1
-44485.6
-44454.3
-44427.9
-44486.5
-44455.1
-44428.4
-44485.4
-44454.2
-44427.6
-44484.5
-44453.3
-44426.9
-44484.1
-44452.9
-44426.7
-44484.6
-44453.4
-44427.1
-44484.4
-44453.3
-44427.1
-44484.5
-44453.3
-44427
-44485.6
-44454.3
-44427.8
-44485.3
-44454.1
-44427.8
-44486.5
-44455.2
-44428.6
-44486.3
-44455.1
-44428.5
-44485.7
-44454.5
-44428
-44485.7
-44454.5
-44428.1
-44485.9
-44454.6
-44428.2
-44485.5
-44454.3
-44427.9
-44486.5
-44455.2
-44428.6
-44486
-44454.9
-44428.3
-44485.2
-44454.1
-44427.8
-44485.6
-44454.4
-44428
-44485.1
-44454.1
-44427.8
-44486.1
-44454.8
-44428.4
-44486.7
-44455.4
-44428.8
-44485.8
-44454.6
-44428.2
-44485.8
-44454.5
-44428.2
-44485.4
-44454.2
-44427.9
-44486.2
-44454.8
-44428.4
-44486.5
-44455.1
-44428.6
-44486.7
-44455.4
-44428.8
-44486.2
-44454.9
-44428.4
-44486.7
-44455.4
-44428.8
-44486.7
-44455.5
-44428.8
-44486.2
-44455
-44428.4
-44486.4
-44455.2
-44428.5
-44486
-44454.7
-44428.2
-44485.6
-44454.5
-44427.9
-44485.8
-44454.6
-44428
-44484.3
-44453.2
-44427
-44486
-44454.9
-44428.3
-44485.7
-44454.4
-44427.9
-44485.1
-44453.8
-44427.5
-44485.1
-44453.9
-44427.5
-44485
-44453.7
-44427.4
-44485.8
-44454.4
-44427.9
-44485.8
-44454.7
-44428
-44485.2
-44453.9
-44427.6
-44484.8
-44453.7
-44427.4
-44485.7
-44454.5
-44428.1
-44486
-44454.7
-44428.3
-44485.3
-44454.1
-44427.8
-44486.4
-44455
-44428.6
-44486.1
-44454.8
-44428.4
-44486.3
-44455
-44428.6
-44486.1
-44455
-44428.3
-44485.1
-44454
-44427.7
-44485.2
-44454
-44427.6
-44484.7
-44453.7
-44427.4
-44485.6
-44454.3
-44428
-44485.7
-44454.5
-44428.1
-44485.3
-44454.1
-44427.8
-44486.1
-44454.8
-44428.3
-44486.4
-44455.1
-44428.5
-44487
-44455.7
-44429.1
-44486.7
-44455.4
-44428.9
-44486.8
-44455.5
-44428.9
-44486.8
-44455.5
-44428.9
-44486.7
-44455.4
-44428.8
-44486.9
-44455.6
-44429
-44485.7
-44454.3
-44428
-44485.8
-44454.4
-44428.1
-44483.8
-44452.8
-44426.6
-44484.2
-44453.1
-44426.9
-44484.9
-44453.7
-44427.2
-44483.1
-44452.2
-44426
-44484.8
-44453.7
-44427
-44484.2
-44453.3
-44426.7
-44484.6
-44453.5
-44427.2
-44486
-44454.7
-44428.1
-44485.2
-44454.2
-44427.5
-44485.4
-44454.3
-44427.7
-44485
-44454
-44427.5
-44484.8
-44453.5
-44427.3
-44484.9
-44453.7
-44427.4
-44484.9
-44453.6
-44427.2
-44485.6
-44454.3
-44427.9
-44484.8
-44453.5
-44427.3
-44484.9
-44453.7
-44427.3
-44484.9
-44453.7
-44427.3
-44485.4
-44454.1
-44427.8
-44485.2
-44454.2
-44427.6
-44484.7
-44453.6
-44427.3
-44485.3
-44454.2
-44427.6
-44484.1
-44452.9
-44426.6
-44486.5
-44455.3
-44428.7
-44485.7
-44454.5
-44428.2
-44485.7
-44454.5
-44428.1
-44485.2
-44454
-44427.8
-44486.6
-44455.2
-44428.6
-44485.9
-44454.8
-44428.2
-44485.9
-44454.7
-44428.2
-44485.2
-44454
-44427.7
-44486
-44454.9
-44428.4
-44486.1
-44455
-44428.4
-44485.3
-44454.1
-44427.9
-44485.1
-44454
-44427.8
-44483.8
-44452.7
-44426.3
-44482.2
-44451.4
-44425.3
-44484.4
-44453.3
-44426.8
-44483.1
-44452.1
-44425.8
-44483.9
-44452.9
-44426.3
-44484
-44453
-44426.4
-44486.7
-44455.7
-44428.9
-44486.3
-44455.3
-44428.6
-44485
-44454.1
-44427.6
-44485.5
-44454.4
-44427.9
-44485.7
-44454.6
-44428.1
-44486
-44454.9
-44428.3
-44482.6
-44451.7
-44425.6
-44484.6
-44453.4
-44426.8
-44484.1
-44453.1
-44426.4
-44484
-44453
-44426.3
-44484.6
-44453.4
-44427
-44484.4
-44453.2
-44426.5
-44482
-44451.1
-44425.1
-44486.5
-44455.4
-44428.8
-44486.4
-44455.3
-44428.7
-44486.5
-44455.2
-44428.6
-44486.8
-44455.7
-44428.9
-44486.3
-44455.3
-44428.6
-44485.8
-44454.7
-44428.2
-44485.9
-44454.8
-44428.2
-44485.2
-44454.2
-44427.7
-44485.7
-44454.4
-44427.9
-44485
-44453.7
-44427.4
-44484.9
-44453.7
-44427.4
-44484.7
-44453.5
-44427.1
-44485.6
-44454.3
-44427.9
-44485.3
-44454.2
-44427.6
-44485.5
-44454.3
-44427.7
-44484.1
-44452.9
-44426.7
-44485.9
-44454.7
-44428.1
-44485.2
-44454.1
-44427.5
-44484.7
-44453.5
-44427.1
-44484.4
-44453.2
-44427
-44485.8
-44454.8
-44428.2
-44486.8
-44455.6
-44428.8
-44485.7
-44454.6
-44427.9
-44486.4
-44455.2
-44428.5
-44485.7
-44454.6
-44428.1
-44486.2
-44454.9
-44428.3
-44486.1
-44455
-44428.4
-44486.3
-44455.1
-44428.5
-44486.2
-44455.2
-44428.5
-44485.8
-44454.6
-44428.2
-44485.7
-44454.5
-44428.2
-44485.5
-44454.3
-44427.9
-44486.4
-44455.1
-44428.6
-44485.4
-44454.2
-44427.9
-44485.8
-44454.5
-44428.2
-44485.3
-44454.2
-44427.8
-44486.2
-44454.9
-44428.4
-44485.9
-44454.8
-44428.3
-44486
-44454.9
-44428.3
-44485.4
-44454.2
-44427.9
-44485.4
-44454.3
-44428
-44486.1
-44455
-44428.5
-44486.2
-44455.1
-44428.4
-44485.8
-44454.6
-44428.2
-44484.8
-44453.7
-44427.5
-44484.3
-44453.3
-44427.1
-44485.9
-44454.8
-44428.4
-44485.5
-44454.2
-44427.7
-44484
-44453
-44426.7
-44484.9
-44453.7
-44427.2
-44483.5
-44452.5
-44426.2
-44484.8
-44453.9
-44427.3
-44484.4
-44453.4
-44426.8
-44485.1
-44454.1
-44427.5
-44485.2
-44454.1
-44427.5
-44484.5
-44453.5
-44427.1
-44483.1
-44452.2
-44426
-44484.6
-44453.6
-44427.1
-44484.4
-44453.4
-44426.9
-44484.8
-44453.8
-44427.2
-44485.5
-44454.4
-44427.9
-44483.4
-44452.5
-44426.3
-44485.5
-44454.3
-44427.7
-44485.3
-44454.2
-44427.7
-44485.1
-44454.1
-44427.4
-44485.6
-44454.4
-44427.8
-44484.7
-44453.6
-44427.2
-44485
-44453.8
-44427.4
-44483.6
-44452.7
-44426.5
-44485.4
-44454.3
-44427.7
-44485.4
-44454.2
-44427.6
-44484.4
-44453.2
-44426.9
-44484.6
-44453.3
-44427
-44485.1
-44454
-44427.4
-44483.4
-44452.4
-44426.1
-44484.1
-44452.9
-44426.6
-44484.7
-44453.5
-44427.2
-44484.7
-44453.5
-44427.2
-44484.5
-44453.3
-44427
-44485.5
-44454.2
-44427.8
-44485.6
-44454.3
-44427.9
-44484.7
-44453.4
-44427.1
-44485.2
-44453.9
-44427.4
-44484.5
-44453.4
-44427
-44485.6
-44454.3
-44427.8
-44485.3
-44454
-44427.7
-44485.8
-44454.5
-44428.1
-44485.9
-44454.6
-44428.1
-44486
-44454.7
-44428.2
-44486.2
-44455.1
-44428.5
-44485.7
-44454.5
-44428.2
-44486.3
-44455
-44428.5
-44485.6
-44454.5
-44428.1
-44485.5
-44454.3
-44427.9
-44485.6
-44454.4
-44428
-44485.1
-44453.9
-44427.7
-44486.2
-44454.8
-44428.4
-44486.3
-44455.1
-44428.5
-44485.5
-44454.3
-44427.9
-44485.4
-44454.1
-44427.9
-44485.1
-44454
-44427.7
-44486.3
-44454.9
-44428.4
-44486.4
-44455
-44428.5
-44482.8
-44451.9
-44425.7
-44484.8
-44453.6
-44427
-44484
-44453
-44426.4
-44484
-44453
-44426.3
-44484.7
-44453.5
-44427.2
-44484.6
-44453.4
-44426.8
-44482.7
-44451.7
-44425.5
-44486.2
-44455.1
-44428.6
-44486.1
-44454.9
-44428.4
-44486.2
-44454.9
-44428.4
-44486.8
-44455.6
-44428.9
-44486.3
-44455.3
-44428.6
-44485.9
-44454.8
-44428.2
-44485.8
-44454.7
-44428.1
-44485
-44454
-44427.6
-44483.8
-44452.8
-44426.2
-44483.7
-44452.7
-44426.1
-44484.7
-44453.5
-44427
-44484.9
-44453.7
-44427.2
-44482.4
-44451.5
-44425.4
-44484.6
-44453.4
-44426.7
-44482.6
-44451.7
-44425.5
-44484.5
-44453.3
-44426.7
-44484.8
-44453.6
-44427.3
-44486.1
-44454.9
-44428.2
-44486.8
-44455.7
-44428.9
-44486.6
-44455.6
-44428.9
-44486.3
-44455.2
-44428.6
-44486
-44454.7
-44428.4
-44486.4
-44455.2
-44428.7
-44486.6
-44455.3
-44428.7
-44486.7
-44455.6
-44428.9
-44485.2
-44454.2
-44427.8
-44485.4
-44454.3
-44428
-44485.1
-44454.1
-44427.6
-44484.7
-44453.6
-44427.4
-44485.1
-44454
-44427.5
-44484.7
-44453.5
-44427.2
-44485.1
-44453.9
-44427.6
-44484.6
-44453.5
-44427.2
-44484.4
-44453.2
-44426.8
-44484.4
-44453.2
-44426.9
-44484.3
-44453.1
-44426.8
-44485.2
-44454
-44427.5
-44485.5
-44454.2
-44427.8
-44485.6
-44454.4
-44427.9
-44485
-44453.8
-44427.5
-44485.4
-44454.1
-44427.6
-44484.7
-44453.5
-44427.1
-44485.6
-44454.2
-44427.9
-44485.7
-44454.4
-44428
-44485.2
-44454.2
-44427.8
-44485.4
-44454.3
-44428
-44485.3
-44454
-44427.7
-44486.4
-44455.3
-44428.6
-44485.7
-44454.6
-44428.1
-44486.7
-44455.6
-44428.8
-44485.9
-44454.9
-44428.2
-44487
-44455.9
-44429.1
-44487.9
-44456.6
-44429.7
-44486.4
-44455.1
-44428.5
-44486
-44454.9
-44428.4
-44485.9
-44454.9
-44428.4
-44486
-44454.7
-44428.2
-44486.6
-44455.4
-44428.8
-44486.2
-44455.1
-44428.5
-44486.2
-44455
-44428.4
-44485.4
-44454.3
-44428
-44485.7
-44454.5
-44428.1
-44486.2
-44455.1
-44428.6
-44486.1
-44455
-44428.4
-44486
-44454.8
-44428.3
-44485.3
-44454.1
-44427.8
-44485.8
-44454.5
-44428.1
-44486
-44454.9
-44428.5
-44486.6
-44455.4
-44428.8
-44486.2
-44455
-44428.5
-44485.9
-44454.7
-44428.4
-44486.1
-44454.8
-44428.4
-44485.7
-44454.5
-44428.1
-44486.7
-44455.3
-44428.8
-44486.5
-44455.1
-44428.7
-44485.6
-44454.4
-44428.1
-44485.3
-44454.1
-44427.9
-44485.3
-44454.1
-44427.9
-44486.2
-44454.9
-44428.4
-44486.7
-44455.3
-44428.7
-44484.4
-44453.5
-44426.9
-44484.9
-44453.9
-44427.3
-44485.3
-44454.2
-44427.8
-44485.1
-44453.9
-44427.4
-44483.5
-44452.6
-44426.4
-44484.4
-44453.4
-44427
-44484.7
-44453.6
-44427.3
-44485.7
-44454.5
-44427.9
-44483.7
-44452.7
-44426.6
-44486.1
-44454.8
-44428.3
-44486
-44454.7
-44428.2
-44486.2
-44455
-44428.4
-44486.3
-44455
-44428.4
-44486.2
-44454.9
-44428.4
-44486.5
-44455.2
-44428.5
-44486.2
-44454.9
-44428.3
-44485.7
-44454.6
-44428
-44485.8
-44454.6
-44428
-44484.8
-44453.6
-44427.4
-44486
-44454.8
-44428.3
-44486
-44454.7
-44428.1
-44485
-44453.7
-44427.4
-44485.2
-44454
-44427.6
-44484.9
-44453.7
-44427.3
-44485.7
-44454.4
-44427.9
-44483.8
-44452.7
-44426.5
-44483.2
-44452.2
-44426.2
-44485.6
-44454.5
-44427.8
-44485.5
-44454.3
-44428
-44485.8
-44454.5
-44428.2
-44485.3
-44454.1
-44427.8
-44486.6
-44455.2
-44428.6
-44486
-44454.8
-44428.3
-44486.7
-44455.4
-44428.8
-44485.4
-44454.1
-44427.7
-44485.6
-44454.3
-44427.9
-44484.9
-44453.7
-44427.4
-44485.8
-44454.7
-44428.1
-44485.7
-44454.4
-44428.1
-44486
-44454.7
-44428.3
-44485.6
-44454.3
-44428
-44485.6
-44454.3
-44427.9
-44485.3
-44454.1
-44427.7
-44486.8
-44455.5
-44428.9
-44486.7
-44455.4
-44428.9
-44486.6
-44455.3
-44428.8
-44486.9
-44455.6
-44428.9
-44487
-44455.7
-44429
-44486.7
-44455.4
-44428.8
-44485.8
-44454.4
-44428.1
-44485.5
-44454.3
-44427.8
-44485.1
-44454.1
-44427.5
-44485.3
-44454.1
-44427.5
-44484.4
-44453.2
-44426.9
-44485.5
-44454.3
-44427.8
-44484.7
-44453.4
-44427.1
-44484.8
-44453.5
-44427.2
-44484.4
-44453.3
-44427
-44485.5
-44454.1
-44427.7
-44484.8
-44453.6
-44427.2
-44484.3
-44453.2
-44427
-44485.2
-44454.1
-44427.5
-44485.5
-44454.2
-44427.8
-44485.3
-44454
-44427.7
-44484.7
-44453.5
-44427.3
-44486
-44454.7
-44428.2
-44485.4
-44454.4
-44427.9
-44485.6
-44454.5
-44428
-44485.2
-44454
-44427.7
-44484.9
-44453.9
-44427.6
-44486.5
-44455.4
-44428.8
-44486.2
-44454.9
-44428.4
-44485.8
-44454.5
-44428.1
-44485.4
-44454.2
-44427.8
-44485.1
-44453.9
-44427.6
-44485.4
-44454.2
-44427.9
-44485.1
-44454
-44427.7
-44485.9
-44454.8
-44428.3
-44486
-44454.9
-44428.3
-44486.6
-44455.5
-44428.9
-44484.7
-44453.5
-44427.2
-44484.8
-44453.6
-44427.2
-44484.9
-44453.6
-44427.2
-44485
-44453.8
-44427.5
-44485.7
-44454.4
-44427.8
-44486
-44454.7
-44428.1
-44484.7
-44453.5
-44427.2
-44485.3
-44454
-44427.6
-44484.5
-44453.4
-44427.2
-44485.2
-44454.1
-44427.6
-44485.1
-44453.8
-44427.4
-44485.1
-44453.8
-44427.4
-44484.9
-44453.6
-44427.2
-44485.3
-44454
-44427.6
-44485.5
-44454.1
-44427.8
-44486
-44454.7
-44428.1
-44486.4
-44455.3
-44428.6
-44486.1
-44454.9
-44428.4
-44485.5
-44454.3
-44428
-44485.3
-44454.1
-44427.9
-44486.3
-44455.2
-44428.7
-44486.6
-44455.4
-44428.8
-44486.2
-44455
-44428.5
-44486.1
-44454.8
-44428.4
-44486.1
-44454.8
-44428.4
-44485.7
-44454.5
-44428.1
-44486.8
-44455.4
-44428.9
-44486.7
-44455.3
-44428.8
-44485.5
-44454.3
-44428
-44486.5
-44455.2
-44428.5
-44485.8
-44454.8
-44428.2
-44485.9
-44454.8
-44428.3
-44486.3
-44455.2
-44428.7
-44486
-44454.7
-44428.3
-44486.2
-44454.9
-44428.4
-44485.6
-44454.3
-44428
-44485.8
-44454.6
-44428.2
-44485.4
-44454.2
-44427.9
-44486
-44454.7
-44428.2
-44486
-44454.7
-44428.3
-44485.7
-44454.5
-44428.1
-44486
-44454.7
-44428.2
-44485.9
-44454.6
-44428.1
-44486.2
-44454.9
-44428.4
-44486.2
-44454.9
-44428.4
-44486.4
-44455
-44428.4
-44485.4
-44454.1
-44427.8
-44485.4
-44454.2
-44427.7
-44485.3
-44454.1
-44427.6
-44485.6
-44454.3
-44428
-44485.6
-44454.5
-44427.8
-44485.8
-44454.6
-44428
-44484.2
-44453.1
-44426.8
-44484.1
-44453
-44426.8
-44486.2
-44455
-44428.4
-44485.3
-44454
-44427.7
-44485.4
-44454.2
-44427.8
-44485.1
-44453.9
-44427.6
-44486
-44454.7
-44428.1
-44484.7
-44453.5
-44427.2
-44484.5
-44453.4
-44427.1
-44485.5
-44454.4
-44427.8
-44485.7
-44454.5
-44428
-44486
-44454.9
-44428.3
-44486.5
-44455.1
-44428.6
-44486.7
-44455.4
-44428.8
-44485.9
-44454.8
-44428.2
-44486.1
-44454.9
-44428.3
-44485.2
-44454
-44427.7
-44485.1
-44453.9
-44427.7
-44486.3
-44455.1
-44428.5
-44485.8
-44454.4
-44428.1
-44485.6
-44454.4
-44428
-44485.4
-44454.2
-44427.9
-44486.3
-44455
-44428.4
-44486.3
-44454.9
-44428.5
-44485.1
-44453.9
-44427.6
-44485.7
-44454.4
-44428
-44485.8
-44454.7
-44428.1
-44486
-44454.8
-44428.2
-44486.2
-44455
-44428.5
-44486.4
-44455
-44428.5
-44486.2
-44454.9
-44428.4
-44485.7
-44454.5
-44428.1
-44485.5
-44454.3
-44428
-44485.3
-44454.1
-44427.8
-44485.1
-44453.9
-44427.6
-44486.1
-44454.8
-44428.3
-44484.8
-44453.6
-44427.2
-44485.6
-44454.3
-44427.8
-44485.9
-44454.6
-44428.3
-44486.7
-44455.6
-44428.9
-44485.8
-44454.6
-44428.2
-44485.4
-44454.1
-44427.8
-44486.2
-44454.9
-44428.4
-44486.2
-44455.1
-44428.4
-44485.5
-44454.2
-44427.8
-44485.7
-44454.4
-44428
-44485
-44453.9
-44427.6
-44486.3
-44455.2
-44428.6
-44485.4
-44454.3
-44427.9
-44485.7
-44454.5
-44427.9
-44486.2
-44455.1
-44428.4
-44484.8
-44453.6
-44427.3
-44486.7
-44455.5
-44428.8
-44486
-44454.8
-44428.3
-44485.9
-44454.8
-44428.4
-44485.4
-44454.3
-44427.6
-44484.2
-44453
-44426.7
-44485.2
-44454.2
-44427.8
-44485.9
-44454.6
-44428.1
-44485.9
-44454.6
-44428.1
-44485.6
-44454.5
-44428.1
-44485.7
-44454.6
-44428.1
-44484.3
-44453.2
-44427
-44486.1
-44454.9
-44428.2
-44485.4
-44454.1
-44427.6
-44486.3
-44455.1
-44428.3
-44484.7
-44453.5
-44427
-44485.7
-44454.6
-44428.2
-44485.4
-44454.3
-44427.9
-44484.1
-44453
-44426.8
-44484.2
-44453.1
-44427.1
-44486.6
-44455.4
-44428.7
-44486
-44454.7
-44428.1
-44484.7
-44453.5
-44427.4
-44486.5
-44455.3
-44428.6
-44485.3
-44454.1
-44427.8
-44486.2
-44455
-44428.5
-44485.4
-44454.2
-44427.8
-44486.6
-44455.4
-44428.7
-44485.5
-44454.3
-44427.7
-44484.7
-44453.5
-44427.4
-44485.6
-44454.6
-44427.9
-44483.3
-44452.3
-44426.2
-44485.5
-44454.4
-44427.7
-44484.1
-44453
-44426.7
-44486.7
-44455.5
-44428.8
-44486
-44454.8
-44428.2
-44487
-44455.8
-44428.9
-44485.6
-44454.4
-44427.7
-44484.5
-44453.4
-44427.2
-44486.3
-44455.1
-44428.3
-44485.2
-44454
-44427.5
-44485.6
-44454.5
-44427.9
-44483.7
-44452.7
-44426.5
-44484.1
-44453
-44426.9
-44486.4
-44455.3
-44428.5
-44485
-44453.9
-44427.4
-44484.5
-44453.5
-44427
-44484.9
-44453.9
-44427.3
-44484.7
-44453.7
-44427.2
-44485.4
-44454.3
-44427.8
-44485.1
-44454
-44427.6
-44484.4
-44453.4
-44426.9
-44485.3
-44454.3
-44427.9
-44484.5
-44453.5
-44427
-44484
-44452.8
-44426.5
-44484.1
-44453
-44426.9
-44486.4
-44455.3
-44428.6
-44484.7
-44453.7
-44427.2
-44484.8
-44453.8
-44427.4
-44485.1
-44454.1
-44427.6
-44485.4
-44454.3
-44427.9
-44485.6
-44454.3
-44427.8
-44486.1
-44454.8
-44428.3
-44485.9
-44454.6
-44428.1
-44485.6
-44454.3
-44427.9
-44486.1
-44454.8
-44428.3
-44484.2
-44453.1
-44426.9
-44485.7
-44454.4
-44427.9
-44485.6
-44454.4
-44427.9
-44485.4
-44454.1
-44427.8
-44486.2
-44454.9
-44428.4
-44484.4
-44453.4
-44427
-44484.8
-44453.5
-44427.2
-44485.6
-44454.4
-44427.8
-44485.5
-44454.3
-44427.8
-44486
-44454.8
-44428.3
-44485.9
-44454.6
-44428.2
-44486.2
-44454.9
-44428.4
-44485.9
-44454.6
-44428.1
-44486.1
-44454.8
-44428.3
-44485.3
-44454
-44427.7
-44486.1
-44454.8
-44428.3
-44484.7
-44453.7
-44427.3
-44486
-44454.9
-44428.2
-44484.4
-44453.3
-44427
-44485.8
-44454.7
-44427.9
-44484.3
-44453.2
-44426.7
-44485.1
-44453.9
-44427.6
-44485
-44453.9
-44427.6
-44486.1
-44454.8
-44428.2
-44485.4
-44454.2
-44427.7
-44485.4
-44454.3
-44427.9
-44484.3
-44453.2
-44426.8
-44486.1
-44454.9
-44428.3
-44485.8
-44454.6
-44428
-44485.6
-44454.4
-44428
-44486.6
-44455.3
-44428.7
-44486
-44454.9
-44428
-44483.9
-44452.9
-44426.4
-44485.5
-44454.3
-44427.6
-44483.9
-44452.8
-44426.4
-44486.1
-44454.9
-44428.3
-44485.9
-44454.7
-44428.2
-44483.9
-44452.8
-44426.4
-44485.7
-44454.5
-44427.6
-44483.2
-44452.1
-44425.8
-44485.9
-44454.6
-44428
-44486.4
-44455.3
-44428.6
-44485.7
-44454.5
-44427.9
-44485.6
-44454.4
-44428
-44483.5
-44452.6
-44426.2
-44485.9
-44454.7
-44428.1
-44486.5
-44455.4
-44428.7
-44485.8
-44454.5
-44428.2
-44485.7
-44454.5
-44428.1
-44486.5
-44455.3
-44428.7
-44486.3
-44455.1
-44428.5
-44484.7
-44453.6
-44427.2
-44484.3
-44453.1
-44426.7
-44485.7
-44454.5
-44427.9
-44484.6
-44453.5
-44427.1
-44483.9
-44452.8
-44426.5
-44486.2
-44455.1
-44428.4
-44484.6
-44453.5
-44427.1
-44486
-44454.8
-44428.2
-44485.2
-44453.9
-44427.5
-44486.3
-44455.2
-44428.5
-44484.2
-44453.1
-44426.9
-44484.9
-44453.7
-44427.5
-44483.6
-44452.6
-44426.3
-44485.7
-44454.4
-44427.9
-44486.1
-44454.8
-44428.2
-44485.5
-44454.3
-44428
-44486
-44454.7
-44428.2
-44486.5
-44455.4
-44428.6
-44486.4
-44455.1
-44428.4
-44485.7
-44454.5
-44428.1
-44486.5
-44455.2
-44428.6
-44484.1
-44453
-44426.6
-44485.2
-44454.1
-44427.4
-44483.7
-44452.5
-44426.1
-44485.5
-44454.2
-44427.9
-44487.1
-44455.9
-44429.1
-44485.7
-44454.5
-44428
-44485.6
-44454.4
-44428
-44485.7
-44454.5
-44427.6
-44483.4
-44452.3
-44426
-44485.2
-44454.1
-44427.4
-44483.7
-44452.5
-44426.2
-44484.7
-44453.5
-44427.3
-44485.2
-44454
-44427.6
-44486.1
-44455
-44428.3
-44485.9
-44454.7
-44428.3
-44485.9
-44454.7
-44428.2
-44485.4
-44454.2
-44427.7
-44485.8
-44454.6
-44428.1
-44485.7
-44454.5
-44428.1
-44486.5
-44455.4
-44428.7
-44486
-44454.7
-44428.2
-44486.5
-44455.3
-44428.7
-44486.4
-44455.1
-44428.6
-44484.4
-44453.4
-44427
-44485.4
-44454.2
-44427.6
-44484.9
-44453.8
-44427.4
-44484.8
-44453.8
-44427.5
-44485
-44453.7
-44427.3
-44485.6
-44454.3
-44427.8
-44485.9
-44454.6
-44428.1
-44485.8
-44454.5
-44428
-44484.3
-44453.2
-44426.8
-44484.8
-44453.6
-44427.2
-44485.6
-44454.3
-44427.8
-44486.1
-44454.8
-44428.3
-44486.2
-44454.9
-44428.4
-44485.6
-44454.3
-44427.9
-44484.7
-44453.5
-44427.2
-44485.4
-44454.1
-44427.6
-44486.5
-44455.2
-44428.7
-44486.1
-44454.8
-44428.3
-44485.8
-44454.6
-44428.1
-44485.9
-44454.6
-44428
-44486.2
-44454.9
-44428.3
-44486.1
-44454.8
-44428.3
-44485.5
-44454.4
-44427.9
-44485.2
-44454.1
-44427.7
-44486.4
-44455.2
-44428.6
-44483.8
-44452.8
-44426.6
-44484.6
-44453.4
-44427.2
-44485.7
-44454.7
-44428.1
-44486.4
-44455.3
-44428.6
-44484.9
-44453.7
-44427.4
-44487.1
-44455.9
-44429.1
-44484.1
-44453.1
-44426.8
-44485
-44453.8
-44427.4
-44486.1
-44454.9
-44428.4
-44485.8
-44454.7
-44428.2
-44484.9
-44453.7
-44427.4
-44486.6
-44455.4
-44428.7
-44484.3
-44453.3
-44427
-44485.3
-44454.1
-44427.7
-44486.3
-44455.2
-44428.5
-44485.9
-44454.8
-44428.2
-44486.2
-44455
-44428.4
-44485.3
-44454.1
-44427.6
-44486.7
-44455.5
-44428.7
-44484.2
-44453.2
-44426.9
-44485.3
-44454.1
-44427.7
-44486.7
-44455.6
-44428.9
-44484.3
-44453.3
-44427
-44485.1
-44453.9
-44427.6
-44486.3
-44455.3
-44428.6
-44483.7
-44452.7
-44426.5
-44484.8
-44453.6
-44427.3
-44486
-44455
-44428.4
-44486.1
-44455
-44428.4
-44486.1
-44454.9
-44428.4
-44486.8
-44455.6
-44428.8
-44485.5
-44454.4
-44428
-44485.3
-44454.3
-44427.9
-44486.7
-44455.5
-44428.9
-44485.9
-44454.8
-44428.3
-44485.4
-44454.3
-44427.8
-44486.8
-44455.7
-44428.9
-44485.6
-44454.5
-44428
-44485.9
-44454.9
-44428.2
-44487.1
-44455.9
-44429.1
-44484.3
-44453.4
-44427.1
-44484.3
-44453.3
-44426.8
-44483.6
-44452.6
-44426.5
-44485.5
-44454.2
-44427.7
-44486.4
-44455.3
-44428.6
-44483.6
-44452.6
-44426.4
-44485.2
-44454
-44427.5
-44486.5
-44455.4
-44428.7
-44486
-44454.8
-44428.3
-44485.9
-44454.7
-44428.2
-44486.4
-44455.2
-44428.4
-44486.3
-44455.2
-44428.4
-44484.8
-44453.7
-44427.4
-44487.4
-44456.2
-44429.3
-44485.8
-44454.7
-44428.1
-44485.2
-44454.1
-44427.6
-44486.8
-44455.7
-44428.8
-44483.8
-44452.9
-44426.6
-44484
-44453
-44426.8
-44485.4
-44454.3
-44427.9
-44485.6
-44454.5
-44428
-44486.4
-44455.2
-44428.6
-44486
-44454.9
-44428.3
-44486.8
-44455.6
-44428.8
-44485.7
-44454.5
-44428
-44485.9
-44454.7
-44428.1
-44486
-44454.8
-44428.3
-44485.9
-44454.7
-44428.3
-44486.8
-44455.5
-44428.7
-44485.6
-44454.3
-44427.9
-44486.4
-44455.1
-44428.6
-44485.3
-44454.1
-44427.6
-44485.5
-44454.3
-44427.7
-44485.5
-44454.4
-44427.9
-44485.5
-44454.3
-44427.8
-44486.6
-44455.4
-44428.8
-44486.2
-44455
-44428.2
-44485.7
-44454.4
-44427.8
-44485
-44453.8
-44427.3
-44485.7
-44454.4
-44427.9
-44485.9
-44454.8
-44428.3
-44486.5
-44455.1
-44428.7
-44486.7
-44455.4
-44428.8
-44486.7
-44455.4
-44428.9
-44487
-44455.7
-44428.9
-44486.4
-44455.1
-44428.5
-44485.8
-44454.5
-44428.1
-44486.2
-44454.9
-44428.4
-44486.1
-44455
-44428.5
-44486.2
-44455.1
-44428.5
-44486.4
-44455.2
-44428.5
-44484.7
-44453.6
-44427.3
-44484.7
-44453.6
-44427.3
-44484.6
-44453.5
-44427.2
-44485
-44453.9
-44427.6
-44486.3
-44455.3
-44428.6
-44486.1
-44454.9
-44428.2
-44485.4
-44454.2
-44427.7
-44484.5
-44453.3
-44427
-44485.4
-44454.1
-44427.7
-44485.3
-44454.2
-44427.9
-44485.2
-44454.1
-44427.8
-44486.2
-44455.1
-44428.4
-44486.3
-44455.3
-44428.7
-44487.2
-44455.9
-44429.1
-44486.4
-44455.2
-44428.4
-44485.5
-44454.3
-44427.7
-44485.2
-44454
-44427.4
-44485.4
-44454.2
-44427.7
-44485.4
-44454.2
-44427.7
-44486.7
-44455.5
-44428.8
-44484.8
-44453.8
-44427.6
-44485.6
-44454.5
-44428
-44486.5
-44455.5
-44428.8
-44485.2
-44454.3
-44427.7
-44485.5
-44454.3
-44427.7
-44485.4
-44454.4
-44428.1
-44485.6
-44454.5
-44428
-44486.8
-44455.6
-44428.8
-44485.2
-44454.1
-44427.7
-44484.8
-44453.8
-44427.3
-44484.9
-44453.8
-44427.6
-44486.2
-44455.1
-44428.4
-44485.9
-44454.6
-44428.1
-44485.3
-44454
-44427.6
-44485.7
-44454.4
-44427.9
-44485.8
-44454.6
-44428.1
-44486.2
-44454.8
-44428.4
-44486.4
-44455
-44428.5
-44486.6
-44455.3
-44428.7
-44485.6
-44454.3
-44428
-44486.5
-44455.4
-44428.5
-44485.8
-44454.6
-44428
-44485.2
-44453.9
-44427.4
-44485.6
-44454.3
-44427.8
-44485.3
-44454.1
-44427.6
-44484.9
-44453.9
-44427.7
-44485.4
-44454.1
-44427.8
-44485.6
-44454.3
-44427.8
-44486.2
-44454.9
-44428.3
-44486.1
-44454.8
-44428.4
-44486.8
-44455.5
-44429
-44486.6
-44455.3
-44428.8
-44485.3
-44454.2
-44427.9
-44485.4
-44454.3
-44427.9
-44485
-44453.9
-44427.6
-44485
-44453.9
-44427.5
-44484.5
-44453.4
-44427.2
-44484
-44453
-44426.8
-44484.9
-44453.8
-44427.5
-44484.2
-44453.1
-44426.8
-44484.8
-44453.7
-44427.4
-44483.9
-44453
-44426.8
-44485.6
-44454.6
-44428
-44485.7
-44454.6
-44428.1
-44486.9
-44455.7
-44429
-44486.4
-44455.3
-44428.7
-44487.1
-44455.9
-44429.1
-44484.2
-44453.1
-44426.9
-44484.4
-44453.3
-44426.9
-44485.1
-44454
-44427.7
-44486.1
-44454.8
-44428.3
-44485.8
-44454.4
-44428
-44485.8
-44454.4
-44428
-44486.1
-44454.9
-44428.3
-44485.8
-44454.5
-44428.1
-44485.7
-44454.4
-44428
-44486.2
-44455
-44428.4
-44485.9
-44454.6
-44428.1
-44485.7
-44454.4
-44428
-44486.2
-44454.9
-44428.3
-44486.1
-44454.8
-44428.3
-44486
-44454.7
-44428.1
-44485.8
-44454.5
-44428
-44485.9
-44454.7
-44428
-44486
-44454.8
-44428.3
-44486.1
-44454.9
-44428.3
-44486.4
-44455.1
-44428.3
-44485.6
-44454.3
-44427.9
-44486
-44454.8
-44428.2
-44485.8
-44454.7
-44428.1
-44486.4
-44455.2
-44428.4
-44484.8
-44453.6
-44427.2
-44485.6
-44454.4
-44428
-44486
-44454.8
-44428.2
-44486
-44454.8
-44428.2
-44486.5
-44455.3
-44428.5
-44486.2
-44455
-44428.5
-44486.1
-44454.9
-44428.3
-44487
-44455.8
-44429
-44486.5
-44455.3
-44428.6
-44486.2
-44454.9
-44428.4
-44487.1
-44455.8
-44429.2
-44486.8
-44455.5
-44428.8
-44485.5
-44454.1
-44427.8
-44485.7
-44454.3
-44428
-44486.7
-44455.4
-44428.9
-44486.7
-44455.3
-44428.7
-44486.5
-44455.1
-44428.7
-44483.8
-44452.8
-44426.6
-44486.6
-44455.3
-44428.5
-44485.5
-44454.2
-44427.6
-44485.9
-44454.6
-44428
-44485.5
-44454.3
-44427.7
-44485.5
-44454.3
-44427.7
-44485.6
-44454.5
-44428
-44485.6
-44454.5
-44428
-44485.9
-44454.7
-44428
-44485.7
-44454.6
-44427.9
-44484.4
-44453.2
-44426.9
-44485.7
-44454.5
-44428
-44486
-44454.8
-44428.1
-44486.7
-44455.5
-44428.9
-44486.2
-44455
-44428.4
-44486.2
-44455.1
-44428.6
-44486.7
-44455.5
-44428.8
-44486.1
-44454.8
-44428.3
-44486.4
-44455.1
-44428.5
-44486.3
-44455.2
-44428.6
-44483.9
-44452.8
-44426.6
-44486
-44454.8
-44428.1
-44486.1
-44454.9
-44428.1
-44485.7
-44454.4
-44427.8
-44485.9
-44454.6
-44428.1
-44485.7
-44454.5
-44427.9
-44485.6
-44454.5
-44427.8
-44485
-44453.7
-44427.4
-44485.8
-44454.5
-44428
-44486.2
-44455
-44428.4
-44486.4
-44455.3
-44428.7
-44487
-44455.8
-44429
-44486.3
-44455.1
-44428.6
-44486.3
-44455.1
-44428.6
-44486.8
-44455.6
-44428.9
-44486.6
-44455.3
-44428.7
-44486.8
-44455.4
-44428.8
-44485.8
-44454.6
-44428.2
-44485.5
-44454.2
-44427.8
-44486.2
-44454.9
-44428.3
-44485.6
-44454.3
-44427.9
-44485.8
-44454.4
-44428
-44485.9
-44454.8
-44428.2
-44486
-44454.7
-44428.1
-44486.1
-44454.9
-44428.4
-44486.2
-44455
-44428.3
-44485.4
-44454.1
-44427.8
-44485.5
-44454.3
-44428
-44486.1
-44454.9
-44428.3
-44486.7
-44455.5
-44428.7
-44486.6
-44455.3
-44428.6
-44485.9
-44454.7
-44428.2
-44486
-44454.9
-44428.4
-44486.2
-44455
-44428.4
-44486.7
-44455.4
-44428.7
-44486.1
-44454.8
-44428.2
-44486
-44454.6
-44428.3
-44486.5
-44455.1
-44428.7
-44486.7
-44455.3
-44428.7
-44484.4
-44453.3
-44427.1
-44486.2
-44455.2
-44427.9
-44484.7
-44453.5
-44427.3
-44486.6
-44455.4
-44428.5
-44485.9
-44454.8
-44428.2
-44484.7
-44453.5
-44427.2
-44486.5
-44455.4
-44428.6
-44484
-44452.9
-44426.7
-44486
-44454.8
-44428.2
-44485.8
-44454.7
-44428.3
-44486
-44454.9
-44428.3
-44484.9
-44453.7
-44427.4
-44486.3
-44455.2
-44428.6
-44485.1
-44454
-44427.6
-44484.2
-44453.2
-44427
-44484.9
-44453.7
-44427.3
-44485.9
-44454.9
-44428.2
-44484.9
-44453.8
-44427.5
-44483.8
-44452.7
-44426.5
-44486.9
-44455.8
-44428.9
-44485.4
-44454.2
-44427.8
-44485.7
-44454.5
-44427.9
-44486.2
-44455.1
-44428.3
-44484.7
-44453.5
-44427.1
-44485.7
-44454.4
-44427.9
-44485.6
-44454.3
-44427.7
-44485.6
-44454.3
-44427.7
-44485.5
-44454.3
-44427.8
-44485.5
-44454.3
-44427.8
-44485.5
-44454.4
-44427.8
-44485.5
-44454.3
-44427.7
-44487.1
-44455.9
-44429.1
-44485.9
-44454.6
-44428.3
-44486.3
-44455
-44428.5
-44485.9
-44454.8
-44428.3
-44485.8
-44454.6
-44428.1
-44486.2
-44455
-44428.5
-44486.2
-44455.1
-44428.5
-44485.7
-44454.5
-44427.9
-44484.4
-44453.2
-44426.8
-44486.2
-44455
-44428.2
-44485.3
-44454.2
-44427.7
-44484.8
-44453.7
-44427.1
-44486.3
-44455.1
-44428.3
-44483.5
-44452.5
-44426.2
-44484.1
-44453.1
-44426.9
-44485.4
-44454.3
-44427.8
-44484.3
-44453.3
-44427.1
-44484.9
-44453.7
-44427.4
-44485.1
-44454.2
-44427.6
-44484.7
-44453.5
-44427.1
-44485
-44453.9
-44427.5
-44484.7
-44453.6
-44427.3
-44485.5
-44454.4
-44427.9
-44483.8
-44452.8
-44426.5
-44485.4
-44454.3
-44427.6
-44485.9
-44454.7
-44427.9
-44485.3
-44454.2
-44427.9
-44485.3
-44454.4
-44427.8
-44484.6
-44453.6
-44427.4
-44485
-44453.8
-44427.6
-44483.5
-44452.5
-44426.3
-44486.3
-44455.1
-44428.4
-44485.1
-44453.8
-44427.5
-44485.6
-44454.4
-44427.9
-44485.5
-44454.3
-44427.7
-44485.5
-44454.3
-44427.7
-44485.6
-44454.5
-44427.9
-44485.5
-44454.3
-44427.8
-44487
-44455.8
-44429.1
-44485.8
-44454.5
-44428.2
-44486.7
-44455.5
-44428.7
-44485.1
-44453.9
-44427.5
-44486.1
-44455
-44428.5
-44486.5
-44455.3
-44428.7
-44485.8
-44454.6
-44428
-44485.4
-44454.2
-44427.7
-44484.6
-44453.6
-44427.2
-44485
-44453.8
-44427.4
-44484.9
-44453.9
-44427.5
-44483.7
-44452.8
-44426.6
-44485
-44453.8
-44427.4
-44484.3
-44453.2
-44426.9
-44486
-44454.9
-44428.1
-44484.5
-44453.5
-44427.2
-44485.1
-44454
-44427.7
-44485.2
-44454.1
-44427.8
-44486
-44455
-44428.4
-44485.9
-44454.9
-44428.3
-44486.9
-44455.7
-44428.9
-44485
-44453.9
-44427.4
-44483.9
-44452.9
-44426.7
-44484.8
-44453.6
-44427.2
-44486
-44455
-44428.3
-44486.5
-44455.4
-44428.7
-44486.9
-44455.6
-44428.9
-44486
-44454.9
-44428.3
-44485.7
-44454.7
-44428.2
-44486.3
-44455.1
-44428.5
-44482.9
-44451.9
-44425.8
-44485.5
-44454.3
-44427.7
-44485.5
-44454.3
-44427.6
-44485.8
-44454.7
-44428
-44485.3
-44454
-44427.6
-44485.8
-44454.5
-44427.9
-44486.1
-44454.9
-44428.2
-44485.2
-44454
-44427.5
-44485.8
-44454.5
-44427.9
-44486.2
-44455
-44428.4
-44486.4
-44455.3
-44428.7
-44486.3
-44455.1
-44428.6
-44486.4
-44455.2
-44428.5
-44486.4
-44455.2
-44428.5
-44487.1
-44455.9
-44429.1
-44486.5
-44455.3
-44428.7
-44484.6
-44453.4
-44427
-44484.1
-44453
-44426.6
-44484.7
-44453.6
-44427.3
-44484.8
-44453.7
-44427.4
-44485.6
-44454.5
-44428
-44485.4
-44454.3
-44427.7
-44486.2
-44455
-44428.2
-44485.2
-44454.3
-44427.7
-44485.4
-44454.2
-44427.9
-44484.4
-44453.4
-44427.2
-44485.2
-44454.1
-44427.8
-44483.7
-44452.7
-44426.3
-44485.6
-44454.4
-44427.7
-44486.2
-44455
-44428.2
-44485.5
-44454.4
-44427.8
-44486.4
-44455.2
-44428.4
-44484.6
-44453.5
-44427.2
-44484.9
-44453.8
-44427.5
-44485.8
-44454.7
-44428
-44484.7
-44453.7
-44427.5
-44485.5
-44454.4
-44428.1
-44484.3
-44453.4
-44427.1
-44485.4
-44454.2
-44427.8
-44485.2
-44454
-44427.5
-44485.5
-44454.3
-44427.8
-44485.6
-44454.4
-44427.8
-44485.8
-44454.7
-44427.9
-44485.5
-44454.3
-44427.7
-44486.3
-44455.2
-44428.4
-44486
-44454.8
-44428.2
-44486.4
-44455.2
-44428.6
-44486.3
-44455.1
-44428.5
-44486.8
-44455.6
-44428.9
-44487
-44455.8
-44428.9
-44484.4
-44453.5
-44427.2
-44483.6
-44452.7
-44426.5
-44484.5
-44453.4
-44427.1
-44484.4
-44453.3
-44427.1
-44485.8
-44454.5
-44428
-44485.5
-44454.3
-44427.9
-44485.8
-44454.5
-44428.1
-44485.9
-44454.6
-44428.1
-44486.1
-44454.7
-44428.1
-44485.9
-44454.5
-44428
-44486
-44454.9
-44428.3
-44485.7
-44454.5
-44427.9
-44485.9
-44454.8
-44428.2
-44486.2
-44455
-44428.2
-44484.4
-44453.3
-44426.9
-44485.6
-44454.3
-44427.8
-44486
-44454.9
-44428.2
-44486.5
-44455.3
-44428.6
-44486.4
-44455.1
-44428.6
-44485.7
-44454.5
-44428
-44485.8
-44454.7
-44428.2
-44486.1
-44454.9
-44428.3
-44486.5
-44455.3
-44428.5
-44486
-44454.6
-44428.2
-44486.2
-44454.8
-44428.4
-44486.5
-44455.2
-44428.6
-44484
-44452.9
-44426.7
-44485.5
-44454.3
-44427.7
-44486.2
-44455
-44428.1
-44485.1
-44453.8
-44427.5
-44485.6
-44454.3
-44427.7
-44485.3
-44454.1
-44427.5
-44485.5
-44454.3
-44427.8
-44485.6
-44454.5
-44427.9
-44487
-44455.8
-44428.9
-44486
-44454.7
-44428.2
-44486
-44454.9
-44428.4
-44486.6
-44455.4
-44428.7
-44485.3
-44454.1
-44427.8
-44486.3
-44455.2
-44428.6
-44486.7
-44455.5
-44428.7
-44485.6
-44454.3
-44427.8
-44485.3
-44454.1
-44427.5
-44485.4
-44454.2
-44427.7
-44485.6
-44454.4
-44427.8
-44486.3
-44455
-44428.3
-44485.9
-44454.6
-44428
-44486.5
-44455.3
-44428.8
-44486.7
-44455.5
-44428.8
-44486
-44454.9
-44428.4
-44487.1
-44455.9
-44429
-44485.9
-44454.6
-44428.1
-44486.1
-44454.7
-44428.1
-44485.8
-44454.7
-44428
-44484.3
-44453.2
-44426.9
-44485.8
-44454.6
-44428.1
-44486.4
-44455.1
-44428.4
-44484.8
-44453.5
-44427.2
-44485.7
-44454.6
-44428.1
-44486
-44454.8
-44428.3
-44486.6
-44455.4
-44428.6
-44485.9
-44454.8
-44428.2
-44486.7
-44455.5
-44428.7
)
;

boundaryField
{
    sphere_to_oil
    {
        type            calculated;
        value           nonuniform List<scalar> 
1536
(
-44426.1
-44426.4
-44426.4
-44426.9
-44426.5
-44427
-44427.2
-44426.8
-44426.8
-44427.3
-44426.6
-44426.3
-44426.9
-44427.3
-44426.6
-44427.3
-44425.3
-44425.5
-44426.6
-44426.8
-44426.7
-44426
-44426.1
-44426.4
-44426.5
-44426.4
-44426.2
-44426.4
-44426.5
-44426.8
-44426.7
-44426.7
-44426.7
-44426
-44426
-44426.5
-44426
-44426.2
-44426.5
-44426.1
-44426.4
-44426.2
-44426.8
-44426.6
-44426.6
-44426.9
-44426.2
-44426.2
-44427.3
-44427.2
-44427.2
-44427.3
-44426.2
-44426.3
-44426.7
-44426.5
-44427.1
-44427.2
-44426.5
-44426.7
-44426.9
-44426.8
-44426.9
-44426.3
-44426.6
-44426.4
-44425.9
-44426.9
-44426.9
-44427
-44425.5
-44427.7
-44427.5
-44427.3
-44425.4
-44427
-44427.2
-44427.5
-44427.3
-44425.5
-44426
-44426.2
-44427.1
-44426.5
-44426.9
-44426.5
-44427.4
-44427.2
-44427.1
-44426.7
-44426.9
-44426.4
-44426.6
-44426.4
-44426.6
-44426.2
-44425.6
-44426.8
-44426.7
-44427.1
-44427.1
-44425.5
-44426.7
-44426.9
-44427.4
-44427.3
-44425.4
-44427.7
-44427.6
-44426.9
-44427.2
-44427.3
-44426.2
-44426.3
-44427.1
-44427.3
-44427.5
-44426.8
-44426.6
-44426.8
-44427.3
-44426.9
-44426.5
-44426.6
-44425.9
-44426.2
-44426.5
-44426.9
-44426
-44426.2
-44426.4
-44426.8
-44426.9
-44427.2
-44427.2
-44426.3
-44426.4
-44426.3
-44427.3
-44427
-44426.6
-44426.5
-44426.6
-44426.7
-44427
-44426.9
-44425.9
-44426.1
-44426.2
-44425.1
-44425.4
-44426.4
-44426.4
-44426.2
-44426.4
-44426.5
-44425.7
-44426.3
-44425
-44425.8
-44425.6
-44426.1
-44426
-44426
-44426.3
-44425.9
-44426.2
-44426.1
-44425.5
-44426
-44427
-44427.1
-44427.2
-44427
-44427.2
-44427
-44425.7
-44426.6
-44426
-44425
-44425.9
-44425.6
-44425.9
-44425.6
-44426.3
-44425.5
-44426.1
-44426.9
-44426.9
-44427.2
-44427.6
-44427
-44427.1
-44426.9
-44426.9
-44427.3
-44426.8
-44426.8
-44427.2
-44427.1
-44427.2
-44427.6
-44426.5
-44426.4
-44426.3
-44426.7
-44427.1
-44426.5
-44426.5
-44426.8
-44427
-44427.1
-44427.3
-44427
-44427.2
-44426.6
-44427
-44427.4
-44427.6
-44428
-44427
-44427.1
-44426.9
-44427.3
-44427.4
-44426.2
-44426.5
-44426.7
-44426.7
-44427.2
-44426.4
-44426.8
-44426.6
-44426.8
-44426.2
-44426.1
-44426
-44426.5
-44426.7
-44427.5
-44427.4
-44426.7
-44426
-44426.6
-44427.2
-44427.3
-44427.1
-44426.5
-44426.1
-44426.2
-44427.5
-44426.6
-44427
-44426.8
-44426.8
-44427
-44427
-44426.5
-44426.5
-44425.6
-44425.3
-44425.9
-44426.7
-44425.3
-44426
-44426.4
-44426.4
-44426.9
-44426.2
-44426.2
-44426.2
-44426.6
-44426.7
-44427
-44427
-44426.7
-44426.8
-44426.9
-44427.1
-44426.1
-44426
-44425.9
-44426.5
-44426.5
-44427.6
-44427.2
-44427.3
-44426.3
-44426.5
-44425.9
-44425.9
-44426.4
-44426.6
-44427.1
-44426.9
-44427
-44427.9
-44427.8
-44427.7
-44428.1
-44427.7
-44427.8
-44427.6
-44427.1
-44427.1
-44425.2
-44425.6
-44425.8
-44425.8
-44426.4
-44425.2
-44426
-44427.3
-44427.2
-44427.3
-44427.1
-44427.2
-44427.1
-44426.6
-44426.7
-44426.4
-44426.9
-44426.6
-44426.8
-44426.4
-44426.4
-44426.3
-44426.8
-44426.6
-44426
-44426.2
-44426.6
-44426.9
-44427.4
-44427.5
-44427
-44427.1
-44426.8
-44427
-44426.7
-44426.9
-44427
-44426.9
-44426.8
-44427.2
-44427.4
-44427.7
-44427.8
-44427.8
-44427.7
-44427.8
-44427.6
-44426.9
-44426.4
-44426.3
-44426.3
-44426.7
-44425.9
-44426.6
-44426.3
-44426.3
-44426.2
-44426.7
-44426.5
-44425.9
-44426.7
-44427.1
-44427.1
-44427.5
-44427.6
-44427.3
-44427.1
-44427
-44427.5
-44427.4
-44426.9
-44427
-44426.5
-44425.9
-44426.2
-44426.3
-44426.3
-44426.1
-44426.8
-44427.2
-44426.4
-44425.9
-44425.7
-44426
-44426.1
-44426
-44426.7
-44426.7
-44427.4
-44427.3
-44426.9
-44427
-44427.1
-44426.9
-44427.5
-44427.2
-44426.7
-44426.9
-44426.8
-44427.3
-44427.7
-44427.1
-44427.1
-44426.9
-44427.3
-44427.5
-44427.6
-44427.3
-44427.6
-44427.6
-44427.2
-44427.4
-44427.1
-44426.8
-44426.9
-44426
-44427.2
-44426.7
-44426.5
-44426.5
-44426.3
-44426.8
-44426.9
-44426.6
-44426.4
-44427
-44427.2
-44426.8
-44427.4
-44427.3
-44427.5
-44427.2
-44426.6
-44426.6
-44426.4
-44427
-44427
-44426.8
-44427.2
-44427.4
-44427.9
-44427.7
-44427.7
-44427.7
-44427.7
-44427.8
-44427
-44427
-44425.7
-44425.9
-44426
-44425.1
-44426
-44425.7
-44426.2
-44426.9
-44426.5
-44426.6
-44426.4
-44426.2
-44426.3
-44426.2
-44426.8
-44426.2
-44426.2
-44426.2
-44426.7
-44426.5
-44426.2
-44426.4
-44425.6
-44427.5
-44427.1
-44427
-44426.8
-44427.5
-44427.1
-44427.1
-44426.7
-44427.3
-44427.2
-44426.8
-44426.7
-44425.3
-44424.5
-44425.7
-44424.9
-44425.3
-44425.4
-44427.7
-44427.4
-44426.6
-44426.9
-44427
-44427.1
-44424.7
-44425.6
-44425.3
-44425.2
-44425.8
-44425.4
-44424.3
-44427.6
-44427.6
-44427.5
-44427.7
-44427.5
-44427
-44427.1
-44426.7
-44426.8
-44426.4
-44426.3
-44426.1
-44426.8
-44426.4
-44426.5
-44425.6
-44426.9
-44426.4
-44426.1
-44426
-44427.1
-44427.5
-44426.8
-44427.2
-44427
-44427.1
-44427.2
-44427.3
-44427.3
-44427.2
-44427.1
-44426.9
-44427.5
-44426.9
-44427
-44426.8
-44427.3
-44427.2
-44427.2
-44426.9
-44427
-44427.3
-44427.2
-44427.1
-44426.5
-44426.2
-44427.3
-44426.5
-44425.8
-44426
-44425.3
-44426.2
-44425.8
-44426.4
-44426.4
-44426.1
-44425.2
-44426
-44425.9
-44426.2
-44426.7
-44425.5
-44426.5
-44426.5
-44426.4
-44426.6
-44426.2
-44426.4
-44425.6
-44426.5
-44426.5
-44425.8
-44426
-44426.2
-44425.2
-44425.5
-44426.1
-44426.2
-44426
-44426.6
-44426.8
-44426
-44426.3
-44426
-44426.7
-44426.6
-44426.9
-44426.9
-44427
-44427.3
-44427.1
-44427.3
-44427.1
-44426.8
-44427
-44426.6
-44427.2
-44427.3
-44426.8
-44426.8
-44426.7
-44427.3
-44427.4
-44424.8
-44425.8
-44425.4
-44425.3
-44426
-44425.6
-44424.6
-44427.4
-44427.3
-44427.2
-44427.6
-44427.5
-44427.1
-44427
-44426.6
-44425.2
-44425.1
-44425.8
-44426
-44424.5
-44425.5
-44424.6
-44425.6
-44426.2
-44426.9
-44427.8
-44427.7
-44427.4
-44427.3
-44427.5
-44427.5
-44427.6
-44426.7
-44426.9
-44426.6
-44426.4
-44426.4
-44426.1
-44426.5
-44426.2
-44425.8
-44425.8
-44425.8
-44426.4
-44426.7
-44426.8
-44426.4
-44426.5
-44426.1
-44426.7
-44426.9
-44426.8
-44426.9
-44426.6
-44427.4
-44426.9
-44427.5
-44427.1
-44427.9
-44428.2
-44427.3
-44427.2
-44427.2
-44427.1
-44427.6
-44427.4
-44427.3
-44426.9
-44427.1
-44427.4
-44427.2
-44427.2
-44426.8
-44427
-44427.3
-44427.6
-44427.3
-44427.3
-44427.3
-44427.1
-44427.6
-44427.6
-44427
-44426.8
-44426.9
-44427.3
-44427.5
-44425.9
-44426.2
-44426.6
-44426.3
-44425.5
-44426
-44426.3
-44426.7
-44425.7
-44427.1
-44427.1
-44427.2
-44427.2
-44427.2
-44427.3
-44427.2
-44426.8
-44426.8
-44426.4
-44427.1
-44426.9
-44426.4
-44426.5
-44426.3
-44426.8
-44425.5
-44425.4
-44426.7
-44426.9
-44427.1
-44426.7
-44427.4
-44427.2
-44427.6
-44426.7
-44426.8
-44426.4
-44427
-44427
-44427.2
-44426.9
-44426.8
-44426.7
-44427.8
-44427.7
-44427.6
-44427.8
-44427.8
-44427.6
-44427
-44426.6
-44426.4
-44426.4
-44425.9
-44426.6
-44426.1
-44426.2
-44425.9
-44426.6
-44426.1
-44426
-44426.4
-44426.7
-44426.6
-44426.3
-44427.1
-44426.8
-44426.9
-44426.7
-44426.6
-44427.6
-44427.3
-44426.9
-44426.7
-44426.6
-44426.8
-44426.7
-44427.1
-44427.1
-44427.7
-44426.1
-44426.2
-44426.1
-44426.4
-44426.7
-44427
-44426.2
-44426.5
-44426.2
-44426.5
-44426.3
-44426.3
-44426.2
-44426.5
-44426.7
-44426.9
-44427.5
-44427.3
-44426.9
-44426.8
-44427.5
-44427.6
-44427.4
-44427.3
-44427.4
-44427.1
-44427.7
-44427.7
-44426.9
-44427.3
-44427.1
-44427.2
-44427.5
-44427.2
-44427.3
-44427
-44427.1
-44426.9
-44427
-44427.1
-44427
-44427.1
-44427
-44427.2
-44427.2
-44427.2
-44426.7
-44426.6
-44426.6
-44426.8
-44426.7
-44426.9
-44425.8
-44425.8
-44427.3
-44426.6
-44426.7
-44426.5
-44427
-44426.2
-44426.1
-44426.7
-44426.8
-44427.2
-44427.4
-44427.6
-44427.1
-44427.2
-44426.7
-44426.7
-44427.4
-44427
-44426.9
-44426.8
-44427.3
-44427.4
-44426.6
-44426.9
-44427
-44427.1
-44427.3
-44427.3
-44427.3
-44427
-44426.9
-44426.8
-44426.6
-44427.2
-44426.2
-44426.7
-44427.2
-44427.7
-44427.1
-44426.8
-44427.3
-44427.2
-44426.6
-44426.9
-44426.7
-44427.4
-44426.8
-44426.8
-44427.2
-44426.3
-44427.6
-44427.2
-44427.3
-44426.5
-44425.7
-44426.8
-44426.9
-44426.9
-44427
-44427
-44426
-44427
-44426.4
-44427.1
-44425.9
-44427.1
-44426.8
-44425.7
-44426.2
-44427.4
-44427
-44426.4
-44427.4
-44426.7
-44427.3
-44426.7
-44427.4
-44426.6
-44426.4
-44426.8
-44425.3
-44426.5
-44425.7
-44427.5
-44427
-44427.6
-44426.6
-44426.3
-44427.1
-44426.4
-44426.7
-44425.5
-44426
-44427.3
-44426.3
-44426
-44426.2
-44426.1
-44426.7
-44426.5
-44425.9
-44426.9
-44426
-44425.5
-44426
-44427.3
-44426.2
-44426.4
-44426.5
-44426.8
-44426.7
-44427.1
-44427
-44426.8
-44427.2
-44425.9
-44426.7
-44426.8
-44426.8
-44427.3
-44426
-44426.2
-44426.7
-44426.7
-44427.2
-44427.1
-44427.3
-44427
-44427.2
-44426.7
-44427.1
-44426.2
-44427
-44426
-44426.7
-44425.7
-44426.5
-44426.6
-44427
-44426.6
-44426.8
-44425.7
-44427.1
-44426.9
-44427
-44427.5
-44426.7
-44425.3
-44426.4
-44425.4
-44427.1
-44427.1
-44425.4
-44426.3
-44424.8
-44426.8
-44427.3
-44426.7
-44426.9
-44425.3
-44427
-44427.5
-44427
-44427
-44427.5
-44427.3
-44426.2
-44425.7
-44426.7
-44426
-44425.5
-44427.1
-44426.1
-44427
-44426.4
-44427.3
-44425.9
-44426.5
-44425.3
-44426.8
-44427
-44426.8
-44427
-44427.4
-44427.2
-44427
-44427.4
-44425.5
-44426.2
-44425.1
-44426.7
-44427.8
-44426.8
-44426.9
-44426.3
-44425
-44426.2
-44425.1
-44426.2
-44426.5
-44427.1
-44427.1
-44427
-44426.5
-44426.9
-44427
-44427.5
-44427
-44427.5
-44427.4
-44426
-44426.5
-44426.3
-44426.4
-44426.2
-44426.7
-44427.1
-44426.9
-44425.8
-44426.2
-44426.6
-44427.2
-44427.2
-44426.7
-44426.2
-44426.5
-44427.5
-44427.2
-44426.9
-44426.9
-44427.2
-44427.1
-44426.8
-44426.6
-44427.3
-44425.6
-44426.1
-44426.9
-44427.4
-44426.3
-44427.7
-44425.9
-44426.3
-44427.2
-44427
-44426.3
-44427.3
-44426
-44426.6
-44427.4
-44427.1
-44427.3
-44426.5
-44427.4
-44425.9
-44426.6
-44427.7
-44426
-44426.5
-44427.4
-44425.6
-44426.2
-44427.2
-44427.3
-44427.2
-44427.5
-44426.9
-44426.8
-44427.6
-44427.1
-44426.6
-44427.5
-44426.9
-44426.9
-44427.7
-44426
-44425.8
-44425.6
-44426.5
-44427.5
-44425.5
-44426.3
-44427.5
-44427.1
-44427
-44427.2
-44427.2
-44426.3
-44427.9
-44426.9
-44426.3
-44427.5
-44425.6
-44425.8
-44426.8
-44426.9
-44427.4
-44427.1
-44427.5
-44426.9
-44427
-44427.1
-44427.1
-44427.5
-44426.8
-44427.5
-44426.4
-44426.5
-44426.8
-44426.7
-44427.6
-44426.9
-44426.7
-44426.2
-44426.7
-44427.1
-44427.5
-44427.6
-44427.8
-44427.7
-44427.3
-44427
-44427.3
-44427.3
-44427.4
-44427.3
-44426.3
-44426.2
-44426.3
-44426.5
-44427.4
-44427
-44426.5
-44426
-44426.6
-44426.8
-44426.8
-44427.3
-44427.5
-44427.7
-44427.2
-44426.5
-44426.3
-44426.6
-44426.6
-44427.6
-44426.6
-44426.9
-44427.7
-44426.7
-44426.4
-44427.1
-44426.8
-44427.5
-44426.5
-44426.2
-44426.5
-44427.2
-44426.9
-44426.5
-44426.7
-44427
-44427.3
-44427.4
-44427.6
-44426.9
-44427.2
-44426.8
-44426.3
-44426.6
-44426.4
-44426.7
-44426.6
-44426.7
-44427.1
-44427.3
-44427.8
-44427.7
-44426.9
-44426.9
-44426.5
-44426.5
-44426.2
-44425.8
-44426.5
-44425.8
-44426.3
-44425.8
-44426.9
-44426.9
-44427.7
-44427.5
-44427.7
-44426
-44425.9
-44426.7
-44427.1
-44426.9
-44426.9
-44427.2
-44427
-44427
-44427.2
-44427
-44426.9
-44427.2
-44427.1
-44427
-44426.8
-44426.9
-44427.1
-44427.2
-44427.1
-44426.8
-44427
-44427
-44427.2
-44426.2
-44426.8
-44427.1
-44427.1
-44427.3
-44427.4
-44427.2
-44427.7
-44427.4
-44427.3
-44427.9
-44427.6
-44426.8
-44427
-44427.7
-44427.6
-44427.5
-44425.6
-44427.2
-44426.5
-44426.9
-44426.6
-44426.6
-44426.8
-44426.8
-44426.8
-44426.8
-44425.8
-44426.8
-44426.9
-44427.7
-44427.3
-44427.5
-44427.6
-44427.2
-44427.4
-44427.5
-44425.6
-44426.8
-44426.9
-44426.7
-44426.9
-44426.7
-44426.7
-44426.2
-44426.8
-44427.3
-44427.6
-44427.8
-44427.4
-44427.4
-44427.6
-44427.5
-44427.5
-44427
-44426.8
-44427.1
-44426.9
-44426.9
-44427
-44427
-44427.2
-44427.1
-44426.7
-44426.9
-44427.2
-44427.5
-44427.5
-44427.1
-44427.3
-44427.3
-44427.4
-44427
-44427.2
-44427.5
-44427.5
-44426.1
-44426.7
-44426.2
-44427.2
-44427
-44426.1
-44427.2
-44425.7
-44427
-44427.2
-44427.2
-44426.4
-44427.4
-44426.5
-44426
-44426.3
-44427.1
-44426.5
-44425.5
-44427.6
-44426.6
-44426.8
-44427.1
-44426
-44426.7
-44426.6
-44426.6
-44426.7
-44426.7
-44426.6
-44426.5
-44427.8
-44427.1
-44427.3
-44427.2
-44427
-44427.4
-44427.4
-44426.7
-44425.7
-44426.9
-44426.5
-44425.9
-44427
-44425.2
-44426
-44426.7
-44426.1
-44426.4
-44426.6
-44425.9
-44426.4
-44426.3
-44426.7
-44425.4
-44426.4
-44426.7
-44426.8
-44426.7
-44426.4
-44426.6
-44425.3
-44427.1
-44426.4
-44426.8
-44426.5
-44426.6
-44426.8
-44426.6
-44427.8
-44427.1
-44427.5
-44426.5
-44427.3
-44427.4
-44426.8
-44426.5
-44426.2
-44426.4
-44426.4
-44425.8
-44426.3
-44425.9
-44426.8
-44426.1
-44426.6
-44426.7
-44427.2
-44427.1
-44427.6
-44426.3
-44425.8
-44426.2
-44427.1
-44427.5
-44427.5
-44427.1
-44427.1
-44427.3
-44424.9
-44426.6
-44426.4
-44426.8
-44426.5
-44426.7
-44426.9
-44426.3
-44426.8
-44427.3
-44427.5
-44427.4
-44427.3
-44427.4
-44427.8
-44427.5
-44425.9
-44425.5
-44426.2
-44426.4
-44426.8
-44426.5
-44426.8
-44426.7
-44426.8
-44426.2
-44426.7
-44425.3
-44426.5
-44426.9
-44426.7
-44427
-44426.2
-44426.4
-44426.8
-44426.5
-44427
-44426.2
-44426.7
-44426.4
-44426.7
-44426.6
-44426.7
-44426.6
-44427.2
-44427
-44427.5
-44427.3
-44427.7
-44427.7
-44426.1
-44425.6
-44426
-44426.2
-44426.9
-44426.8
-44427
-44426.9
-44427
-44426.9
-44427.1
-44426.8
-44427.1
-44426.9
-44425.8
-44426.6
-44427
-44427.4
-44427.4
-44426.9
-44427.1
-44427.1
-44427.3
-44427.2
-44427.3
-44427.4
-44425.7
-44426.5
-44426.9
-44426.3
-44426.6
-44426.4
-44426.7
-44426.7
-44427.6
-44427
-44427.3
-44427.5
-44426.7
-44427.5
-44427.3
-44426.6
-44426.4
-44426.6
-44426.7
-44427
-44426.8
-44427.6
-44427.6
-44427.3
-44427.7
-44426.9
-44427
-44426.9
-44425.9
-44427
-44427.1
-44426.2
-44426.9
-44427.1
-44427.4
-44427.1
-44427.4
)
;
    }
}


// ************************************************************************* //
