/*--------------------------------*- C++ -*----------------------------------*\
| =========                 |                                                 |
| \\      /  F ield         | OpenFOAM: The Open Source CFD Toolbox           |
|  \\    /   O peration     | Version:  v1912                                 |
|   \\  /    A nd           | Website:  www.openfoam.com                      |
|    \\/     M anipulation  |                                                 |
\*---------------------------------------------------------------------------*/
FoamFile
{
    version     2.0;
    format      ascii;
    class       volScalarField;
    location    "24/sphere";
    object      T;
}
// * * * * * * * * * * * * * * * * * * * * * * * * * * * * * * * * * * * * * //

dimensions      [0 0 0 1 0 0 0];


internalField   nonuniform List<scalar> 
6600
(
471.308
471.325
471.323
471.362
471.313
471.313
471.324
471.437
471.461
471.392
471.323
471.461
471.484
471.418
471.382
471.417
471.362
471.322
471.36
471.313
471.323
471.46
471.484
471.418
471.357
471.484
471.507
471.442
471.324
471.31
471.417
471.44
471.398
471.321
471.312
471.389
471.418
471.357
471.311
471.416
471.441
471.398
471.355
471.398
471.335
471.322
471.322
471.322
471.32
471.322
471.308
471.362
471.326
471.418
471.393
471.441
471.419
471.392
471.441
471.418
471.325
471.308
471.361
471.326
471.418
471.418
471.392
471.361
471.325
471.325
471.309
471.32
471.32
471.319
471.318
471.314
471.318
471.32
471.314
471.318
471.32
471.314
471.32
471.33
471.312
471.312
471.356
471.397
471.312
471.312
471.398
471.358
471.335
471.312
471.355
471.311
471.397
471.324
471.323
471.359
471.391
471.417
471.417
471.44
471.32
471.339
471.334
471.374
471.362
471.353
471.379
471.313
471.357
471.398
471.313
471.312
471.312
471.397
471.356
471.359
471.307
471.325
471.417
471.44
471.391
471.417
471.326
471.326
471.309
471.441
471.419
471.418
471.393
471.398
471.313
471.358
471.33
471.312
471.355
471.398
471.312
471.398
471.358
471.313
471.335
471.32
471.321
471.355
471.311
471.311
471.396
471.323
471.382
471.416
471.323
471.358
471.417
471.439
471.308
471.417
471.392
471.36
471.325
471.44
471.418
471.362
471.313
471.398
471.313
471.319
471.382
471.323
471.416
471.323
471.416
471.357
471.438
471.309
471.418
471.326
471.418
471.326
471.442
471.364
471.324
471.319
471.416
471.382
471.357
471.439
471.323
471.417
471.326
471.393
471.309
471.441
471.364
471.419
471.326
471.324
471.355
471.31
471.397
471.311
471.417
471.324
471.416
471.439
471.323
471.359
471.392
471.324
471.309
471.44
471.418
471.36
471.326
471.398
471.313
471.313
471.32
471.321
471.32
471.321
471.311
471.31
471.397
471.355
471.359
471.416
471.439
471.324
471.382
471.417
471.325
471.44
471.418
471.324
471.308
471.418
471.392
471.398
471.313
471.362
471.319
471.416
471.357
471.438
471.382
471.323
471.417
471.326
471.442
471.364
471.392
471.309
471.418
471.326
471.324
471.319
471.439
471.323
471.416
471.322
471.417
471.382
471.364
471.419
471.326
471.418
471.326
471.393
471.309
471.397
471.312
471.355
471.439
471.323
471.359
471.382
471.417
471.324
471.419
471.36
471.326
471.417
471.392
471.324
471.308
471.313
471.313
471.362
471.32
471.33
471.312
471.355
471.397
471.311
471.398
471.358
471.313
471.335
471.355
471.311
471.397
471.312
471.417
471.416
471.439
471.307
471.324
471.323
471.359
471.398
471.313
471.313
471.397
471.355
471.312
471.44
471.39
471.417
471.324
471.359
471.308
471.324
471.313
471.357
471.313
471.33
471.397
471.312
471.312
471.357
471.313
471.313
471.31
471.306
471.306
471.309
471.307
471.312
471.307
471.311
471.307
471.311
471.307
471.311
471.307
471.305
471.306
471.315
471.314
471.308
471.319
471.318
471.313
471.312
471.307
471.31
471.307
471.314
471.314
471.326
471.363
471.327
471.342
471.342
471.32
471.341
471.334
471.374
471.364
471.353
471.381
471.32
471.339
471.334
471.374
471.362
471.353
471.379
471.314
471.314
471.326
471.362
471.326
471.342
471.342
471.321
471.34
471.335
471.374
471.363
471.353
471.38
471.34
471.32
471.334
471.374
471.363
471.38
471.353
471.34
471.32
471.334
471.374
471.362
471.379
471.353
471.314
471.314
471.325
471.363
471.327
471.342
471.342
471.307
471.305
471.315
471.314
471.307
471.315
471.314
471.307
471.307
471.313
471.313
471.324
471.36
471.325
471.341
471.341
471.313
471.322
471.309
471.335
471.371
471.318
471.361
471.33
471.377
471.351
471.309
471.34
471.314
471.317
471.333
471.309
471.312
471.321
471.309
471.314
471.339
471.333
471.316
471.353
471.311
471.322
471.31
471.337
471.319
471.338
471.373
471.32
471.361
471.336
471.353
471.331
471.378
471.309
471.313
471.322
471.353
471.321
471.31
471.31
471.336
471.337
471.319
471.369
471.36
471.317
471.335
471.35
471.376
471.328
471.312
471.308
471.308
471.31
471.32
471.326
471.335
471.334
471.381
471.315
471.352
471.351
471.307
471.369
471.335
471.36
471.317
471.376
471.328
471.35
471.384
471.355
471.395
471.349
471.39
471.343
471.389
471.315
471.34
471.308
471.317
471.333
471.369
471.36
471.335
471.317
471.376
471.35
471.328
471.312
471.308
471.381
471.393
471.347
471.347
471.387
471.387
471.338
471.321
471.32
471.315
471.313
471.338
471.307
471.316
471.331
471.305
471.319
471.315
471.311
471.308
471.31
471.32
471.314
471.309
471.338
471.332
471.316
471.308
471.311
471.32
471.38
471.331
471.351
471.325
471.331
471.35
471.313
471.313
471.337
471.308
471.332
471.315
471.324
471.379
471.329
471.329
471.349
471.349
471.312
471.314
471.316
471.316
471.309
471.305
471.314
471.315
471.307
471.306
471.313
471.312
471.312
471.309
471.311
471.321
471.309
471.338
471.314
471.316
471.332
471.308
471.311
471.32
471.313
471.307
471.338
471.316
471.331
471.324
471.33
471.329
471.379
471.312
471.35
471.348
471.308
471.338
471.332
471.314
471.316
471.313
471.322
471.309
471.314
471.309
471.338
471.316
471.332
471.309
471.312
471.322
471.332
471.38
471.351
471.325
471.331
471.313
471.35
471.314
471.316
471.316
471.309
471.309
471.312
471.321
471.308
471.314
471.338
471.332
471.316
471.308
471.31
471.319
471.324
471.33
471.329
471.379
471.312
471.35
471.348
471.314
471.307
471.338
471.316
471.331
471.336
471.319
471.361
471.33
471.378
471.371
471.352
471.318
471.335
471.33
471.371
471.361
471.352
471.377
471.309
471.34
471.333
471.314
471.317
471.331
471.38
471.351
471.325
471.331
471.313
471.35
471.309
471.313
471.322
471.314
471.31
471.339
471.317
471.333
471.313
471.308
471.338
471.316
471.332
471.308
471.312
471.321
471.313
471.338
471.307
471.316
471.331
471.308
471.31
471.319
471.324
471.331
471.379
471.329
471.35
471.312
471.348
471.348
471.349
471.395
471.382
471.339
471.388
471.389
471.36
471.313
471.313
471.325
471.324
471.34
471.341
471.337
471.371
471.319
471.362
471.33
471.378
471.352
471.341
471.321
471.364
471.334
471.381
471.375
471.354
471.34
471.321
471.335
471.374
471.363
471.38
471.354
471.314
471.314
471.326
471.363
471.327
471.343
471.342
471.31
471.313
471.322
471.314
471.339
471.309
471.317
471.333
471.326
471.332
471.38
471.332
471.352
471.313
471.351
471.309
471.313
471.322
471.314
471.313
471.313
471.314
471.308
471.338
471.332
471.316
471.324
471.331
471.379
471.329
471.35
471.311
471.348
471.308
471.311
471.32
471.314
471.338
471.309
471.316
471.332
471.31
471.313
471.322
471.325
471.332
471.38
471.332
471.351
471.313
471.35
471.315
471.339
471.309
471.316
471.333
471.309
471.313
471.322
471.314
471.316
471.316
471.309
471.306
471.306
471.314
471.313
471.307
471.307
471.315
471.319
471.311
471.311
471.307
471.308
471.311
471.32
471.308
471.31
471.32
471.324
471.329
471.329
471.378
471.312
471.349
471.348
471.313
471.308
471.337
471.331
471.315
471.313
471.307
471.337
471.331
471.315
471.369
471.318
471.36
471.335
471.35
471.329
471.377
471.369
471.318
471.334
471.36
471.328
471.351
471.376
471.381
471.348
471.347
471.394
471.338
471.388
471.387
471.362
471.314
471.327
471.314
471.342
471.324
471.342
471.384
471.349
471.354
471.395
471.343
471.389
471.39
471.373
471.32
471.339
471.363
471.333
471.353
471.379
471.326
471.334
471.334
471.381
471.315
471.351
471.351
471.309
471.313
471.322
471.314
471.309
471.339
471.333
471.316
471.314
471.309
471.339
471.333
471.316
471.305
471.305
471.313
471.313
471.307
471.369
471.317
471.36
471.334
471.35
471.328
471.376
471.369
471.317
471.36
471.334
471.35
471.328
471.376
471.381
471.346
471.347
471.393
471.338
471.387
471.387
471.363
471.327
471.314
471.314
471.342
471.343
471.326
471.375
471.321
471.364
471.341
471.354
471.335
471.381
471.374
471.32
471.363
471.341
471.354
471.334
471.381
471.386
471.357
471.357
471.399
471.347
471.393
471.393
471.312
471.307
471.312
471.307
471.32
471.32
471.314
471.305
471.313
471.313
471.307
471.305
471.354
471.31
471.322
471.31
471.337
471.319
471.337
471.381
471.347
471.393
471.347
471.387
471.338
471.387
471.369
471.318
471.335
471.36
471.328
471.351
471.376
471.375
471.363
471.32
471.341
471.354
471.381
471.335
471.363
471.315
471.327
471.315
471.342
471.326
471.343
471.386
471.357
471.399
471.357
471.393
471.348
471.393
471.375
471.32
471.341
471.363
471.335
471.354
471.381
471.32
471.321
471.315
471.312
471.307
471.324
471.329
471.33
471.378
471.312
471.348
471.349
471.308
471.311
471.32
471.314
471.307
471.338
471.332
471.316
471.313
471.308
471.338
471.331
471.316
471.354
471.322
471.31
471.31
471.337
471.337
471.319
471.37
471.361
471.318
471.336
471.351
471.377
471.329
471.369
471.318
471.36
471.334
471.351
471.328
471.376
471.381
471.349
471.394
471.347
471.388
471.339
471.387
471.372
471.361
471.319
471.337
471.352
471.378
471.331
471.361
471.327
471.313
471.314
471.341
471.342
471.324
471.384
471.35
471.395
471.355
471.389
471.343
471.39
471.373
471.32
471.363
471.34
471.353
471.333
471.38
471.31
471.313
471.322
471.309
471.313
471.322
471.314
471.309
471.339
471.332
471.316
471.315
471.308
471.339
471.333
471.317
471.307
471.306
471.315
471.314
471.309
471.315
471.319
471.312
471.311
471.307
471.306
471.314
471.314
471.309
471.306
471.319
471.315
471.311
471.31
471.306
471.306
471.313
471.337
471.307
471.315
471.331
471.313
471.337
471.306
471.315
471.331
471.308
471.31
471.319
471.308
471.311
471.32
471.324
471.378
471.328
471.329
471.348
471.349
471.311
471.381
471.348
471.394
471.348
471.388
471.339
471.388
471.353
471.31
471.31
471.321
471.319
471.336
471.337
471.37
471.336
471.318
471.361
471.329
471.377
471.351
471.373
471.339
471.363
471.319
471.379
471.332
471.353
471.372
471.336
471.319
471.361
471.331
471.378
471.352
471.361
471.314
471.313
471.326
471.324
471.342
471.341
471.314
471.339
471.31
471.317
471.333
471.309
471.312
471.322
471.326
471.38
471.334
471.333
471.351
471.351
471.315
471.309
471.313
471.322
471.306
471.313
471.313
471.307
471.305
471.381
471.347
471.393
471.347
471.387
471.338
471.387
471.353
471.309
471.322
471.31
471.337
471.319
471.337
471.369
471.334
471.318
471.36
471.328
471.376
471.351
471.375
471.363
471.341
471.321
471.381
471.354
471.335
471.386
471.357
471.399
471.357
471.393
471.348
471.393
471.363
471.315
471.326
471.314
471.343
471.326
471.342
471.375
471.341
471.32
471.363
471.335
471.381
471.354
471.321
471.32
471.315
471.312
471.308
471.313
471.313
471.307
471.305
471.305
471.369
471.334
471.36
471.317
471.376
471.328
471.35
471.369
471.334
471.36
471.318
471.376
471.328
471.352
471.353
471.309
471.311
471.322
471.319
471.337
471.338
471.386
471.399
471.358
471.357
471.393
471.393
471.348
471.375
471.341
471.364
471.321
471.381
471.335
471.353
471.375
471.341
471.364
471.321
471.381
471.335
471.354
471.363
471.314
471.315
471.327
471.326
471.343
471.343
471.312
471.308
471.312
471.307
471.313
471.338
471.308
471.316
471.332
471.308
471.31
471.319
471.324
471.378
471.329
471.33
471.348
471.349
471.311
471.308
471.311
471.32
471.37
471.36
471.334
471.318
471.376
471.351
471.329
471.381
471.394
471.348
471.348
471.387
471.388
471.339
471.354
471.311
471.322
471.31
471.338
471.32
471.337
471.369
471.335
471.361
471.318
471.377
471.329
471.35
471.384
471.395
471.355
471.349
471.39
471.389
471.343
471.373
471.363
471.34
471.32
471.38
471.353
471.333
471.372
471.336
471.361
471.32
471.378
471.331
471.352
471.362
471.314
471.326
471.314
471.342
471.325
471.341
471.314
471.339
471.309
471.316
471.332
471.314
471.339
471.309
471.316
471.333
471.326
471.381
471.335
471.334
471.352
471.351
471.315
471.31
471.313
471.322
471.309
471.313
471.322
471.314
471.315
471.308
471.306
471.311
471.306
471.307
471.312
471.312
471.313
471.314
471.308
471.338
471.332
471.316
471.324
471.329
471.378
471.329
471.349
471.311
471.349
471.308
471.312
471.321
471.338
471.307
471.314
471.316
471.332
471.309
471.312
471.322
471.38
471.331
471.35
471.325
471.332
471.351
471.313
471.309
471.339
471.333
471.314
471.316
471.312
471.322
471.309
471.314
471.316
471.316
471.309
471.324
471.33
471.378
471.33
471.349
471.311
471.349
471.313
471.308
471.337
471.331
471.315
471.308
471.311
471.32
471.308
471.313
471.338
471.331
471.315
471.313
471.312
471.323
471.36
471.325
471.34
471.34
471.336
471.362
471.319
471.378
471.33
471.371
471.352
471.318
471.335
471.33
471.371
471.36
471.351
471.377
471.309
471.312
471.322
471.314
471.309
471.339
471.333
471.317
471.313
471.322
471.309
471.309
471.339
471.333
471.314
471.317
471.308
471.311
471.321
471.324
471.378
471.33
471.329
471.349
471.349
471.311
471.308
471.313
471.338
471.315
471.331
471.308
471.311
471.321
471.335
471.319
471.33
471.371
471.36
471.377
471.351
471.313
471.313
471.323
471.36
471.325
471.34
471.341
471.336
471.361
471.319
471.378
471.33
471.371
471.351
471.315
471.34
471.309
471.333
471.317
471.379
471.331
471.351
471.325
471.331
471.351
471.313
471.31
471.313
471.322
471.31
471.339
471.333
471.314
471.316
471.312
471.322
471.309
471.313
471.312
471.313
471.309
471.311
471.32
471.314
471.338
471.307
471.331
471.316
471.309
471.312
471.321
471.338
471.308
471.314
471.332
471.316
471.38
471.331
471.351
471.325
471.332
471.35
471.313
471.314
471.338
471.309
471.332
471.316
471.309
471.313
471.322
471.309
471.338
471.332
471.314
471.316
471.312
471.322
471.309
471.356
471.355
471.397
471.346
471.392
471.385
471.391
471.461
471.46
471.484
471.46
471.483
471.483
471.506
471.437
471.485
471.462
471.484
471.461
471.507
471.485
471.483
471.437
471.46
471.484
471.506
471.461
471.483
471.462
471.461
471.438
471.507
471.485
471.484
471.462
471.391
471.401
471.352
471.401
471.373
471.418
471.374
471.483
471.482
471.505
471.437
471.461
471.46
471.483
471.461
471.507
471.485
471.462
471.438
471.485
471.462
471.506
471.461
471.483
471.461
471.484
471.437
471.46
471.485
471.484
471.462
471.485
471.462
471.461
471.438
471.336
471.372
471.372
471.393
471.34
471.366
471.366
471.392
471.372
471.366
471.336
471.372
471.366
471.341
471.391
471.372
471.365
471.336
471.372
471.365
471.34
471.355
471.357
471.347
471.386
471.397
471.391
471.392
471.355
471.356
471.347
471.385
471.397
471.39
471.391
471.356
471.355
471.347
471.385
471.397
471.391
471.39
471.371
471.335
471.371
471.391
471.34
471.365
471.364
471.371
471.392
471.365
471.336
471.372
471.34
471.365
471.335
471.371
471.391
471.371
471.365
471.34
471.364
471.349
471.348
471.395
471.34
471.389
471.383
471.389
471.372
471.392
471.366
471.336
471.372
471.341
471.366
471.335
471.371
471.371
471.391
471.34
471.365
471.364
471.373
471.336
471.372
471.392
471.341
471.366
471.366
471.335
471.372
471.391
471.372
471.365
471.34
471.364
471.336
471.372
471.392
471.372
471.366
471.34
471.365
471.335
471.39
471.371
471.37
471.364
471.363
471.339
471.391
471.352
471.401
471.402
471.373
471.374
471.418
471.336
471.392
471.372
471.372
471.366
471.366
471.34
471.391
471.352
471.401
471.401
471.373
471.373
471.418
471.391
471.401
471.352
471.401
471.373
471.418
471.374
471.335
471.391
471.371
471.371
471.364
471.364
471.34
471.336
471.392
471.372
471.372
471.366
471.366
471.34
471.334
471.371
471.37
471.39
471.339
471.363
471.364
471.391
471.401
471.352
471.401
471.373
471.418
471.374
471.336
471.373
471.372
471.392
471.341
471.366
471.365
471.391
471.401
471.352
471.401
471.373
471.417
471.374
471.391
471.401
471.402
471.352
471.418
471.373
471.374
471.335
471.371
471.371
471.39
471.34
471.364
471.364
471.391
471.401
471.401
471.352
471.418
471.374
471.374
471.371
471.335
471.371
471.391
471.364
471.34
471.364
471.392
471.372
471.365
471.336
471.371
471.365
471.34
471.335
471.39
471.371
471.371
471.364
471.364
471.339
471.349
471.395
471.348
471.389
471.34
471.382
471.388
471.392
471.372
471.366
471.336
471.372
471.366
471.341
471.335
471.371
471.39
471.371
471.364
471.339
471.364
471.349
471.395
471.347
471.389
471.339
471.382
471.388
471.371
471.335
471.391
471.371
471.364
471.364
471.34
471.265
471.201
471.147
471.266
471.202
471.148
471.267
471.202
471.148
471.268
471.204
471.149
471.268
471.204
471.148
471.267
471.203
471.149
471.268
471.204
471.149
471.267
471.203
471.149
471.268
471.203
471.149
471.269
471.205
471.15
471.268
471.204
471.149
471.267
471.203
471.148
471.267
471.203
471.148
471.269
471.204
471.15
471.268
471.204
471.149
471.268
471.204
471.149
471.264
471.2
471.146
471.264
471.2
471.146
471.267
471.203
471.148
471.267
471.203
471.149
471.267
471.203
471.148
471.266
471.202
471.147
471.266
471.202
471.147
471.267
471.202
471.148
471.267
471.203
471.148
471.267
471.202
471.148
471.266
471.202
471.147
471.267
471.203
471.148
471.266
471.202
471.148
471.267
471.203
471.148
471.267
471.202
471.148
471.267
471.203
471.148
471.267
471.203
471.148
471.266
471.202
471.147
471.266
471.202
471.147
471.267
471.203
471.148
471.266
471.202
471.147
471.266
471.202
471.147
471.267
471.203
471.148
471.266
471.202
471.147
471.267
471.203
471.148
471.266
471.202
471.147
471.268
471.203
471.149
471.267
471.203
471.148
471.267
471.202
471.148
471.268
471.204
471.149
471.266
471.202
471.148
471.266
471.202
471.148
471.269
471.205
471.15
471.268
471.204
471.149
471.268
471.204
471.149
471.268
471.204
471.149
471.266
471.202
471.148
471.267
471.203
471.148
471.267
471.203
471.148
471.266
471.202
471.148
471.267
471.203
471.149
471.268
471.204
471.149
471.267
471.203
471.148
471.267
471.203
471.148
471.268
471.204
471.149
471.267
471.203
471.149
471.268
471.204
471.149
471.267
471.202
471.147
471.267
471.203
471.148
471.267
471.202
471.148
471.266
471.202
471.147
471.267
471.203
471.149
471.267
471.203
471.148
471.267
471.203
471.148
471.265
471.201
471.146
471.27
471.206
471.151
471.269
471.205
471.15
471.268
471.204
471.149
471.265
471.201
471.146
471.267
471.203
471.149
471.268
471.204
471.149
471.269
471.205
471.15
471.268
471.204
471.15
471.264
471.2
471.146
471.265
471.202
471.147
471.266
471.202
471.148
471.268
471.204
471.15
471.268
471.203
471.148
471.267
471.203
471.149
471.266
471.202
471.148
471.27
471.206
471.151
471.268
471.204
471.149
471.268
471.204
471.149
471.266
471.203
471.148
471.267
471.203
471.149
471.267
471.203
471.148
471.267
471.203
471.148
471.267
471.202
471.148
471.267
471.203
471.148
471.266
471.202
471.147
471.265
471.2
471.146
471.267
471.203
471.148
471.267
471.203
471.148
471.267
471.203
471.149
471.267
471.203
471.149
471.265
471.201
471.146
471.266
471.202
471.148
471.268
471.203
471.149
471.269
471.205
471.15
471.268
471.204
471.149
471.265
471.201
471.146
471.27
471.206
471.151
471.27
471.206
471.151
471.267
471.203
471.149
471.268
471.203
471.149
471.268
471.204
471.149
471.266
471.202
471.147
471.267
471.203
471.148
471.269
471.205
471.15
471.269
471.205
471.15
471.27
471.206
471.151
471.267
471.203
471.149
471.266
471.202
471.148
471.267
471.203
471.148
471.268
471.204
471.149
471.267
471.203
471.149
471.267
471.203
471.148
471.267
471.202
471.148
471.264
471.201
471.147
471.266
471.202
471.148
471.266
471.203
471.148
471.268
471.204
471.149
471.266
471.202
471.147
471.266
471.202
471.147
471.267
471.203
471.148
471.267
471.203
471.148
471.267
471.203
471.149
471.268
471.204
471.149
471.268
471.204
471.15
471.266
471.202
471.148
471.267
471.202
471.148
471.266
471.202
471.148
471.268
471.204
471.15
471.267
471.203
471.149
471.267
471.203
471.148
471.267
471.203
471.148
471.266
471.203
471.148
471.267
471.203
471.148
471.268
471.204
471.149
471.268
471.203
471.149
471.265
471.201
471.146
471.265
471.201
471.147
471.267
471.202
471.148
471.262
471.198
471.145
471.263
471.199
471.145
471.266
471.202
471.148
471.266
471.202
471.148
471.266
471.202
471.147
471.266
471.202
471.147
471.267
471.203
471.148
471.264
471.2
471.146
471.266
471.202
471.148
471.261
471.198
471.144
471.265
471.201
471.147
471.264
471.2
471.146
471.266
471.202
471.148
471.265
471.201
471.146
471.265
471.202
471.147
471.266
471.202
471.147
471.266
471.202
471.146
471.265
471.201
471.147
471.266
471.201
471.147
471.263
471.2
471.145
471.265
471.201
471.147
471.268
471.204
471.149
471.268
471.204
471.149
471.269
471.205
471.15
471.268
471.204
471.149
471.269
471.204
471.15
471.268
471.204
471.149
471.264
471.2
471.146
471.268
471.203
471.149
471.266
471.202
471.148
471.262
471.198
471.144
471.265
471.201
471.146
471.265
471.201
471.146
471.265
471.201
471.146
471.265
471.201
471.146
471.266
471.202
471.148
471.263
471.199
471.146
471.266
471.202
471.148
471.268
471.204
471.149
471.269
471.204
471.15
471.268
471.204
471.149
471.27
471.205
471.151
471.268
471.203
471.149
471.268
471.203
471.149
471.267
471.202
471.148
471.268
471.204
471.149
471.27
471.206
471.151
471.267
471.203
471.149
471.267
471.203
471.148
471.269
471.204
471.15
471.268
471.204
471.149
471.268
471.204
471.149
471.269
471.205
471.15
471.267
471.202
471.148
471.267
471.202
471.148
471.266
471.202
471.148
471.268
471.203
471.149
471.269
471.204
471.15
471.266
471.202
471.148
471.266
471.202
471.148
471.268
471.203
471.149
471.268
471.204
471.149
471.268
471.204
471.149
471.269
471.205
471.15
471.268
471.204
471.149
471.268
471.203
471.149
471.266
471.202
471.149
471.268
471.204
471.15
471.269
471.205
471.15
471.269
471.205
471.15
471.271
471.207
471.152
471.268
471.203
471.149
471.268
471.203
471.149
471.267
471.203
471.148
471.269
471.204
471.149
471.269
471.204
471.15
471.266
471.202
471.148
471.267
471.203
471.149
471.268
471.204
471.149
471.267
471.203
471.149
471.269
471.205
471.151
471.267
471.203
471.149
471.269
471.205
471.15
471.266
471.202
471.148
471.267
471.203
471.148
471.266
471.202
471.147
471.266
471.202
471.148
471.266
471.201
471.147
471.267
471.203
471.148
471.267
471.203
471.149
471.269
471.205
471.15
471.269
471.205
471.15
471.268
471.204
471.149
471.265
471.201
471.147
471.267
471.203
471.149
471.27
471.205
471.151
471.269
471.205
471.15
471.268
471.204
471.149
471.266
471.202
471.148
471.265
471.201
471.147
471.265
471.201
471.147
471.268
471.204
471.15
471.268
471.204
471.149
471.269
471.205
471.15
471.267
471.203
471.148
471.267
471.203
471.148
471.268
471.204
471.149
471.268
471.203
471.149
471.268
471.203
471.149
471.267
471.203
471.149
471.265
471.201
471.147
471.264
471.2
471.146
471.266
471.202
471.147
471.268
471.204
471.149
471.263
471.199
471.145
471.266
471.202
471.148
471.267
471.202
471.148
471.266
471.203
471.147
471.268
471.204
471.15
471.266
471.202
471.148
471.266
471.202
471.147
471.266
471.202
471.147
471.267
471.203
471.148
471.267
471.203
471.149
471.268
471.204
471.149
471.268
471.204
471.149
471.267
471.202
471.148
471.267
471.203
471.149
471.267
471.203
471.149
471.268
471.204
471.149
471.266
471.202
471.147
471.266
471.201
471.147
471.265
471.201
471.147
471.267
471.203
471.148
471.267
471.202
471.148
471.27
471.205
471.15
471.269
471.204
471.15
471.269
471.204
471.15
471.267
471.203
471.148
471.267
471.203
471.148
471.265
471.201
471.147
471.265
471.201
471.147
471.267
471.203
471.149
471.267
471.203
471.149
471.269
471.204
471.15
471.268
471.204
471.149
471.268
471.204
471.149
471.27
471.206
471.151
471.27
471.205
471.151
471.27
471.205
471.151
471.271
471.206
471.151
471.27
471.205
471.15
471.27
471.206
471.151
471.27
471.205
471.15
471.268
471.203
471.149
471.268
471.203
471.149
471.263
471.199
471.145
471.264
471.2
471.147
471.265
471.201
471.146
471.265
471.201
471.146
471.266
471.202
471.148
471.262
471.199
471.145
471.265
471.201
471.147
471.269
471.205
471.15
471.269
471.204
471.15
471.269
471.205
471.15
471.268
471.204
471.149
471.269
471.205
471.15
471.268
471.204
471.149
471.267
471.203
471.148
471.267
471.203
471.148
471.266
471.202
471.147
471.268
471.204
471.149
471.267
471.202
471.148
471.267
471.203
471.149
471.266
471.202
471.148
471.266
471.202
471.147
471.266
471.202
471.147
471.267
471.203
471.149
471.267
471.203
471.148
471.265
471.201
471.147
471.265
471.201
471.147
471.267
471.202
471.148
471.268
471.204
471.149
471.269
471.205
471.15
471.269
471.205
471.15
471.268
471.203
471.149
471.268
471.204
471.149
471.267
471.203
471.148
471.268
471.204
471.149
471.267
471.202
471.148
471.267
471.203
471.149
471.267
471.203
471.149
471.267
471.203
471.148
471.267
471.203
471.148
471.268
471.204
471.149
471.269
471.204
471.15
471.27
471.205
471.151
471.27
471.205
471.151
471.27
471.205
471.151
471.27
471.205
471.151
471.27
471.205
471.151
471.269
471.205
471.15
471.267
471.203
471.148
471.267
471.202
471.148
471.266
471.202
471.148
471.266
471.202
471.148
471.268
471.203
471.149
471.265
471.201
471.147
471.267
471.203
471.148
471.266
471.202
471.148
471.266
471.202
471.148
471.266
471.202
471.148
471.268
471.203
471.149
471.267
471.203
471.148
471.265
471.201
471.147
471.266
471.202
471.148
471.268
471.204
471.149
471.268
471.204
471.149
471.269
471.205
471.15
471.269
471.205
471.15
471.268
471.204
471.149
471.268
471.203
471.149
471.268
471.203
471.149
471.269
471.205
471.15
471.268
471.204
471.15
471.267
471.203
471.149
471.267
471.203
471.149
471.267
471.203
471.148
471.265
471.201
471.147
471.266
471.202
471.148
471.267
471.202
471.148
471.266
471.202
471.148
471.266
471.202
471.147
471.268
471.203
471.149
471.27
471.205
471.15
471.267
471.203
471.148
471.266
471.201
471.147
471.265
471.201
471.147
471.266
471.201
471.147
471.265
471.201
471.147
471.265
471.201
471.147
471.268
471.203
471.149
471.267
471.203
471.149
471.27
471.205
471.151
471.269
471.205
471.15
471.268
471.203
471.149
471.268
471.203
471.149
471.268
471.204
471.149
471.267
471.203
471.148
471.269
471.205
471.15
471.268
471.204
471.149
471.266
471.202
471.148
471.267
471.203
471.149
471.266
471.202
471.148
471.268
471.204
471.15
471.27
471.205
471.151
471.268
471.203
471.149
471.268
471.203
471.149
471.267
471.203
471.148
471.269
471.204
471.149
471.269
471.205
471.15
471.27
471.206
471.151
471.269
471.205
471.15
471.27
471.206
471.151
471.27
471.206
471.151
471.269
471.205
471.15
471.269
471.205
471.15
471.269
471.204
471.15
471.268
471.204
471.149
471.268
471.204
471.149
471.265
471.201
471.147
471.268
471.204
471.15
471.268
471.203
471.149
471.267
471.202
471.148
471.267
471.202
471.148
471.266
471.202
471.148
471.268
471.203
471.149
471.268
471.204
471.149
471.267
471.202
471.148
471.266
471.202
471.148
471.268
471.203
471.149
471.268
471.204
471.149
471.267
471.203
471.148
471.269
471.205
471.15
471.269
471.204
471.15
471.269
471.205
471.15
471.269
471.205
471.15
471.267
471.202
471.148
471.267
471.202
471.149
471.266
471.202
471.148
471.268
471.203
471.149
471.268
471.203
471.149
471.267
471.203
471.148
471.269
471.204
471.149
471.269
471.205
471.15
471.27
471.206
471.151
471.27
471.205
471.151
471.27
471.205
471.151
471.27
471.205
471.151
471.27
471.205
471.151
471.27
471.206
471.151
471.268
471.203
471.149
471.268
471.203
471.149
471.264
471.2
471.146
471.265
471.2
471.147
471.266
471.202
471.147
471.262
471.199
471.145
471.266
471.202
471.147
471.265
471.201
471.146
471.265
471.201
471.147
471.268
471.204
471.149
471.266
471.202
471.148
471.267
471.203
471.148
471.266
471.202
471.147
471.266
471.202
471.147
471.266
471.202
471.148
471.266
471.202
471.147
471.268
471.203
471.149
471.266
471.202
471.148
471.266
471.202
471.148
471.266
471.202
471.147
471.267
471.203
471.149
471.267
471.203
471.148
471.266
471.202
471.147
471.267
471.203
471.148
471.265
471.2
471.146
471.269
471.205
471.15
471.268
471.203
471.149
471.267
471.203
471.149
471.266
471.202
471.148
471.269
471.205
471.15
471.268
471.204
471.149
471.268
471.204
471.149
471.266
471.202
471.148
471.268
471.204
471.149
471.268
471.204
471.149
471.266
471.202
471.148
471.266
471.202
471.148
471.264
471.2
471.146
471.261
471.197
471.144
471.265
471.201
471.147
471.262
471.199
471.145
471.264
471.2
471.145
471.264
471.2
471.145
471.269
471.206
471.151
471.269
471.205
471.15
471.266
471.202
471.148
471.267
471.203
471.148
471.267
471.203
471.149
471.268
471.204
471.149
471.262
471.198
471.144
471.266
471.202
471.147
471.265
471.201
471.146
471.265
471.201
471.145
471.266
471.202
471.148
471.265
471.201
471.147
471.26
471.197
471.143
471.269
471.205
471.151
471.269
471.205
471.15
471.269
471.205
471.15
471.27
471.206
471.151
471.269
471.205
471.15
471.268
471.204
471.149
471.268
471.204
471.149
471.266
471.202
471.148
471.268
471.204
471.149
471.266
471.202
471.148
471.266
471.202
471.148
471.266
471.202
471.147
471.268
471.203
471.149
471.267
471.203
471.148
471.268
471.203
471.149
471.265
471.201
471.146
471.268
471.204
471.15
471.267
471.203
471.148
471.266
471.202
471.147
471.265
471.201
471.147
471.268
471.204
471.15
471.27
471.206
471.151
471.268
471.204
471.149
471.269
471.205
471.15
471.268
471.204
471.149
471.269
471.204
471.15
471.269
471.204
471.15
471.269
471.205
471.15
471.269
471.205
471.15
471.268
471.203
471.149
471.268
471.203
471.149
471.267
471.203
471.148
471.269
471.205
471.15
471.267
471.203
471.149
471.268
471.203
471.149
471.267
471.203
471.148
471.269
471.204
471.15
471.268
471.204
471.149
471.268
471.204
471.149
471.267
471.203
471.148
471.267
471.203
471.149
471.268
471.204
471.15
471.269
471.205
471.15
471.268
471.204
471.149
471.266
471.202
471.148
471.265
471.201
471.147
471.268
471.204
471.15
471.267
471.203
471.149
471.264
471.2
471.146
471.266
471.202
471.148
471.263
471.199
471.145
471.266
471.202
471.147
471.265
471.201
471.146
471.266
471.203
471.148
471.267
471.202
471.148
471.265
471.201
471.147
471.262
471.199
471.145
471.265
471.202
471.148
471.265
471.201
471.146
471.266
471.202
471.147
471.267
471.203
471.149
471.263
471.199
471.145
471.267
471.203
471.149
471.267
471.203
471.148
471.266
471.202
471.147
471.267
471.203
471.149
471.265
471.201
471.147
471.266
471.202
471.148
471.263
471.2
471.146
471.267
471.203
471.148
471.267
471.203
471.148
471.265
471.201
471.147
471.265
471.201
471.147
471.267
471.203
471.148
471.263
471.199
471.145
471.265
471.2
471.146
471.266
471.201
471.147
471.266
471.201
471.147
471.265
471.201
471.147
471.267
471.203
471.149
471.268
471.203
471.149
471.266
471.201
471.147
471.267
471.202
471.148
471.265
471.201
471.147
471.268
471.203
471.149
471.267
471.203
471.149
471.268
471.204
471.149
471.268
471.203
471.149
471.268
471.204
471.149
471.268
471.204
471.15
471.267
471.203
471.149
471.269
471.204
471.15
471.267
471.203
471.149
471.267
471.203
471.149
471.267
471.203
471.149
471.266
471.202
471.148
471.269
471.204
471.15
471.269
471.204
471.15
471.267
471.203
471.149
471.267
471.202
471.148
471.266
471.202
471.148
471.269
471.204
471.15
471.269
471.204
471.15
471.262
471.198
471.145
471.266
471.202
471.148
471.264
471.201
471.146
471.264
471.2
471.145
471.266
471.202
471.148
471.266
471.201
471.147
471.262
471.198
471.144
471.268
471.204
471.15
471.268
471.204
471.15
471.269
471.204
471.15
471.27
471.205
471.151
471.269
471.205
471.15
471.268
471.204
471.149
471.267
471.203
471.149
471.266
471.202
471.147
471.264
471.2
471.145
471.264
471.2
471.145
471.266
471.202
471.148
471.266
471.202
471.148
471.261
471.198
471.144
471.266
471.202
471.147
471.262
471.198
471.144
471.266
471.201
471.147
471.266
471.202
471.148
471.269
471.205
471.151
471.27
471.206
471.151
471.269
471.205
471.15
471.269
471.205
471.15
471.268
471.204
471.15
471.269
471.205
471.15
471.269
471.205
471.15
471.27
471.205
471.151
471.266
471.203
471.148
471.267
471.203
471.149
471.266
471.202
471.148
471.265
471.201
471.148
471.267
471.203
471.148
471.266
471.202
471.147
471.267
471.203
471.148
471.266
471.202
471.147
471.265
471.201
471.147
471.265
471.201
471.147
471.265
471.201
471.147
471.267
471.203
471.149
471.268
471.203
471.149
471.268
471.204
471.149
471.267
471.202
471.148
471.267
471.203
471.148
471.266
471.202
471.147
471.268
471.203
471.149
471.268
471.204
471.149
471.267
471.203
471.149
471.267
471.203
471.149
471.267
471.203
471.149
471.269
471.206
471.151
471.268
471.204
471.149
471.27
471.206
471.151
471.268
471.204
471.149
471.27
471.206
471.152
471.272
471.208
471.153
471.269
471.205
471.15
471.268
471.204
471.15
471.268
471.204
471.15
471.268
471.204
471.149
471.27
471.205
471.151
471.269
471.204
471.15
471.269
471.204
471.15
471.267
471.203
471.149
471.267
471.203
471.149
471.269
471.205
471.15
471.268
471.204
471.149
471.268
471.204
471.149
471.267
471.202
471.148
471.268
471.203
471.149
471.268
471.204
471.15
471.269
471.205
471.15
471.269
471.204
471.15
471.268
471.204
471.149
471.268
471.204
471.15
471.268
471.203
471.149
471.27
471.205
471.15
471.269
471.205
471.15
471.267
471.203
471.149
471.267
471.202
471.148
471.267
471.203
471.148
471.269
471.204
471.15
471.27
471.205
471.15
471.265
471.201
471.146
471.266
471.202
471.147
471.267
471.203
471.149
471.267
471.202
471.148
471.263
471.2
471.146
471.265
471.201
471.146
471.266
471.202
471.148
471.268
471.204
471.149
471.264
471.2
471.146
471.269
471.204
471.15
471.268
471.204
471.15
471.269
471.205
471.15
471.269
471.205
471.15
471.269
471.205
471.15
471.27
471.205
471.15
471.269
471.204
471.15
471.268
471.204
471.149
471.268
471.204
471.149
471.266
471.202
471.148
471.268
471.204
471.15
471.268
471.204
471.149
471.266
471.202
471.148
471.267
471.202
471.148
471.266
471.202
471.147
471.268
471.203
471.149
471.264
471.2
471.146
471.263
471.199
471.145
471.267
471.203
471.149
471.267
471.203
471.149
471.268
471.203
471.149
471.267
471.202
471.148
471.269
471.205
471.15
471.268
471.204
471.149
471.27
471.205
471.151
471.267
471.203
471.148
471.267
471.203
471.149
471.266
471.202
471.148
471.268
471.204
471.149
471.268
471.203
471.149
471.268
471.204
471.149
471.267
471.203
471.149
471.267
471.203
471.149
471.267
471.202
471.148
471.27
471.205
471.151
471.27
471.205
471.151
471.269
471.205
471.151
471.27
471.206
471.151
471.27
471.206
471.151
471.27
471.205
471.15
471.268
471.203
471.149
471.268
471.203
471.149
471.267
471.203
471.148
471.267
471.203
471.148
471.265
471.201
471.147
471.268
471.203
471.149
471.266
471.201
471.147
471.266
471.202
471.147
471.265
471.201
471.147
471.267
471.203
471.148
471.266
471.202
471.148
471.265
471.201
471.147
471.267
471.203
471.148
471.267
471.203
471.148
471.267
471.202
471.148
471.265
471.201
471.147
471.268
471.204
471.149
471.267
471.203
471.149
471.267
471.203
471.149
471.266
471.202
471.148
471.266
471.202
471.148
471.269
471.205
471.151
471.269
471.204
471.15
471.268
471.203
471.149
471.267
471.203
471.149
471.266
471.202
471.148
471.267
471.203
471.149
471.266
471.202
471.148
471.268
471.204
471.149
471.268
471.204
471.149
471.269
471.205
471.151
471.266
471.202
471.148
471.266
471.202
471.148
471.266
471.202
471.148
471.267
471.202
471.148
471.268
471.204
471.149
471.269
471.204
471.15
471.266
471.202
471.147
471.267
471.203
471.148
471.265
471.201
471.147
471.267
471.203
471.148
471.267
471.202
471.148
471.267
471.202
471.148
471.266
471.202
471.147
471.267
471.203
471.148
471.267
471.203
471.149
471.268
471.204
471.149
471.269
471.205
471.15
471.268
471.204
471.15
471.267
471.203
471.149
471.267
471.203
471.149
471.269
471.205
471.15
471.269
471.205
471.15
471.269
471.204
471.15
471.268
471.204
471.15
471.268
471.204
471.15
471.268
471.203
471.149
471.27
471.205
471.151
471.269
471.205
471.15
471.267
471.203
471.149
471.269
471.205
471.15
471.268
471.204
471.149
471.268
471.204
471.149
471.269
471.205
471.15
471.268
471.204
471.149
471.269
471.204
471.15
471.267
471.203
471.149
471.268
471.203
471.149
471.267
471.203
471.148
471.269
471.204
471.15
471.269
471.204
471.15
471.268
471.204
471.149
471.268
471.204
471.15
471.268
471.204
471.149
471.269
471.205
471.15
471.269
471.205
471.15
471.269
471.205
471.15
471.267
471.203
471.148
471.267
471.203
471.148
471.267
471.203
471.148
471.268
471.203
471.149
471.267
471.203
471.149
471.268
471.204
471.149
471.265
471.201
471.147
471.264
471.201
471.147
471.269
471.205
471.15
471.267
471.203
471.148
471.267
471.203
471.149
471.267
471.202
471.148
471.268
471.204
471.149
471.266
471.201
471.147
471.265
471.201
471.147
471.267
471.203
471.148
471.268
471.204
471.149
471.268
471.204
471.15
471.269
471.205
471.15
471.27
471.205
471.15
471.268
471.204
471.149
471.268
471.204
471.15
471.267
471.202
471.148
471.266
471.202
471.148
471.269
471.205
471.15
471.268
471.203
471.149
471.267
471.203
471.149
471.267
471.203
471.148
471.269
471.204
471.15
471.269
471.204
471.15
471.266
471.202
471.148
471.268
471.203
471.149
471.268
471.204
471.149
471.268
471.204
471.149
471.269
471.205
471.15
471.269
471.204
471.15
471.269
471.204
471.15
471.268
471.203
471.149
471.267
471.203
471.149
471.267
471.202
471.148
471.266
471.202
471.148
471.268
471.204
471.15
471.266
471.202
471.147
471.268
471.203
471.149
471.268
471.204
471.15
471.27
471.206
471.151
471.268
471.204
471.15
471.267
471.202
471.148
471.268
471.204
471.149
471.269
471.205
471.15
471.267
471.203
471.149
471.268
471.204
471.149
471.266
471.202
471.148
471.269
471.205
471.15
471.267
471.203
471.148
471.268
471.204
471.15
471.269
471.205
471.15
471.266
471.202
471.148
471.269
471.205
471.15
471.268
471.204
471.149
471.268
471.204
471.149
471.267
471.203
471.148
471.265
471.201
471.147
471.267
471.203
471.148
471.268
471.204
471.149
471.268
471.204
471.15
471.267
471.203
471.149
471.268
471.204
471.149
471.265
471.201
471.147
471.269
471.204
471.15
471.267
471.203
471.148
471.269
471.205
471.15
471.266
471.202
471.147
471.267
471.204
471.149
471.267
471.203
471.149
471.264
471.2
471.146
471.265
471.201
471.147
471.269
471.205
471.15
471.268
471.204
471.149
471.265
471.201
471.148
471.269
471.205
471.15
471.267
471.203
471.148
471.269
471.204
471.15
471.267
471.203
471.148
471.27
471.205
471.15
471.267
471.203
471.148
471.265
471.201
471.148
471.267
471.203
471.149
471.263
471.199
471.145
471.267
471.203
471.148
471.264
471.2
471.146
471.27
471.205
471.151
471.268
471.204
471.149
471.27
471.206
471.151
471.267
471.203
471.149
471.265
471.201
471.147
471.269
471.205
471.15
471.267
471.202
471.148
471.268
471.204
471.149
471.264
471.2
471.146
471.265
471.201
471.147
471.269
471.205
471.15
471.266
471.202
471.148
471.265
471.201
471.146
471.266
471.202
471.147
471.265
471.202
471.147
471.267
471.203
471.148
471.266
471.202
471.148
471.265
471.201
471.147
471.267
471.203
471.149
471.265
471.202
471.147
471.264
471.2
471.146
471.265
471.201
471.147
471.269
471.205
471.15
471.266
471.202
471.148
471.266
471.202
471.148
471.266
471.202
471.148
471.267
471.203
471.148
471.268
471.203
471.149
471.268
471.204
471.15
471.268
471.204
471.149
471.267
471.203
471.148
471.268
471.204
471.149
471.265
471.201
471.147
471.268
471.203
471.149
471.268
471.204
471.149
471.267
471.202
471.148
471.268
471.204
471.149
471.265
471.202
471.147
471.266
471.202
471.148
471.268
471.203
471.149
471.268
471.204
471.149
471.268
471.204
471.15
471.268
471.204
471.149
471.269
471.204
471.15
471.268
471.204
471.15
471.268
471.204
471.15
471.267
471.203
471.148
471.268
471.204
471.149
471.266
471.202
471.147
471.268
471.204
471.149
471.265
471.201
471.147
471.268
471.204
471.149
471.265
471.201
471.146
471.266
471.202
471.148
471.266
471.202
471.148
471.268
471.204
471.149
471.267
471.202
471.148
471.267
471.203
471.148
471.265
471.201
471.146
471.269
471.204
471.15
471.268
471.204
471.149
471.267
471.203
471.149
471.269
471.205
471.15
471.269
471.205
471.15
471.264
471.2
471.146
471.267
471.203
471.148
471.264
471.2
471.146
471.268
471.204
471.149
471.268
471.203
471.149
471.264
471.2
471.147
471.268
471.204
471.149
471.263
471.199
471.145
471.268
471.204
471.15
471.27
471.206
471.151
471.268
471.204
471.15
471.267
471.203
471.148
471.264
471.2
471.146
471.268
471.204
471.15
471.27
471.206
471.151
471.268
471.204
471.15
471.268
471.204
471.149
471.269
471.205
471.15
471.269
471.205
471.15
471.266
471.202
471.148
471.265
471.201
471.147
471.268
471.203
471.149
471.265
471.201
471.147
471.264
471.2
471.146
471.269
471.205
471.15
471.265
471.201
471.147
471.268
471.204
471.149
471.266
471.202
471.147
471.269
471.205
471.15
471.264
471.201
471.147
471.266
471.202
471.148
471.264
471.2
471.146
471.268
471.204
471.149
471.269
471.204
471.15
471.267
471.203
471.149
471.268
471.204
471.15
471.269
471.205
471.15
471.269
471.204
471.15
471.268
471.203
471.149
471.269
471.205
471.15
471.265
471.201
471.146
471.267
471.203
471.148
471.264
471.2
471.146
471.268
471.203
471.149
471.271
471.207
471.152
471.268
471.204
471.15
471.267
471.203
471.149
471.268
471.204
471.149
471.263
471.199
471.146
471.267
471.203
471.148
471.264
471.2
471.146
471.266
471.202
471.148
471.267
471.203
471.149
471.269
471.205
471.15
471.268
471.204
471.149
471.268
471.204
471.149
471.268
471.203
471.149
471.268
471.204
471.15
471.268
471.204
471.15
471.27
471.206
471.151
471.268
471.204
471.15
471.269
471.205
471.15
471.269
471.205
471.15
471.265
471.201
471.147
471.267
471.203
471.148
471.266
471.202
471.148
471.266
471.202
471.148
471.266
471.202
471.148
471.268
471.203
471.149
471.268
471.204
471.149
471.268
471.203
471.149
471.265
471.201
471.147
471.266
471.202
471.148
471.268
471.203
471.149
471.268
471.204
471.149
471.269
471.204
471.15
471.268
471.204
471.15
471.266
471.202
471.147
471.267
471.203
471.148
471.269
471.205
471.15
471.268
471.204
471.149
471.268
471.204
471.149
471.268
471.204
471.149
471.269
471.204
471.15
471.268
471.204
471.149
471.268
471.204
471.149
471.267
471.203
471.149
471.269
471.205
471.151
471.264
471.2
471.146
471.265
471.201
471.147
471.268
471.204
471.149
471.269
471.205
471.151
471.266
471.202
471.148
471.271
471.207
471.152
471.264
471.2
471.146
471.266
471.202
471.147
471.268
471.204
471.15
471.268
471.204
471.149
471.266
471.202
471.148
471.269
471.205
471.15
471.265
471.201
471.147
471.267
471.203
471.148
471.269
471.205
471.15
471.268
471.204
471.15
471.269
471.204
471.15
471.267
471.203
471.148
471.27
471.205
471.151
471.264
471.2
471.146
471.267
471.202
471.148
471.27
471.206
471.151
471.265
471.201
471.147
471.266
471.202
471.148
471.269
471.205
471.15
471.263
471.2
471.146
471.266
471.202
471.147
471.268
471.204
471.149
471.268
471.204
471.15
471.268
471.204
471.15
471.27
471.206
471.151
471.267
471.203
471.149
471.267
471.203
471.149
471.27
471.206
471.152
471.268
471.204
471.15
471.267
471.203
471.149
471.27
471.206
471.151
471.268
471.204
471.149
471.268
471.204
471.15
471.271
471.207
471.152
471.265
471.201
471.147
471.265
471.201
471.146
471.263
471.199
471.146
471.267
471.203
471.148
471.269
471.205
471.15
471.263
471.199
471.145
471.267
471.202
471.148
471.269
471.205
471.15
471.268
471.204
471.15
471.268
471.204
471.15
471.269
471.205
471.15
471.269
471.205
471.15
471.266
471.202
471.149
471.271
471.207
471.152
471.268
471.204
471.15
471.267
471.203
471.149
471.27
471.206
471.151
471.264
471.2
471.146
471.264
471.2
471.146
471.267
471.203
471.149
471.268
471.204
471.149
471.269
471.205
471.151
471.268
471.204
471.15
471.27
471.206
471.151
471.267
471.203
471.149
471.268
471.204
471.149
471.268
471.204
471.149
471.268
471.204
471.149
471.27
471.205
471.15
471.267
471.203
471.149
471.269
471.205
471.15
471.267
471.203
471.148
471.268
471.203
471.149
471.268
471.204
471.149
471.267
471.203
471.149
471.269
471.205
471.151
471.269
471.205
471.15
471.268
471.204
471.149
471.266
471.202
471.148
471.268
471.203
471.149
471.268
471.204
471.15
471.269
471.205
471.15
471.27
471.205
471.151
471.27
471.205
471.151
471.27
471.206
471.151
471.269
471.204
471.15
471.268
471.203
471.149
471.268
471.204
471.149
471.268
471.204
471.15
471.268
471.204
471.15
471.269
471.205
471.15
471.265
471.201
471.147
471.265
471.201
471.147
471.265
471.201
471.147
471.266
471.202
471.148
471.269
471.205
471.15
471.269
471.205
471.15
471.268
471.203
471.149
471.266
471.201
471.147
471.267
471.203
471.149
471.267
471.203
471.149
471.267
471.203
471.149
471.269
471.205
471.15
471.269
471.205
471.15
471.271
471.207
471.152
471.269
471.205
471.15
471.267
471.203
471.148
471.267
471.202
471.148
471.267
471.203
471.148
471.267
471.203
471.148
471.269
471.205
471.151
471.265
471.202
471.147
471.267
471.203
471.149
471.269
471.205
471.15
471.266
471.203
471.148
471.268
471.203
471.149
471.267
471.203
471.149
471.268
471.204
471.149
471.27
471.206
471.151
471.267
471.203
471.149
471.266
471.202
471.147
471.266
471.202
471.148
471.269
471.205
471.15
471.268
471.204
471.149
471.267
471.203
471.148
471.268
471.203
471.149
471.268
471.204
471.149
471.269
471.204
471.15
471.269
471.204
471.15
471.269
471.205
471.15
471.267
471.203
471.149
471.27
471.206
471.151
471.268
471.204
471.15
471.267
471.203
471.148
471.268
471.203
471.149
471.267
471.203
471.148
471.266
471.202
471.148
471.267
471.203
471.149
471.268
471.204
471.149
471.269
471.205
471.15
471.268
471.204
471.15
471.27
471.205
471.151
471.27
471.205
471.15
471.267
471.203
471.149
471.267
471.203
471.149
471.266
471.202
471.148
471.266
471.202
471.148
471.265
471.201
471.147
471.264
471.2
471.147
471.266
471.202
471.148
471.265
471.201
471.147
471.266
471.202
471.148
471.264
471.2
471.146
471.268
471.204
471.149
471.268
471.204
471.15
471.27
471.206
471.152
471.269
471.205
471.151
471.271
471.207
471.152
471.265
471.201
471.147
471.265
471.201
471.147
471.266
471.202
471.148
471.269
471.204
471.15
471.268
471.203
471.149
471.268
471.203
471.149
471.269
471.204
471.15
471.268
471.204
471.149
471.268
471.203
471.149
471.269
471.205
471.15
471.268
471.204
471.149
471.268
471.203
471.149
471.269
471.204
471.15
471.269
471.204
471.15
471.268
471.204
471.149
471.268
471.203
471.149
471.268
471.204
471.149
471.268
471.204
471.149
471.268
471.204
471.149
471.269
471.205
471.15
471.268
471.203
471.149
471.268
471.204
471.149
471.268
471.204
471.149
471.269
471.205
471.15
471.266
471.202
471.148
471.268
471.203
471.149
471.268
471.204
471.149
471.268
471.204
471.149
471.269
471.205
471.15
471.269
471.204
471.15
471.268
471.204
471.149
471.27
471.206
471.151
471.269
471.205
471.15
471.269
471.204
471.149
471.27
471.206
471.151
471.27
471.205
471.15
471.267
471.202
471.148
471.267
471.203
471.149
471.27
471.205
471.151
471.269
471.205
471.15
471.269
471.204
471.15
471.264
471.2
471.146
471.27
471.205
471.15
471.267
471.203
471.149
471.268
471.204
471.149
471.267
471.203
471.149
471.267
471.203
471.149
471.268
471.204
471.149
471.268
471.204
471.149
471.268
471.204
471.149
471.268
471.204
471.149
471.265
471.201
471.147
471.268
471.204
471.149
471.268
471.204
471.15
471.27
471.205
471.151
471.268
471.204
471.149
471.269
471.204
471.15
471.269
471.205
471.15
471.268
471.204
471.149
471.269
471.205
471.15
471.269
471.205
471.15
471.264
471.2
471.146
471.268
471.204
471.149
471.269
471.205
471.15
471.268
471.204
471.149
471.268
471.204
471.149
471.268
471.204
471.149
471.268
471.204
471.149
471.267
471.202
471.148
471.268
471.204
471.149
471.268
471.204
471.149
471.269
471.205
471.15
471.27
471.206
471.151
471.269
471.205
471.15
471.269
471.205
471.15
471.27
471.206
471.151
471.269
471.205
471.15
471.27
471.206
471.151
471.268
471.204
471.15
471.267
471.203
471.149
471.269
471.205
471.15
471.268
471.203
471.149
471.268
471.204
471.149
471.268
471.204
471.149
471.268
471.204
471.149
471.269
471.204
471.15
471.269
471.205
471.15
471.267
471.203
471.149
471.268
471.203
471.149
471.269
471.204
471.15
471.27
471.206
471.151
471.269
471.205
471.15
471.268
471.204
471.149
471.268
471.204
471.15
471.269
471.205
471.15
471.27
471.205
471.15
471.268
471.204
471.15
471.268
471.204
471.149
471.269
471.205
471.15
471.27
471.205
471.151
471.265
471.201
471.147
471.269
471.205
471.15
471.265
471.201
471.147
471.269
471.205
471.15
471.268
471.204
471.149
471.265
471.201
471.147
471.269
471.205
471.15
471.264
471.2
471.146
471.268
471.204
471.149
471.268
471.204
471.149
471.268
471.204
471.149
471.266
471.201
471.148
471.269
471.205
471.15
471.266
471.202
471.148
471.264
471.2
471.146
471.266
471.201
471.147
471.268
471.204
471.149
471.266
471.202
471.148
471.264
471.2
471.146
471.27
471.206
471.151
471.267
471.203
471.149
471.268
471.204
471.149
471.269
471.205
471.15
471.266
471.202
471.148
471.268
471.203
471.149
471.267
471.203
471.148
471.268
471.203
471.148
471.267
471.203
471.149
471.267
471.203
471.149
471.267
471.203
471.148
471.267
471.203
471.148
471.27
471.206
471.151
471.268
471.203
471.149
471.269
471.204
471.15
471.268
471.204
471.149
471.268
471.203
471.149
471.268
471.204
471.15
471.268
471.204
471.15
471.268
471.204
471.149
471.265
471.201
471.147
471.269
471.205
471.15
471.267
471.203
471.149
471.266
471.202
471.148
471.269
471.205
471.15
471.264
471.2
471.146
471.264
471.2
471.146
471.267
471.203
471.148
471.265
471.201
471.147
471.266
471.201
471.147
471.266
471.202
471.147
471.266
471.202
471.148
471.267
471.203
471.149
471.266
471.202
471.148
471.268
471.204
471.149
471.264
471.2
471.146
471.268
471.204
471.149
471.268
471.204
471.15
471.267
471.202
471.148
471.267
471.203
471.148
471.265
471.201
471.147
471.266
471.202
471.148
471.264
471.2
471.146
471.269
471.205
471.15
471.267
471.202
471.148
471.268
471.203
471.149
471.268
471.203
471.149
471.268
471.203
471.149
471.268
471.204
471.149
471.267
471.203
471.149
471.27
471.206
471.151
471.268
471.203
471.149
471.27
471.206
471.15
471.266
471.202
471.148
471.268
471.204
471.15
471.269
471.205
471.15
471.268
471.204
471.149
471.267
471.203
471.149
471.265
471.202
471.147
471.266
471.202
471.148
471.266
471.202
471.148
471.264
471.2
471.146
471.266
471.202
471.148
471.265
471.201
471.146
471.268
471.204
471.15
471.265
471.201
471.147
471.267
471.203
471.148
471.267
471.203
471.149
471.268
471.205
471.15
471.268
471.204
471.15
471.27
471.206
471.151
471.266
471.202
471.147
471.264
471.2
471.146
471.266
471.201
471.147
471.268
471.204
471.149
471.269
471.205
471.151
471.27
471.206
471.151
471.268
471.204
471.149
471.268
471.204
471.149
471.269
471.205
471.15
471.262
471.198
471.145
471.267
471.203
471.148
471.267
471.203
471.148
471.268
471.204
471.149
471.267
471.203
471.148
471.268
471.204
471.149
471.269
471.205
471.149
471.267
471.203
471.148
471.268
471.204
471.149
471.268
471.204
471.15
471.269
471.205
471.15
471.269
471.204
471.15
471.269
471.205
471.15
471.269
471.205
471.15
471.27
471.206
471.151
471.269
471.205
471.15
471.266
471.201
471.148
471.265
471.201
471.146
471.266
471.202
471.148
471.266
471.202
471.148
471.268
471.204
471.15
471.267
471.203
471.149
471.269
471.205
471.15
471.266
471.203
471.148
471.267
471.202
471.148
471.265
471.201
471.147
471.266
471.202
471.148
471.264
471.2
471.146
471.268
471.204
471.149
471.269
471.205
471.15
471.268
471.204
471.149
471.27
471.206
471.151
471.266
471.202
471.148
471.267
471.203
471.149
471.268
471.205
471.15
471.265
471.201
471.147
471.267
471.203
471.149
471.265
471.201
471.147
471.267
471.203
471.148
471.267
471.203
471.148
471.267
471.203
471.149
471.268
471.204
471.149
471.268
471.204
471.149
471.268
471.203
471.149
471.269
471.205
471.15
471.269
471.204
471.15
471.269
471.205
471.15
471.269
471.205
471.15
471.27
471.206
471.151
471.27
471.206
471.151
471.265
471.201
471.147
471.263
471.2
471.146
471.265
471.201
471.147
471.265
471.201
471.147
471.268
471.204
471.149
471.268
471.203
471.149
471.268
471.204
471.149
471.268
471.204
471.149
471.269
471.204
471.149
471.268
471.204
471.149
471.268
471.204
471.149
471.268
471.203
471.149
471.268
471.204
471.15
471.269
471.205
471.15
471.265
471.201
471.147
471.268
471.203
471.149
471.268
471.204
471.149
471.269
471.205
471.15
471.269
471.205
471.15
471.268
471.203
471.149
471.268
471.204
471.149
471.269
471.204
471.15
471.269
471.205
471.15
471.268
471.204
471.149
471.269
471.204
471.15
471.269
471.205
471.15
471.264
471.2
471.147
471.267
471.203
471.149
471.269
471.205
471.15
471.267
471.202
471.148
471.268
471.203
471.149
471.267
471.203
471.148
471.268
471.203
471.149
471.268
471.204
471.149
471.27
471.206
471.151
471.268
471.204
471.149
471.268
471.204
471.15
471.269
471.205
471.15
471.267
471.202
471.148
471.269
471.205
471.15
471.27
471.206
471.151
471.268
471.203
471.149
471.267
471.203
471.148
471.267
471.203
471.149
471.268
471.203
471.149
471.269
471.205
471.15
471.268
471.204
471.149
471.269
471.205
471.15
471.27
471.205
471.15
471.268
471.204
471.15
471.27
471.206
471.151
471.268
471.204
471.149
471.269
471.204
471.15
471.268
471.204
471.149
471.265
471.201
471.147
471.268
471.204
471.149
471.269
471.205
471.15
471.266
471.202
471.148
471.268
471.204
471.149
471.268
471.204
471.15
471.269
471.205
471.15
471.268
471.204
471.149
471.27
471.205
471.15
)
;

boundaryField
{
    sphere_to_oil
    {
        type            compressible::turbulentTemperatureCoupledBaffleMixed;
        refValue        nonuniform List<scalar> 
1536
(
351.298
352.55
352.584
354.829
354.882
352.605
353.612
353.193
353.341
354.632
355.536
354.462
353.362
354.417
355.823
353.744
352.605
352.525
353.81
353.428
352.904
353.32
353.235
353.758
353.638
353.698
353.64
353.909
352.683
353.283
352.309
352.54
352.499
353.73
353.657
353.897
353.781
354.145
353.918
353.646
353.967
353.788
353.384
353.132
352.828
353.661
352.941
353.263
355.728
353.706
353.02
353.324
353.286
353.758
352.723
351.872
353.247
353.425
352.926
353.038
353.416
353.375
353.442
353.791
353.671
353.47
353.431
352.993
353.001
352.726
353.797
354.886
354.488
353.695
353.7
351.788
352.482
354.137
353.742
352.57
352.887
353.074
354.819
354.85
352.689
351.545
355.136
353.536
353.037
353.043
353.347
353.856
353.877
353.82
353.702
353.142
352.92
352.833
352.389
353.071
352.879
353.815
351.283
353.011
354.542
353.724
353.622
354.742
354.755
351.255
352.494
353.201
353.385
353.234
354.995
354.876
355.237
352.102
351.419
352.427
353.287
353.233
353.932
352.934
352.322
353.142
353.294
354.013
352.858
352.927
353.466
352.977
352.738
353.607
353.531
352.662
353.226
352.561
353.99
352.591
353.329
352.942
352.929
353.366
353.509
353.394
353.114
352.188
353.544
351.23
352.774
352.625
353.247
353.179
353.691
353.151
352.665
352.978
351.035
352.431
352.497
352.136
354.321
354.124
353.839
353.858
352.733
352.226
352.383
351.889
353.916
353.839
354.127
352.92
353.306
353.187
351.653
354.27
354.558
351.542
353.882
354.105
354.154
354.037
353.068
351.545
352.423
353.973
354.367
352.545
354.288
352.759
352.753
352.2
354.477
356.085
352.249
352.075
353.65
353.706
353.321
353.596
352.529
352.265
352.808
353.071
353.835
352.172
352.384
353.22
354.013
353.671
353.722
353.588
352.9
351.84
354.381
354.438
354.399
356.249
352.614
352.911
353.082
353.333
353.282
352.176
352.77
353.702
352.61
354.624
353.894
356.029
353.368
352.706
352.244
352.377
352.604
352.864
352.429
354.488
354.31
354.173
352.043
354.079
356.048
355.191
352.898
353.443
351.647
351.116
353.213
354.854
356.217
353.042
352.445
353.816
353.779
355.049
353.863
352.178
351.504
353.449
353.784
351.929
352.423
353.681
354.527
353.542
351.799
352.094
352.861
352.75
352.295
354.156
353.729
352.231
352.752
352.6
353.386
352.61
351.875
352.825
352.926
352.001
353.811
353.824
353.721
353.916
353.845
352.184
351.756
354.49
353.567
353.634
353.589
353.977
353.284
353.401
354.105
355.033
353.876
354.448
353.982
351.543
351.971
351.998
351.249
354.232
354.143
353.345
351.221
351.551
353.894
353.379
353.958
352.776
353.76
352.933
352.829
352.485
352.713
353.661
352.674
353.889
352.289
352.129
352.562
352.666
354.068
351.726
351.796
352.822
354.504
353.824
353.609
352.825
352.946
352.757
354.109
352.309
352.317
352.468
352.005
352.982
353.14
353.43
354.313
353.139
352.804
354.323
354.411
354.192
351.368
352.342
352.008
352.955
353.164
352.226
354.382
351.64
352.483
353.134
353.163
354.462
352.508
352.368
354.024
353.13
353.457
353.78
352.775
352.33
353.385
353.692
354.225
351.835
352.279
354.423
352.216
352.395
352.616
351.837
353.15
352.71
354.663
354.465
352.837
351.284
352.562
351.671
352.977
353.618
352.397
354.203
353.967
352.951
352.353
352.757
352.939
354.152
354.14
352.227
352.335
352.276
353.183
353.86
352.909
352.662
352.363
353.11
353.538
354.07
353.218
354.263
354.739
353.827
354.057
353.196
354.622
353.602
351.745
353.631
353.646
352.37
352.381
352.795
353.452
354.336
352.574
351.988
352.859
353.1
352.52
353.376
353.242
352.977
354.831
352.896
352.312
352.023
352.414
352.697
352.742
353.097
353.511
354.201
353.298
354.065
354.458
353.953
354.745
351.506
351.678
352.117
351.368
354.254
351.485
354.118
353.874
352.611
354.345
354.157
353.587
353.623
351.636
351.988
352.972
352.887
351.858
352.221
353.11
352.673
353.993
352.349
354.505
352.039
354.842
352.74
352.584
352.418
353.668
354.209
353.475
352.378
353.417
354.593
352.366
352.262
352.147
351.145
353.146
351.887
354.244
354.088
355.674
355.188
353.11
353.588
353.75
353.952
351.395
354.168
354.376
354.548
353.604
354.644
351.057
354.009
353.917
353.294
355.505
355.071
353.818
353.85
353.381
353.695
352.27
352.421
352.736
353.122
354.71
353.758
352.476
354.204
354.019
352.568
351.817
354.002
355.684
354.312
355.54
353.316
353.664
353.914
354.515
355.513
352.778
352.6
352.936
353.343
351.791
352.736
352.816
353.163
354.077
353.712
352.277
352.737
353.552
355.232
353.075
352.548
351.719
353.034
353.845
351.697
353.31
351.868
354.005
353.656
354.166
353.631
353.05
351.806
354.275
353.92
354.084
353.609
351.004
354.52
353.73
354.393
353.299
353.056
352.27
351.781
354.722
354.497
351.806
351.67
354.949
351.904
352.209
352.567
352.262
352.823
353.222
353.149
351.851
353.118
352.795
353.223
352.358
353.031
353.315
353.401
354.312
352.566
353.361
352.381
352.706
352.682
352.742
353.11
354.466
352.244
352.257
352.783
353.328
353.004
351.296
354.67
354.026
354.265
353.103
354.002
351.279
353.629
353.504
353.27
355.646
355.446
353.78
353.804
353.147
354.165
353.941
353.074
353.924
351.768
354.337
351.352
353.676
353.136
356.043
355.493
355.692
353.913
352.563
353.738
353.909
355.524
353.195
352.515
353.17
350.746
354.004
352.273
352.841
352.513
352.173
352.233
352.535
353.293
353.541
353.304
352.516
353.453
352.919
353.056
352.946
352.411
352.737
352.575
354.341
354.059
356.117
355.034
354.771
356.828
353.824
353.693
353.449
353.32
354.742
354.289
353.556
352.088
352.242
353.58
354.563
353.368
352.452
352.816
353.252
354.651
354.004
352.764
353.012
353.275
353.784
352.648
352.633
351.838
352.611
353.088
353.693
353.96
354.332
353.871
353.448
351.211
353.108
351.558
354.024
351.12
353.82
353.405
354.247
354.128
353.681
354.366
353.475
354.631
353.764
352.305
353.605
354.437
351.76
352.69
352.896
353.362
351.918
350.549
355.011
352.72
352.988
352.8
354.373
353.338
353.965
352.964
352.625
352.207
354.091
352.774
353.174
352.629
352.708
352.823
353.58
353.434
353.751
354.581
354.714
354.181
351.938
353.759
354.384
353.724
352.268
353.488
351.955
352.433
352.866
353.092
352.894
351.687
354.179
352.738
352.208
352.066
353.118
353.974
353.522
352.892
352.031
354.266
353.419
353.158
352.296
352.877
352.916
351.909
354.243
353.923
354.08
351.685
352.225
353.138
352.309
353.908
353.768
352.313
352.931
351.825
354.122
352.502
352.357
353.053
352.954
352.575
354.104
354.782
353.231
352.921
351.666
353.387
353.847
353.303
352.874
352.524
353.087
353.948
353.376
352.362
354.257
353.939
353.372
353.781
352.987
353.097
352.093
352.81
352.417
353.733
353.296
352.989
353.334
353.522
353.697
353.711
354.217
352.665
353.021
353.016
352.862
354.497
353.625
351.734
351.699
353.945
352.282
352.881
352.668
353.733
352.055
352.133
354.147
353.488
353.645
353.697
354.543
354.284
353.644
352.17
351.326
353.842
352.587
352.67
352.903
353.45
352.98
352.105
353.043
354.109
353.616
353.725
353.678
352.8
352.691
352.66
352.596
352.612
353.94
352.53
353.587
352.739
355.513
352.859
351.97
353.526
355.013
353.269
353.438
351.547
354.06
352.528
353.317
354.802
351.786
354.441
353.416
353.212
354.512
352.282
352.963
353.454
353.159
352.972
353.415
351.472
354.413
353.668
355.831
353.602
353.516
353.171
352.293
350.462
354.62
353.658
350.864
354.433
352.625
353.975
352.672
355.115
354.057
350.906
354.881
351.217
354.681
351.617
354.788
354.075
355.701
354.414
351.081
355.378
353.346
354.888
351.926
351.064
355.313
353.532
353.811
354.106
354.144
353.634
353.198
353.206
352.702
353.3
351.874
350.76
355.34
353.232
352.851
353.199
353.054
353.364
353.529
353.368
352.457
353.341
352.43
353.686
353.027
351.972
353.534
352.748
352.255
353.69
353.027
353.312
352.718
353.41
353.128
353.503
352.316
353.609
352.907
354.696
351.829
355.255
352.94
352.376
351.751
354.03
353.077
353.294
353.075
353.182
353.345
352.478
354.173
356.125
353.552
354.999
352.227
354.009
353.234
352.677
355.973
352.091
354.23
355.578
354.101
352.613
352.69
353.187
355.356
353.212
353.034
353.854
354
352.187
352.358
353.757
353.15
352.18
355.327
352.497
354.026
352.747
355.212
351.352
351.403
352.351
353.213
353.532
352.665
353.58
355.374
354.263
352.574
353.97
352.853
355.023
352.26
352.765
356.566
353.206
352.964
355.892
352.048
354.727
352.205
351.81
352.509
355.542
353.136
353.478
353.191
353.112
352.835
355.308
353.714
353.939
353.933
352.297
353.255
352.964
352.686
352.751
353.495
353.092
353.436
352.917
352.146
353.758
353.547
353.821
353.131
352.39
353.773
353.576
353.673
353.238
353.947
353.859
353.587
353.504
353.114
353.63
351.824
352.484
354.924
354.895
352.031
356.824
352.544
353.042
353.954
353.502
351.995
355.974
352.217
352.959
355.45
353.66
353.862
353.255
356.089
352.014
352.934
355.939
352.103
352.099
355.158
351.739
352.364
355.128
353.831
353.944
355.947
353.207
353.082
354.253
354.026
354.133
356.478
354.051
356.045
356.62
352.309
353.82
351.074
353.767
355.322
351.987
353.447
355.722
353.762
353.819
355.748
354.893
352.123
357.177
354.255
354.472
356.825
352.226
352.437
353.216
353.6
353.842
354.244
356.26
353.179
353.578
353.53
353.212
355.578
352.617
353.752
353.345
353.855
353.383
353.121
354.316
355.478
353.64
353.095
353.776
353.605
353.312
354.03
353.555
355.63
353.759
352.978
353.837
353.493
353.997
355.441
351.995
352.044
352.114
351.759
355.17
355.876
353.741
352.571
353.086
352.637
352.462
354.251
354.488
355.834
355.314
354.035
353.329
353.4
353.45
354.484
352.287
352.943
355.104
354.078
354.298
352.484
354.007
356.27
353.36
353.264
352.229
355.672
353.846
353.125
353.688
353.496
352.68
353.357
354.219
351.625
356.653
354.677
353.484
354.02
353.631
351.765
352.907
353.26
354.626
351.962
353.715
353.124
352.463
352.23
352.32
352.238
351.854
351.596
351.893
351.89
353.261
352.412
353.761
353.503
354.521
354.81
356.451
351.718
351.79
352.121
353.552
353.114
353.189
353.983
353.054
352.427
354.183
353.438
352.734
353.838
353.735
353.791
353.567
354.037
353.602
353.697
355.206
353.135
354.165
353.446
355.748
351.742
353.397
353.906
354.079
355.078
353.274
353.875
355.932
354.664
353.422
354.851
354.568
351.539
351.417
353.688
353.676
352.586
351.78
355.961
354.009
354.039
353.624
353.633
353.538
353.369
354.511
355.406
352.037
353.66
354.736
354.532
353.686
353.237
355.057
353.528
353.992
353.761
351.759
354.702
355.364
353.637
353.846
354.043
355.377
352.23
353.707
353.751
353.696
355.917
353.694
353.635
355.32
353.723
354.671
352.934
352.052
353.99
352.407
352.981
353.946
353.904
353.598
355.373
353.018
352.862
353.805
355.674
354.326
353.478
353.397
353.969
355.492
353.924
352.224
352.986
353.902
351.575
354.694
352.494
355.873
354.757
352.402
355.914
352.306
353.925
353.242
353.757
351.462
354.435
353.213
351.748
351.979
354.946
352.049
351.758
356.761
353.539
353.854
355.807
352.888
353.879
353.748
353.744
353.351
353.527
353.802
353.902
355.878
352.882
353.249
353.309
353.128
353.551
353.95
354.311
352.634
356.211
354.069
354.141
356.108
352.366
351.641
353.441
352.126
351.977
353.994
353.983
352.885
352.14
354.04
352.747
354.539
355.8
352.594
354.168
352.227
351.594
351.793
355.673
352.464
353.222
354.228
353.815
353.629
353.869
355.627
352.177
355.551
352.219
353.568
354.538
354.756
353.564
352.696
351.896
353.285
351.208
352.562
352.29
355.961
352.425
352.643
352.227
354.004
354.199
356.222
353.413
351.305
352.124
355.433
354.458
355.571
354.005
353.364
354.567
350.669
353.744
354.45
355.374
353.003
354.174
356.063
353.508
353.894
353.854
353.815
353.798
355.351
354.541
355.791
353.885
352.583
352.926
352.057
352.234
354.067
354.305
355.889
353.931
352.706
351.926
352.566
352.48
354.728
356.133
354.415
356.305
352.597
352.509
354.304
352.32
352.631
352.04
353.079
353.24
353.273
354.066
355.937
354.368
355.684
354.616
353.814
353.97
355.2
355.688
352.762
351.289
351.585
351.793
353.303
352.797
352.844
353.42
353.822
353.416
354.231
353.576
353.565
355.676
352.645
353.665
354.451
355.242
353.916
353.33
353.343
353.966
355.23
351.872
353.013
353.865
351.602
354.187
355.775
352.94
353.573
353.557
353.556
353.933
356.227
353.58
353.589
355.532
351.973
353.708
357.162
353.819
353.38
353.3
353.94
355.633
354.113
354.051
354.809
353.5
355.877
353.446
353.517
354.912
351.656
353.596
355.322
351.417
353.407
353.409
355.262
353.516
355.559
)
;
        refGradient     uniform 0;
        valueFraction   nonuniform List<scalar> 
1536
(
0.000217555
0.000219261
0.000219362
0.00022274
0.000221155
0.000218995
0.000220464
0.00021963
0.000220134
0.000221455
0.000222686
0.000220454
0.000219634
0.000221336
0.000222466
0.0002211
0.000217951
0.000218798
0.000221041
0.000219795
0.000219678
0.000219485
0.000220049
0.00022111
0.000221137
0.000221032
0.000220439
0.00022124
0.000218926
0.00021967
0.000219036
0.000219049
0.000219176
0.000220343
0.000220484
0.000220835
0.000220201
0.0002207
0.000220816
0.000220181
0.000220722
0.000220614
0.000220352
0.000219987
0.000219575
0.000220439
0.000219677
0.000220114
0.000221429
0.000220605
0.000219853
0.000220172
0.000220136
0.000220453
0.000219382
0.000218713
0.000219543
0.000220164
0.000219641
0.000219312
0.000220345
0.000219338
0.00022035
0.000220711
0.000220971
0.000220304
0.000219659
0.000220052
0.000219133
0.000219451
0.000220697
0.000223256
0.000222568
0.000221152
0.000220665
0.000219264
0.000219529
0.000222338
0.00022115
0.000218879
0.000219136
0.000219789
0.000221143
0.000221064
0.000219305
0.000218563
0.000223584
0.000220041
0.000219864
0.000218908
0.000220061
0.000220568
0.000220992
0.000220673
0.000220986
0.000220016
0.000219041
0.000219678
0.000219333
0.000219444
0.000219619
0.000220608
0.000218319
0.000219684
0.000222557
0.000221048
0.000220309
0.000222883
0.000223229
0.000219034
0.00021935
0.000220178
0.000219435
0.00022017
0.000221612
0.000223008
0.000222157
0.000219123
0.000218381
0.000219218
0.000220119
0.000220066
0.000220773
0.000219679
0.000217728
0.000219533
0.000219307
0.000220936
0.000219804
0.000219047
0.000220425
0.000218923
0.000219798
0.000220066
0.000220592
0.00021908
0.00022013
0.000219181
0.000220664
0.000219649
0.000219545
0.000219544
0.000219272
0.000220037
0.000220259
0.000220171
0.000218379
0.000219671
0.000221252
0.000216162
0.00021733
0.000220419
0.00021918
0.000218741
0.00021936
0.000221238
0.000217922
0.000220245
0.000216166
0.000219964
0.000218257
0.000220292
0.000218477
0.00021851
0.000220555
0.000219968
0.000218596
0.000220003
0.000216926
0.000219707
0.000221807
0.000221579
0.000222413
0.000220894
0.000221491
0.000221213
0.000217658
0.000221851
0.00022081
0.000215722
0.000218007
0.000217792
0.000218654
0.000218
0.000221143
0.000217185
0.000220133
0.000221885
0.000222351
0.000220023
0.00022145
0.000220379
0.000220013
0.00021873
0.000221022
0.000224166
0.000219453
0.000219049
0.000221718
0.000219743
0.000220168
0.000220957
0.000220419
0.000219688
0.000219156
0.000220396
0.000221234
0.00021904
0.000219116
0.000220761
0.000219976
0.000220622
0.000221048
0.000221264
0.000220477
0.000219444
0.000222067
0.000221522
0.000221072
0.000225009
0.000220018
0.00022051
0.000219246
0.000221263
0.0002212
0.000219973
0.000220269
0.000221753
0.000220647
0.000222192
0.000220953
0.000223253
0.000218772
0.00022045
0.000219383
0.000220431
0.000218974
0.000220005
0.000219662
0.000220976
0.000220836
0.000221944
0.000218019
0.000221019
0.000224372
0.000220884
0.000220261
0.000219689
0.000217924
0.000218593
0.000220685
0.000221509
0.000223677
0.000219301
0.000220321
0.000220706
0.000220641
0.000221079
0.000221009
0.000218988
0.000218338
0.000220864
0.000221405
0.000217322
0.000220642
0.000220404
0.000218867
0.000221567
0.000219659
0.00021917
0.000219036
0.000220195
0.000219704
0.000220173
0.000220643
0.000219324
0.000219852
0.000220318
0.000220683
0.000219636
0.000219869
0.000219045
0.000220156
0.000219192
0.000221094
0.000220945
0.000221181
0.00021952
0.00022072
0.0002191
0.000219121
0.000221821
0.00022087
0.000220802
0.000220844
0.000221113
0.000221447
0.000221378
0.00022122
0.000221594
0.000220425
0.000221025
0.000220498
0.000219464
0.000219387
0.00021771
0.000219286
0.000218478
0.000218098
0.000220812
0.000216187
0.000219478
0.000221373
0.000220929
0.000221108
0.00022021
0.000221117
0.000220488
0.000220313
0.000219993
0.000219244
0.000220951
0.00021981
0.000219836
0.000219746
0.00021936
0.00021898
0.000220136
0.000219636
0.000218634
0.0002185
0.000220298
0.000220337
0.000221298
0.000221022
0.000220754
0.000220501
0.000219381
0.000219884
0.000219331
0.00022028
0.00022021
0.000219152
0.000219337
0.000220581
0.000220552
0.000221366
0.000221396
0.000221189
0.000221033
0.000220923
0.000220718
0.00021923
0.000220635
0.000219398
0.000219165
0.000220426
0.000219147
0.000220333
0.000218977
0.000220221
0.000219447
0.000220975
0.000220773
0.000219378
0.000219283
0.000219893
0.000219824
0.000220797
0.000221133
0.000220467
0.000220212
0.000219901
0.00022122
0.000220252
0.000219163
0.000219494
0.000220519
0.000219081
0.000220079
0.000220354
0.000219414
0.000219029
0.000220475
0.000221648
0.00022033
0.000219504
0.000218655
0.000219528
0.000218668
0.000218933
0.000221117
0.000219602
0.000221626
0.000221848
0.000220696
0.000220195
0.00022022
0.000219366
0.000221311
0.000219742
0.00021907
0.000219913
0.000218911
0.000220366
0.00022095
0.000220307
0.00021969
0.000218963
0.000220449
0.000220458
0.000221663
0.000220849
0.000222023
0.000222095
0.000220981
0.000221252
0.000220516
0.000220364
0.000220709
0.000218571
0.000221052
0.000220629
0.000219561
0.000219744
0.000219185
0.000220732
0.000220292
0.000219671
0.000219
0.000220369
0.000220508
0.000219161
0.000221058
0.000220535
0.000220295
0.000220766
0.000219499
0.000219833
0.000218401
0.000219692
0.000220627
0.000219133
0.000220568
0.000220805
0.000221815
0.000220996
0.000220997
0.000221139
0.000220714
0.000221484
0.0002195
0.000219871
0.000217385
0.000218959
0.000220748
0.000216843
0.000218761
0.000218098
0.000218436
0.00022207
0.000219333
0.000220712
0.00021949
0.000219
0.000219952
0.00021933
0.000220476
0.000219372
0.000220208
0.000219582
0.000220414
0.000219683
0.000219342
0.000220173
0.000218678
0.00022116
0.000220066
0.00022026
0.000218966
0.000221745
0.000219921
0.000220483
0.000219314
0.000220441
0.000220398
0.000219117
0.000218919
0.000219316
0.000215486
0.000220712
0.000217222
0.000218236
0.00021854
0.000221393
0.000220377
0.000218751
0.000219637
0.000220602
0.000221091
0.000216281
0.000221569
0.000218713
0.000218721
0.000221042
0.000220706
0.000215294
0.00022179
0.00022144
0.000221774
0.000222916
0.000220235
0.000220726
0.000220842
0.000219024
0.000220956
0.000219608
0.000219921
0.000219202
0.000220393
0.000220694
0.000221094
0.000219092
0.000221733
0.000219856
0.000219514
0.000218848
0.000220701
0.000223494
0.000220711
0.000223018
0.000219917
0.000221772
0.000221326
0.000221694
0.000220549
0.000220078
0.000220255
0.000219204
0.000221309
0.000219279
0.000220859
0.000218974
0.000221362
0.00021981
0.000220403
0.000219391
0.000219409
0.000220639
0.000221137
0.000220197
0.000219071
0.000217569
0.000220323
0.000221492
0.000217591
0.000220931
0.000217357
0.000218733
0.000218312
0.000219064
0.000220432
0.000218335
0.000216592
0.000220348
0.000218196
0.000218662
0.000221753
0.000216364
0.000221702
0.00022067
0.000219017
0.000221924
0.000218803
0.000219913
0.000216713
0.000221612
0.000220348
0.000219158
0.000219319
0.000220436
0.000218035
0.000219586
0.000219825
0.000219369
0.000219054
0.000220944
0.000220344
0.000220266
0.000220321
0.000218903
0.000220667
0.000219691
0.000220854
0.000221407
0.000221162
0.00022028
0.000219792
0.000221563
0.000219595
0.000220317
0.000220025
0.000218791
0.000221368
0.000220929
0.000219678
0.000219499
0.000218799
0.00022125
0.000221027
0.000216734
0.000221488
0.000218606
0.000218702
0.000221345
0.000221276
0.000216957
0.000221047
0.00022124
0.000221791
0.000223043
0.000220422
0.000220715
0.00022057
0.000218627
0.000218464
0.000218093
0.000221889
0.000221872
0.000216109
0.000222051
0.000216687
0.000221017
0.000220179
0.000223074
0.000221105
0.000220999
0.000221426
0.000220602
0.000221628
0.000221866
0.000222812
0.000218985
0.000220205
0.000218686
0.000218936
0.000219792
0.000219216
0.000220549
0.00021912
0.000219677
0.000219221
0.000218784
0.000220734
0.000220708
0.000220467
0.000220295
0.000220735
0.000219321
0.000220654
0.000220409
0.000219871
0.000220411
0.0002204
0.000221982
0.000220848
0.000223611
0.000219986
0.000222243
0.000225928
0.000222078
0.00022108
0.000220353
0.000221102
0.000222185
0.000220383
0.000220745
0.000219162
0.000220026
0.000220837
0.000220421
0.000220351
0.000219388
0.000220806
0.000220308
0.000221092
0.000220343
0.000220385
0.000220802
0.000219655
0.000221665
0.000220608
0.000220147
0.000219125
0.000218777
0.000220987
0.000221559
0.000218171
0.000218781
0.000221174
0.000220815
0.000216734
0.000218224
0.00021916
0.000221506
0.000216947
0.000221185
0.00022076
0.000221398
0.000221503
0.000221197
0.000221822
0.000221116
0.000220621
0.000220826
0.000219354
0.000221107
0.000221637
0.000219337
0.000220801
0.000219208
0.000221085
0.000218187
0.000216617
0.000220743
0.000219966
0.000220184
0.000219341
0.000221808
0.000220664
0.000221367
0.000220017
0.000220704
0.000218916
0.000220238
0.000219918
0.000220141
0.000219595
0.000220357
0.000218965
0.000221569
0.000221422
0.000221317
0.00022105
0.000221426
0.000221052
0.000219747
0.000220786
0.000219912
0.000220762
0.000219427
0.000220952
0.000219207
0.000219964
0.000219051
0.000220503
0.000219824
0.000218731
0.000220095
0.00021973
0.000219998
0.000218335
0.000220345
0.000219529
0.000220184
0.00021944
0.0002188
0.000221342
0.000220826
0.000220669
0.000219976
0.000219076
0.000219557
0.000219112
0.000220221
0.000220872
0.000221737
0.000220072
0.000219291
0.000219593
0.000219743
0.000220896
0.000221136
0.000219439
0.000220532
0.000218975
0.000219961
0.000219989
0.00022042
0.000219462
0.000220175
0.000219884
0.000221919
0.000220749
0.000220506
0.000219608
0.000219324
0.000221015
0.000221328
0.000220484
0.000220625
0.000220173
0.000219496
0.000221457
0.000220755
0.000219584
0.000222068
0.000219613
0.000220171
0.000220905
0.000219999
0.000220141
0.00021928
0.000220407
0.000218828
0.000221043
0.000220948
0.000220397
0.000220623
0.000220696
0.00022129
0.000220959
0.000221614
0.000220036
0.000220488
0.000219693
0.000220627
0.000220089
0.000220934
0.000218355
0.000217954
0.000221394
0.000219995
0.000220499
0.000219317
0.000221207
0.00021876
0.000218633
0.00021975
0.000220536
0.000220954
0.000221113
0.000221687
0.000219984
0.000220944
0.00021913
0.000219039
0.000221363
0.000220033
0.000220038
0.000219209
0.000220831
0.000220212
0.000219156
0.000220909
0.000219923
0.000220813
0.000221079
0.000221092
0.000220121
0.000220254
0.000220045
0.000218975
0.000218841
0.000220596
0.000218682
0.000220363
0.000221077
0.000221484
0.000220696
0.000219054
0.000220684
0.000221327
0.000220794
0.000221157
0.000218475
0.000222116
0.00021979
0.000221372
0.000221262
0.000219088
0.000222373
0.000220708
0.000219914
0.000220724
0.000219157
0.000218978
0.000221321
0.000221844
0.000219388
0.000220011
0.000218076
0.000222783
0.000220744
0.000222566
0.000220255
0.000219767
0.000219833
0.000218769
0.000217732
0.000222843
0.000221403
0.000218235
0.000222557
0.000220064
0.000221997
0.000220061
0.00022344
0.000221156
0.000218004
0.00022104
0.000217386
0.000220814
0.000218626
0.000222852
0.000221603
0.000224453
0.000221426
0.000217966
0.00022229
0.000220794
0.000221319
0.000218733
0.00021752
0.000222162
0.000220348
0.000218373
0.000219183
0.000218663
0.000219961
0.000219451
0.000218608
0.000219028
0.000218785
0.000218471
0.000217441
0.000222522
0.000219956
0.000218563
0.000219461
0.000219564
0.000220166
0.000221312
0.000219952
0.000219578
0.000220513
0.000218697
0.000220678
0.000220983
0.000218932
0.00022015
0.000219091
0.000218617
0.000220522
0.000221087
0.000220279
0.0002196
0.000220208
0.000221121
0.000220499
0.000219044
0.000220468
0.000219497
0.000221486
0.000218743
0.000221666
0.000219687
0.000219772
0.000218462
0.000221881
0.000220339
0.000219503
0.00021888
0.000221933
0.000221199
0.00021927
0.000221393
0.000222975
0.000219709
0.000221854
0.000219231
0.000221266
0.000220566
0.000219567
0.000222579
0.00021852
0.000222222
0.000222357
0.000221884
0.000219796
0.000218061
0.000221236
0.000221601
0.000220923
0.00022085
0.000221122
0.000220989
0.000219127
0.000219384
0.000221126
0.000219203
0.000218837
0.000221941
0.000219292
0.000222036
0.000219989
0.000222058
0.000218494
0.000218766
0.00021799
0.000221161
0.000222018
0.000220585
0.000221452
0.000221738
0.000221207
0.000219439
0.000221325
0.000219693
0.000220991
0.000218929
0.000220841
0.000223053
0.000221108
0.000220244
0.000222693
0.000218588
0.000221018
0.000218809
0.000219629
0.000220443
0.000220903
0.000220387
0.000220756
0.000221215
0.000221262
0.000220779
0.000221694
0.000221317
0.000220731
0.000221212
0.000218891
0.000220466
0.000219418
0.00021895
0.000219464
0.00022053
0.00022002
0.000220041
0.000219009
0.000219005
0.00022093
0.000220542
0.000220739
0.000221255
0.0002186
0.000220249
0.000220448
0.000220343
0.000220817
0.000220717
0.000220453
0.000220459
0.000220695
0.000219915
0.00022315
0.00021763
0.000219543
0.000220051
0.000222061
0.000220533
0.000224304
0.000218262
0.000220014
0.0002219
0.000220964
0.000220122
0.000223576
0.000218369
0.000220285
0.000220604
0.000221263
0.000221647
0.000221069
0.000223431
0.000218182
0.000220354
0.000221397
0.000218571
0.000219742
0.000220482
0.000217357
0.000219814
0.000220416
0.000221314
0.000221487
0.000223561
0.000220143
0.000220147
0.00022358
0.000221251
0.000222138
0.000224539
0.000220565
0.000222381
0.000224935
0.000219096
0.000218231
0.000217188
0.000220739
0.000220759
0.00021697
0.0002209
0.000221524
0.000221114
0.000221368
0.000222477
0.000221691
0.00022068
0.000224917
0.000221372
0.000222062
0.000224505
0.000218387
0.000218682
0.00022023
0.00022044
0.000222779
0.000220879
0.000223477
0.000220276
0.000220307
0.000220803
0.000220721
0.00022231
0.000220267
0.000220769
0.00022051
0.000220733
0.000220674
0.000220511
0.000221756
0.00022221
0.000221406
0.000219953
0.000220489
0.000221301
0.00022093
0.000221383
0.000221108
0.000222774
0.000222054
0.00022088
0.000220437
0.000221199
0.000221243
0.000222241
0.000219009
0.000219353
0.000218365
0.000219223
0.000220316
0.000221954
0.000221546
0.000219609
0.000220385
0.000219658
0.000219867
0.000221412
0.000221223
0.000224929
0.000223224
0.000220999
0.000220651
0.000220729
0.000220844
0.000222286
0.00021866
0.000220195
0.000220436
0.00021864
0.000221937
0.000219423
0.000220547
0.000224025
0.000221599
0.000219332
0.000218795
0.000221377
0.000221579
0.000220531
0.000220858
0.000220933
0.00022084
0.000220668
0.000220864
0.000219448
0.000222402
0.000222342
0.000221371
0.000220912
0.000220994
0.000218465
0.000220712
0.000220682
0.000221827
0.000220083
0.000221213
0.000220799
0.000219458
0.000219654
0.000219056
0.000219624
0.000218611
0.000218135
0.000218523
0.000218358
0.000220542
0.000218371
0.000220646
0.000220735
0.000223841
0.000221827
0.000224469
0.000217991
0.000218559
0.000219234
0.000220966
0.000220309
0.0002203
0.000221179
0.000220316
0.000220216
0.000221403
0.000220899
0.000220484
0.000221134
0.000221011
0.000220854
0.000220728
0.000220989
0.000220861
0.000221118
0.000221887
0.000220792
0.00022131
0.000221013
0.000221629
0.000219295
0.000220506
0.000221295
0.000221381
0.000221882
0.000220558
0.000221266
0.00022287
0.000222265
0.000220566
0.000222237
0.000221183
0.000219101
0.000219277
0.00022108
0.000220931
0.000221029
0.000218
0.000222866
0.000221449
0.000221121
0.000220473
0.000220677
0.000220766
0.000220766
0.000222078
0.000220949
0.000219248
0.000221048
0.000222152
0.000222088
0.000220656
0.000220802
0.000221685
0.000221269
0.000221512
0.000221119
0.000218026
0.000222442
0.000222093
0.000221632
0.000221307
0.000221742
0.000220928
0.000220761
0.000221331
0.000220595
0.000221043
0.000222688
0.000220876
0.000221017
0.000222149
0.000222127
0.000222293
0.000220666
0.000219238
0.000221295
0.000219898
0.000220209
0.000221463
0.000221032
0.000220932
0.000221151
0.000220532
0.000220846
0.000221239
0.000222395
0.000221494
0.000220608
0.000220765
0.000221564
0.000222159
0.000221349
0.000219732
0.000221017
0.000221516
0.000218799
0.000221221
0.000220123
0.000223101
0.000220815
0.000220356
0.000223582
0.000218718
0.000222202
0.000219985
0.000220777
0.000219255
0.000221538
0.000219794
0.000217876
0.000219516
0.000219778
0.000218965
0.000218295
0.00022317
0.000220898
0.000220779
0.000221946
0.000219993
0.00022083
0.00022083
0.000220991
0.000220618
0.00022097
0.000221019
0.000221724
0.000222641
0.000221117
0.000221586
0.000220761
0.000220175
0.000220821
0.00022128
0.000221629
0.000220863
0.000223422
0.000220714
0.000221678
0.000223804
0.000218815
0.000217437
0.000220264
0.000218049
0.000219104
0.000218701
0.000221928
0.000220352
0.000219926
0.000221164
0.000219457
0.000221411
0.000222908
0.000220142
0.000219035
0.000218256
0.00021876
0.000217855
0.000221819
0.000220218
0.000221205
0.000221956
0.000220887
0.000220946
0.000220911
0.000222412
0.0002201
0.000222071
0.000219581
0.00022086
0.000222354
0.000222205
0.000221348
0.000219314
0.000219764
0.00021967
0.000216683
0.000220017
0.000218949
0.000223556
0.000219609
0.000219848
0.000219924
0.000221504
0.000221169
0.000223787
0.000219902
0.000217346
0.000219535
0.000220205
0.000222037
0.000224577
0.000221127
0.000220291
0.000221809
0.000217128
0.000221119
0.000221842
0.000220875
0.000220654
0.000221627
0.000221686
0.000220996
0.000221294
0.000220927
0.000221267
0.000221276
0.0002216
0.000221188
0.000222454
0.000221858
0.000220946
0.000219818
0.000219625
0.000219532
0.000220869
0.000220533
0.000223261
0.00021872
0.000220533
0.000218062
0.000219783
0.000219406
0.000221801
0.000223984
0.000220821
0.000224174
0.000219504
0.00021994
0.000221594
0.00021826
0.000220049
0.000217731
0.000219961
0.000220595
0.000220727
0.000221142
0.000221218
0.000221108
0.000221889
0.000221831
0.000221334
0.000221733
0.000221718
0.000222685
0.000219052
0.000216533
0.000219045
0.000218527
0.000220558
0.000219999
0.000220294
0.000220891
0.000221201
0.000220752
0.000221527
0.000220787
0.000220933
0.00022209
0.000219554
0.000221298
0.000222045
0.000221693
0.000221447
0.000220351
0.000220539
0.00022188
0.00022174
0.00022
0.000220067
0.000220941
0.000218674
0.0002212
0.000222399
0.0002207
0.000221346
0.000220634
0.000220846
0.000221376
0.000222648
0.000221494
0.00022099
0.000221743
0.000220128
0.000221392
0.00022316
0.00022079
0.000220257
0.000220484
0.000221209
0.000222465
0.000221904
0.000221684
0.000221339
0.000220482
0.000222692
0.000220721
0.000220912
0.000220664
0.000218673
0.000220942
0.000222477
0.000219196
0.000220738
0.000221002
0.000221921
0.000220855
0.000222006
)
;
        value           nonuniform List<scalar> 
1536
(
471.144
471.145
471.145
471.146
471.146
471.146
471.146
471.146
471.146
471.147
471.146
471.145
471.145
471.147
471.146
471.146
471.143
471.143
471.145
471.146
471.145
471.144
471.144
471.145
471.145
471.145
471.144
471.145
471.145
471.145
471.145
471.145
471.145
471.144
471.144
471.145
471.144
471.144
471.145
471.144
471.145
471.144
471.145
471.145
471.145
471.146
471.144
471.145
471.147
471.146
471.146
471.146
471.145
471.145
471.145
471.145
471.146
471.146
471.145
471.145
471.146
471.146
471.146
471.144
471.145
471.145
471.144
471.145
471.145
471.145
471.143
471.148
471.147
471.146
471.143
471.146
471.146
471.147
471.146
471.143
471.144
471.144
471.147
471.146
471.146
471.145
471.147
471.146
471.146
471.145
471.146
471.145
471.145
471.144
471.145
471.144
471.143
471.145
471.145
471.146
471.146
471.143
471.145
471.146
471.147
471.146
471.143
471.148
471.148
471.145
471.146
471.146
471.144
471.145
471.147
471.147
471.148
471.145
471.145
471.145
471.146
471.146
471.145
471.145
471.144
471.144
471.145
471.146
471.144
471.144
471.145
471.145
471.145
471.146
471.146
471.144
471.145
471.144
471.147
471.146
471.145
471.145
471.145
471.145
471.146
471.146
471.143
471.144
471.145
471.142
471.142
471.145
471.145
471.144
471.145
471.145
471.143
471.145
471.141
471.144
471.143
471.145
471.144
471.144
471.144
471.144
471.144
471.144
471.142
471.144
471.146
471.146
471.147
471.146
471.147
471.146
471.143
471.146
471.145
471.141
471.144
471.143
471.144
471.143
471.145
471.142
471.144
471.146
471.147
471.146
471.148
471.146
471.146
471.145
471.147
471.148
471.145
471.145
471.147
471.146
471.146
471.147
471.145
471.144
471.144
471.146
471.147
471.145
471.145
471.146
471.146
471.146
471.147
471.146
471.146
471.145
471.147
471.147
471.147
471.149
471.145
471.146
471.145
471.146
471.147
471.145
471.145
471.146
471.146
471.147
471.146
471.147
471.145
471.145
471.144
471.144
471.144
471.145
471.146
471.147
471.147
471.146
471.144
471.146
471.148
471.147
471.146
471.145
471.144
471.144
471.147
471.146
471.147
471.145
471.145
471.146
471.146
471.146
471.145
471.143
471.143
471.144
471.146
471.142
471.144
471.145
471.145
471.146
471.144
471.144
471.144
471.145
471.145
471.146
471.146
471.145
471.145
471.146
471.146
471.144
471.144
471.144
471.145
471.145
471.147
471.147
471.147
471.145
471.145
471.144
471.144
471.146
471.146
471.147
471.146
471.146
471.148
471.148
471.148
471.149
471.147
471.148
471.147
471.146
471.146
471.142
471.143
471.144
471.143
471.145
471.142
471.144
471.147
471.147
471.147
471.146
471.147
471.146
471.145
471.145
471.144
471.146
471.145
471.146
471.144
471.144
471.144
471.145
471.145
471.144
471.144
471.145
471.146
471.147
471.147
471.146
471.146
471.145
471.146
471.145
471.146
471.145
471.145
471.145
471.146
471.147
471.148
471.148
471.147
471.148
471.148
471.147
471.145
471.145
471.145
471.144
471.146
471.144
471.146
471.144
471.144
471.144
471.146
471.146
471.144
471.145
471.146
471.146
471.147
471.147
471.146
471.146
471.146
471.147
471.147
471.145
471.146
471.145
471.144
471.144
471.145
471.145
471.144
471.146
471.147
471.145
471.144
471.144
471.144
471.144
471.144
471.146
471.146
471.148
471.147
471.146
471.146
471.146
471.145
471.147
471.146
471.145
471.146
471.145
471.146
471.148
471.146
471.146
471.145
471.146
471.147
471.148
471.147
471.148
471.148
471.147
471.147
471.146
471.146
471.146
471.144
471.147
471.146
471.145
471.145
471.144
471.146
471.146
471.145
471.145
471.146
471.146
471.145
471.147
471.146
471.147
471.147
471.145
471.145
471.145
471.146
471.146
471.145
471.146
471.147
471.148
471.148
471.148
471.148
471.148
471.148
471.146
471.146
471.143
471.143
471.144
471.142
471.144
471.143
471.144
471.146
471.145
471.145
471.144
471.144
471.144
471.144
471.146
471.144
471.144
471.144
471.145
471.145
471.144
471.145
471.143
471.147
471.146
471.146
471.145
471.147
471.146
471.146
471.145
471.146
471.146
471.145
471.145
471.143
471.141
471.144
471.142
471.143
471.143
471.148
471.147
471.145
471.145
471.145
471.146
471.141
471.144
471.143
471.143
471.145
471.144
471.14
471.147
471.147
471.147
471.148
471.147
471.146
471.146
471.145
471.146
471.145
471.145
471.144
471.146
471.146
471.146
471.143
471.146
471.145
471.144
471.144
471.147
471.148
471.146
471.147
471.146
471.147
471.147
471.147
471.147
471.146
471.146
471.145
471.147
471.145
471.146
471.145
471.147
471.146
471.146
471.145
471.145
471.147
471.147
471.146
471.145
471.144
471.146
471.145
471.143
471.144
471.142
471.144
471.144
471.145
471.145
471.144
471.142
471.145
471.143
471.144
471.146
471.142
471.146
471.145
471.144
471.145
471.144
471.144
471.143
471.145
471.145
471.143
471.144
471.145
471.142
471.143
471.144
471.144
471.144
471.145
471.146
471.144
471.145
471.144
471.146
471.145
471.146
471.146
471.146
471.147
471.146
471.147
471.146
471.145
471.145
471.145
471.146
471.147
471.145
471.145
471.145
471.146
471.147
471.141
471.145
471.143
471.143
471.144
471.144
471.141
471.147
471.147
471.146
471.148
471.147
471.146
471.146
471.145
471.143
471.142
471.145
471.145
471.141
471.144
471.141
471.144
471.145
471.148
471.148
471.148
471.147
471.146
471.147
471.147
471.148
471.145
471.145
471.145
471.144
471.145
471.144
471.145
471.144
471.144
471.144
471.144
471.145
471.146
471.146
471.145
471.145
471.144
471.146
471.146
471.146
471.146
471.145
471.148
471.146
471.148
471.146
471.149
471.15
471.147
471.147
471.147
471.146
471.148
471.147
471.147
471.145
471.146
471.147
471.147
471.146
471.145
471.146
471.147
471.147
471.147
471.146
471.146
471.146
471.147
471.147
471.146
471.145
471.145
471.146
471.147
471.144
471.145
471.146
471.145
471.143
471.144
471.144
471.146
471.143
471.147
471.146
471.147
471.147
471.147
471.147
471.147
471.146
471.146
471.144
471.146
471.146
471.145
471.145
471.144
471.146
471.143
471.142
471.146
471.145
471.146
471.145
471.147
471.146
471.147
471.145
471.145
471.144
471.146
471.146
471.146
471.145
471.145
471.145
471.148
471.148
471.147
471.148
471.148
471.147
471.146
471.146
471.145
471.145
471.144
471.146
471.144
471.144
471.144
471.145
471.144
471.144
471.145
471.145
471.145
471.144
471.146
471.146
471.146
471.145
471.145
471.147
471.147
471.146
471.145
471.145
471.146
471.145
471.146
471.146
471.148
471.144
471.145
471.144
471.145
471.146
471.147
471.144
471.145
471.144
471.145
471.145
471.145
471.144
471.145
471.145
471.146
471.147
471.146
471.146
471.145
471.147
471.147
471.147
471.146
471.146
471.146
471.147
471.147
471.145
471.147
471.146
471.146
471.147
471.146
471.147
471.145
471.146
471.145
471.147
471.147
471.146
471.146
471.146
471.147
471.147
471.147
471.145
471.145
471.145
471.146
471.146
471.146
471.143
471.143
471.147
471.145
471.145
471.145
471.146
471.144
471.144
471.146
471.146
471.146
471.147
471.147
471.146
471.146
471.145
471.145
471.147
471.146
471.146
471.145
471.147
471.147
471.145
471.146
471.146
471.146
471.147
471.147
471.146
471.146
471.146
471.145
471.145
471.147
471.144
471.146
471.146
471.148
471.146
471.145
471.146
471.147
471.146
471.146
471.145
471.147
471.145
471.146
471.147
471.144
471.147
471.146
471.146
471.145
471.143
471.145
471.146
471.147
471.146
471.146
471.144
471.146
471.145
471.147
471.144
471.146
471.146
471.143
471.143
471.147
471.146
471.144
471.147
471.145
471.147
471.145
471.147
471.145
471.144
471.146
471.142
471.145
471.143
471.148
471.146
471.148
471.146
471.144
471.147
471.145
471.146
471.143
471.143
471.147
471.145
471.144
471.144
471.144
471.145
471.145
471.144
471.145
471.144
471.143
471.144
471.148
471.145
471.145
471.145
471.145
471.145
471.147
471.146
471.145
471.146
471.144
471.146
471.146
471.145
471.146
471.144
471.144
471.146
471.146
471.147
471.146
471.147
471.146
471.147
471.145
471.146
471.144
471.146
471.143
471.146
471.143
471.145
471.145
471.146
471.145
471.145
471.143
471.147
471.146
471.145
471.147
471.147
471.144
471.145
471.143
471.146
471.146
471.143
471.146
471.142
471.147
471.148
471.147
471.145
471.143
471.146
471.148
471.146
471.146
471.147
471.147
471.144
471.143
471.146
471.144
471.143
471.147
471.144
471.146
471.144
471.147
471.144
471.144
471.143
471.146
471.147
471.146
471.146
471.148
471.147
471.146
471.147
471.143
471.145
471.142
471.146
471.149
471.147
471.145
471.146
471.143
471.145
471.142
471.145
471.146
471.147
471.146
471.146
471.146
471.147
471.146
471.148
471.147
471.147
471.147
471.144
471.145
471.145
471.145
471.144
471.146
471.146
471.146
471.144
471.144
471.146
471.146
471.147
471.146
471.144
471.145
471.147
471.146
471.146
471.146
471.147
471.146
471.146
471.146
471.148
471.143
471.144
471.146
471.148
471.145
471.149
471.143
471.144
471.147
471.146
471.145
471.147
471.144
471.145
471.147
471.146
471.147
471.145
471.148
471.143
471.145
471.148
471.143
471.145
471.147
471.142
471.144
471.147
471.147
471.147
471.148
471.146
471.146
471.148
471.147
471.146
471.148
471.146
471.147
471.149
471.144
471.143
471.142
471.145
471.147
471.142
471.145
471.148
471.147
471.146
471.147
471.147
471.145
471.15
471.147
471.146
471.149
471.143
471.143
471.146
471.146
471.148
471.147
471.148
471.146
471.146
471.146
471.146
471.148
471.145
471.147
471.145
471.145
471.146
471.146
471.147
471.147
471.146
471.145
471.146
471.146
471.147
471.148
471.148
471.148
471.147
471.146
471.146
471.147
471.147
471.147
471.144
471.144
471.144
471.144
471.147
471.147
471.146
471.144
471.145
471.146
471.146
471.147
471.148
471.149
471.147
471.145
471.145
471.145
471.145
471.147
471.144
471.145
471.147
471.145
471.146
471.146
471.146
471.148
471.146
471.144
471.145
471.147
471.146
471.145
471.146
471.146
471.146
471.147
471.147
471.145
471.148
471.147
471.145
471.146
471.145
471.145
471.146
471.146
471.147
471.146
471.148
471.147
471.146
471.145
471.145
471.145
471.144
471.143
471.145
471.143
471.145
471.143
471.146
471.146
471.148
471.148
471.149
471.144
471.144
471.145
471.146
471.146
471.146
471.147
471.146
471.146
471.147
471.146
471.146
471.147
471.147
471.146
471.146
471.146
471.146
471.146
471.147
471.146
471.146
471.146
471.147
471.144
471.146
471.146
471.146
471.147
471.147
471.146
471.148
471.147
471.146
471.148
471.147
471.145
471.145
471.147
471.147
471.147
471.143
471.147
471.145
471.146
471.146
471.146
471.146
471.146
471.146
471.146
471.144
471.146
471.147
471.148
471.146
471.147
471.147
471.146
471.147
471.147
471.143
471.146
471.147
471.146
471.146
471.146
471.146
471.145
471.146
471.146
471.147
471.148
471.147
471.147
471.148
471.147
471.148
471.146
471.146
471.147
471.146
471.146
471.146
471.146
471.147
471.147
471.145
471.146
471.147
471.148
471.147
471.146
471.147
471.147
471.148
471.146
471.146
471.147
471.147
471.144
471.147
471.144
471.147
471.147
471.144
471.147
471.143
471.146
471.146
471.146
471.144
471.147
471.145
471.143
471.144
471.146
471.144
471.143
471.149
471.146
471.146
471.147
471.144
471.146
471.145
471.145
471.145
471.145
471.145
471.145
471.148
471.146
471.147
471.146
471.146
471.147
471.147
471.146
471.144
471.147
471.146
471.145
471.147
471.142
471.143
471.145
471.143
471.144
471.145
471.145
471.146
471.145
471.146
471.143
471.146
471.147
471.145
471.145
471.144
471.144
471.143
471.147
471.145
471.146
471.146
471.146
471.146
471.146
471.148
471.146
471.148
471.145
471.146
471.147
471.146
471.146
471.144
471.145
471.145
471.143
471.144
471.143
471.147
471.144
471.145
471.146
471.147
471.147
471.148
471.144
471.143
471.144
471.146
471.148
471.148
471.146
471.146
471.147
471.141
471.145
471.145
471.146
471.145
471.146
471.147
471.145
471.146
471.146
471.147
471.147
471.147
471.147
471.148
471.147
471.144
471.143
471.145
471.145
471.146
471.146
471.147
471.145
471.145
471.144
471.145
471.143
471.146
471.147
471.146
471.148
471.145
471.146
471.147
471.144
471.145
471.144
471.145
471.145
471.146
471.146
471.147
471.146
471.148
471.147
471.147
471.147
471.148
471.148
471.144
471.142
471.144
471.144
471.146
471.146
471.146
471.146
471.146
471.146
471.146
471.146
471.146
471.147
471.144
471.146
471.146
471.147
471.147
471.146
471.146
471.147
471.147
471.146
471.146
471.147
471.143
471.145
471.147
471.145
471.146
471.145
471.146
471.146
471.148
471.146
471.147
471.147
471.145
471.147
471.149
471.146
471.145
471.145
471.146
471.147
471.146
471.147
471.148
471.146
471.148
471.146
471.146
471.146
471.144
471.146
471.147
471.144
471.146
471.146
471.147
471.146
471.148
)
;
        Tnbr            T;
        thicknessLayers 0();
        kappaLayers     0();
        kappaMethod     solidThermo;
        kappa           none;
        alphaAni        none;
        alpha           none;
    }
}


// ************************************************************************* //
