/*--------------------------------*- C++ -*----------------------------------*\
| =========                 |                                                 |
| \\      /  F ield         | OpenFOAM: The Open Source CFD Toolbox           |
|  \\    /   O peration     | Version:  v1912                                 |
|   \\  /    A nd           | Website:  www.openfoam.com                      |
|    \\/     M anipulation  |                                                 |
\*---------------------------------------------------------------------------*/
FoamFile
{
    version     2.0;
    format      ascii;
    class       volScalarField;
    location    "422/sphere";
    object      ddt0((betavSolid*thermo:rho),h);
}
// * * * * * * * * * * * * * * * * * * * * * * * * * * * * * * * * * * * * * //

dimensions      [1 -1 -3 0 0 0 0];


internalField   nonuniform List<scalar> 
6600
(
-50457.5
-50466.9
-50466
-50487.2
-50460.6
-50460.3
-50466.6
-50528.8
-50542.1
-50503.9
-50465.7
-50541.7
-50554.7
-50518.3
-50498.5
-50517.8
-50487.5
-50465.7
-50486.3
-50460.7
-50465.7
-50541.3
-50554.7
-50518.4
-50484.5
-50554.4
-50567.3
-50531.5
-50466.6
-50458.8
-50517.4
-50530.4
-50507.6
-50465
-50460.1
-50502.5
-50518.4
-50485
-50459.3
-50517.3
-50530.9
-50507.4
-50483.4
-50507
-50472.4
-50465.4
-50465.5
-50465.4
-50464.5
-50465.5
-50458
-50487.3
-50467.7
-50518.2
-50504.4
-50531.1
-50519
-50504.2
-50530.9
-50518.3
-50466.9
-50458
-50487.1
-50467.5
-50518.5
-50518
-50504.1
-50487.1
-50467.3
-50467.2
-50458.2
-50464.4
-50464.4
-50464
-50463.5
-50460.9
-50463.5
-50464.2
-50461.2
-50463.4
-50464.1
-50461
-50464.6
-50469.8
-50460.1
-50459.9
-50483.9
-50506.9
-50460
-50460.2
-50507.1
-50485.1
-50472.5
-50459.6
-50483.7
-50459.3
-50506.7
-50466.3
-50466
-50485.9
-50503.4
-50518
-50517.6
-50530.4
-50464.4
-50474.9
-50472.1
-50494.1
-50487.6
-50482.6
-50497
-50460.6
-50484.9
-50507.6
-50460.7
-50459.7
-50459.5
-50506.7
-50483.9
-50485.9
-50457.2
-50466.8
-50517.8
-50530.2
-50503.5
-50517.7
-50467.7
-50467.5
-50458.1
-50530.9
-50518.9
-50518.3
-50504.5
-50507.6
-50460.6
-50485.2
-50469.7
-50459.9
-50483.6
-50506.9
-50460
-50507.1
-50485
-50460.3
-50472.5
-50464.4
-50465
-50483.4
-50459.6
-50459.2
-50506.4
-50466.2
-50498.6
-50517.5
-50465.9
-50485.5
-50517.5
-50529.9
-50458.1
-50518.1
-50504.3
-50486.3
-50467.2
-50530.4
-50518.4
-50487.5
-50460.4
-50507.5
-50460.4
-50463.5
-50498.5
-50465.8
-50517
-50465.6
-50517.2
-50484.5
-50529.2
-50458.2
-50518.6
-50467.8
-50518.2
-50467.6
-50531.4
-50488.6
-50466.6
-50463.5
-50517.1
-50498.5
-50484.5
-50529.7
-50465.7
-50517.6
-50467.5
-50504.4
-50458.5
-50531.3
-50488.6
-50518.7
-50467.6
-50466.6
-50483.6
-50458.8
-50506.6
-50459.4
-50517.6
-50466.3
-50517.3
-50529.9
-50465.7
-50485.5
-50504.1
-50466.6
-50458.1
-50530.5
-50518.5
-50486.3
-50467.5
-50507.5
-50460.7
-50460.4
-50464.5
-50465.1
-50464.5
-50465.1
-50459.4
-50458.8
-50506.4
-50483.3
-50485.6
-50517.2
-50529.8
-50466.4
-50498.4
-50517.8
-50467.2
-50530.4
-50518.3
-50466.5
-50458
-50518.1
-50504.2
-50507.5
-50460.5
-50487.4
-50463.5
-50517.1
-50484.5
-50529.2
-50498.3
-50465.6
-50517.5
-50467.8
-50531.4
-50488.6
-50504.1
-50458.3
-50518.5
-50467.6
-50466.6
-50463.4
-50529.6
-50465.7
-50517.1
-50465.5
-50517.7
-50498.5
-50488.7
-50519
-50467.8
-50518.6
-50467.8
-50504.4
-50458.5
-50506.5
-50459.5
-50483.4
-50529.7
-50465.7
-50485.5
-50498.3
-50517.5
-50466.3
-50518.6
-50486.2
-50467.4
-50517.8
-50504.2
-50466.7
-50458
-50460.7
-50460.3
-50487.6
-50464.5
-50469.4
-50459.8
-50483.4
-50506.9
-50459.6
-50507.1
-50485.1
-50460.2
-50472.4
-50483.7
-50459.2
-50506.4
-50459.6
-50517.7
-50517
-50530
-50457.3
-50466.6
-50466
-50485.8
-50507.4
-50460.4
-50460.7
-50506.4
-50483.4
-50459.5
-50530.1
-50502.8
-50517.6
-50466.2
-50485.7
-50457.3
-50466.6
-50460.7
-50484.8
-50460.4
-50469.5
-50506.8
-50459.8
-50459.9
-50484.9
-50460.2
-50460.2
-50458.9
-50456.9
-50456.5
-50458.5
-50457.2
-50459.9
-50457.4
-50459.5
-50457.4
-50459.5
-50457.3
-50459.1
-50457.1
-50456
-50456.4
-50461.4
-50461
-50457.7
-50464
-50463.3
-50460.7
-50459.7
-50457.2
-50458.9
-50457.1
-50461.3
-50461.1
-50467.5
-50487.9
-50468.1
-50476.6
-50476.6
-50464.5
-50476
-50472.3
-50494.4
-50488.4
-50482.7
-50497.9
-50464.2
-50474.9
-50471.9
-50493.9
-50487.6
-50482.5
-50496.9
-50461.2
-50461.2
-50467.4
-50487.7
-50467.7
-50476.5
-50476.4
-50464.7
-50475.6
-50472.4
-50494.2
-50488.1
-50482.8
-50497.6
-50475.4
-50464.6
-50472.2
-50494.1
-50487.9
-50497.5
-50482.8
-50475.2
-50464.4
-50472.1
-50493.9
-50487.6
-50497
-50482.6
-50461.2
-50461.2
-50467.4
-50487.8
-50468.1
-50476.7
-50476.7
-50457.3
-50456.2
-50461.4
-50460.8
-50457.4
-50461.3
-50460.7
-50457.3
-50457.1
-50460.5
-50460.3
-50466.2
-50486.5
-50467.1
-50475.9
-50475.7
-50460.2
-50465.4
-50458.4
-50472.4
-50492.4
-50463.3
-50486.6
-50469.6
-50495.6
-50481.5
-50458.5
-50475.3
-50461.2
-50462.7
-50471.5
-50457.9
-50459.7
-50464.8
-50458.2
-50461.1
-50474.6
-50471.2
-50462.3
-50482.7
-50459.2
-50465.4
-50458.9
-50473.6
-50464
-50474
-50493.3
-50464.1
-50487.1
-50473.1
-50482.5
-50470.5
-50496.1
-50458.6
-50460.3
-50465.6
-50482.6
-50465
-50458.5
-50458.8
-50473.1
-50473.6
-50463.8
-50491.2
-50486.1
-50462.5
-50472.2
-50480.6
-50495.1
-50468.7
-50459.8
-50457.6
-50457.6
-50458.8
-50464
-50467.6
-50472.5
-50472
-50497.7
-50461.6
-50482
-50481.3
-50457.3
-50491.3
-50472.5
-50486.1
-50462.6
-50495.1
-50468.9
-50480.5
-50499.5
-50483.4
-50505.9
-50480.5
-50503
-50477.1
-50502.4
-50461.5
-50475.2
-50458
-50462.7
-50471.6
-50491.2
-50486.1
-50472.2
-50462.8
-50495.1
-50480.6
-50468.8
-50460.2
-50457.9
-50497.5
-50504.3
-50478.9
-50478.7
-50501
-50500.8
-50473.9
-50464.8
-50464.7
-50461.7
-50460.5
-50473.8
-50457.1
-50461.7
-50470.2
-50456.2
-50463.6
-50461.7
-50459.3
-50457.7
-50458.9
-50464.2
-50461
-50458.2
-50474.3
-50470.9
-50462
-50457.6
-50459
-50464.4
-50497.3
-50470.7
-50481.6
-50467.2
-50470.6
-50481.1
-50460.4
-50460.3
-50473.6
-50457.6
-50470.6
-50461.5
-50466.5
-50496.5
-50469.4
-50469.3
-50480.4
-50480.3
-50459.7
-50461
-50462.3
-50462.3
-50458.4
-50456.3
-50460.9
-50461.3
-50457.3
-50456.6
-50460.3
-50460.1
-50460.1
-50458.1
-50459.5
-50465
-50458.1
-50474.3
-50460.8
-50462
-50470.9
-50457.7
-50459.2
-50464.2
-50460.7
-50457.5
-50474.2
-50462.1
-50470.3
-50466.6
-50470
-50469.2
-50496.7
-50459.8
-50481
-50479.9
-50457.9
-50474.5
-50471.2
-50461
-50462.1
-50460.2
-50465.4
-50458.5
-50461
-50458.3
-50474.5
-50462.2
-50471.2
-50458.4
-50460.3
-50465.4
-50470.7
-50497.3
-50481.5
-50467.3
-50470.7
-50460.4
-50481.1
-50461.2
-50462.2
-50462.1
-50458.3
-50457.9
-50459.5
-50465
-50457.6
-50460.7
-50474.4
-50470.9
-50462
-50457.7
-50458.9
-50463.9
-50466.5
-50469.7
-50469
-50496.6
-50459.6
-50480.8
-50479.7
-50460.7
-50457.1
-50474
-50462
-50470.3
-50473
-50463.5
-50487
-50469.8
-50496.1
-50492.7
-50481.8
-50463.3
-50472.5
-50469.6
-50492.5
-50486.6
-50481.7
-50495.7
-50458.2
-50475.2
-50471.4
-50461.1
-50462.8
-50470.7
-50497.2
-50481.3
-50467.2
-50470.4
-50460.4
-50481.2
-50458.6
-50460.4
-50465.6
-50461.3
-50458.7
-50475
-50462.5
-50471.6
-50460.6
-50457.4
-50474.3
-50462
-50470.8
-50457.7
-50459.7
-50464.8
-50460.5
-50473.8
-50457
-50461.8
-50470
-50457.5
-50458.7
-50463.8
-50466.3
-50470
-50496.6
-50469.1
-50480.7
-50459.7
-50479.7
-50479.7
-50480.2
-50505.8
-50498.6
-50474.9
-50502
-50502.3
-50486.4
-50460.4
-50460.5
-50467.1
-50466.3
-50475.4
-50475.8
-50473.5
-50492.6
-50463.8
-50487.2
-50469.9
-50496.3
-50481.8
-50475.9
-50464.8
-50488.5
-50472.2
-50497.9
-50494.4
-50483.2
-50475.4
-50464.7
-50472.4
-50494.2
-50487.9
-50497.2
-50482.8
-50461.3
-50461
-50467.5
-50488
-50468
-50476.9
-50476.6
-50458.6
-50460.3
-50465.7
-50461.3
-50475
-50458.3
-50462.5
-50471.4
-50467.5
-50470.8
-50497.5
-50470.9
-50481.8
-50460.4
-50481.3
-50458.6
-50460.3
-50465.5
-50460.8
-50460.4
-50460.2
-50460.9
-50457.6
-50474.4
-50470.9
-50462.2
-50466.4
-50470
-50496.5
-50469.1
-50480.6
-50459.3
-50479.7
-50457.9
-50459
-50464.2
-50460.9
-50474.3
-50457.9
-50462.2
-50470.6
-50458.5
-50460.2
-50465.4
-50467.1
-50470.7
-50497.3
-50470.6
-50481.6
-50460.2
-50481
-50461.3
-50474.6
-50458.1
-50462.3
-50471.4
-50458.4
-50460.1
-50465.2
-50461.1
-50462.4
-50462.3
-50458.5
-50456.7
-50456.4
-50461.1
-50460.6
-50457.1
-50457.5
-50461.8
-50463.6
-50459.7
-50459.3
-50457.1
-50457.7
-50459.1
-50464.5
-50457.6
-50458.9
-50464
-50466.3
-50469.3
-50469
-50496.3
-50459.6
-50480.3
-50479.6
-50460.5
-50457.6
-50473.8
-50470.5
-50461.6
-50460.5
-50457.1
-50473.6
-50470.1
-50461.6
-50491.4
-50463.2
-50486.5
-50472.7
-50480.9
-50469.1
-50495.5
-50491.5
-50463.3
-50472.2
-50486.4
-50469
-50481.6
-50495.2
-50497.9
-50479.6
-50479.2
-50505.2
-50474.3
-50501.7
-50501.4
-50487.3
-50461
-50468.1
-50461
-50476.5
-50466.8
-50476.4
-50499.6
-50480.5
-50483.4
-50505.9
-50477
-50502.4
-50503
-50493.6
-50464.2
-50475
-50487.9
-50471.3
-50482.7
-50497.1
-50467.7
-50472.2
-50472.1
-50497.8
-50461.5
-50481.7
-50481.7
-50458.6
-50460.5
-50465.7
-50461.2
-50458.2
-50474.8
-50471.4
-50462.3
-50461.3
-50458.3
-50474.9
-50471.4
-50462.4
-50455.6
-50456
-50460.3
-50460.3
-50456.8
-50491.1
-50462.7
-50486.2
-50472.1
-50480.7
-50468.7
-50494.9
-50491.2
-50462.6
-50486
-50472.1
-50480.8
-50468.7
-50495
-50497.6
-50478.7
-50478.9
-50504.3
-50474
-50500.9
-50501.1
-50488.1
-50468.1
-50461.4
-50461.3
-50476.8
-50476.8
-50467.6
-50494.7
-50464.9
-50488.4
-50476.2
-50483.2
-50472.7
-50498.2
-50494.4
-50464.6
-50488.2
-50476
-50482.9
-50472.2
-50497.9
-50500.9
-50484.9
-50485
-50508
-50479.4
-50504.5
-50504.4
-50460.1
-50457.4
-50460.1
-50457.3
-50464.6
-50464.7
-50461.4
-50456.1
-50460.5
-50460.3
-50457.2
-50455.7
-50482.9
-50458.6
-50465.1
-50458.7
-50473.3
-50463.7
-50473.7
-50497.7
-50479.2
-50504.3
-50478.8
-50501.1
-50474.3
-50501
-50491.4
-50462.8
-50472.3
-50486.2
-50468.7
-50481.1
-50495.1
-50494.5
-50488.2
-50464.6
-50475.9
-50482.9
-50497.9
-50472.5
-50488.2
-50461.6
-50468.4
-50461.4
-50476.8
-50467.7
-50476.9
-50500.9
-50485
-50508
-50485.1
-50504.4
-50479.6
-50504.4
-50494.5
-50464.6
-50476
-50488.3
-50472.4
-50482.9
-50498
-50464.7
-50464.8
-50461.6
-50460
-50457.5
-50466.3
-50468.9
-50469.6
-50496.4
-50459.5
-50479.7
-50480.3
-50457.7
-50459.1
-50464.2
-50460.6
-50457
-50473.9
-50470.5
-50461.9
-50460.5
-50457.4
-50473.9
-50470.3
-50461.7
-50482.7
-50465.1
-50458.9
-50458.8
-50473.6
-50473.6
-50463.9
-50491.6
-50486.7
-50463.1
-50473
-50481.2
-50495.7
-50469.2
-50491.2
-50462.9
-50486.2
-50472.1
-50481
-50468.9
-50495
-50498.1
-50480
-50505.2
-50479.3
-50502
-50474.9
-50501.3
-50493.1
-50487
-50463.9
-50473.4
-50482
-50496.2
-50470.5
-50487.1
-50468.1
-50460.7
-50461
-50476
-50476.5
-50466.7
-50499.6
-50480.6
-50505.8
-50483.5
-50502.5
-50477
-50503
-50493.6
-50464.3
-50488.1
-50475.4
-50482.5
-50471.5
-50497.3
-50458.6
-50460.5
-50465.7
-50458.4
-50460.3
-50465.4
-50461.2
-50458.4
-50474.8
-50471.3
-50462.3
-50461.3
-50457.9
-50475
-50471.4
-50462.5
-50457.2
-50456.5
-50461.4
-50460.8
-50458
-50461.8
-50463.7
-50459.8
-50459.3
-50457.1
-50456.4
-50460.9
-50461.3
-50458
-50456.8
-50463.6
-50461.8
-50459.6
-50459.1
-50456.9
-50456.9
-50460.5
-50473.7
-50457.2
-50461.6
-50470.1
-50460.3
-50473.6
-50456.5
-50461.6
-50470.1
-50457.5
-50458.9
-50463.9
-50457.6
-50459.1
-50464.1
-50466.2
-50496.2
-50468.8
-50469.3
-50479.6
-50480.1
-50459.5
-50498.1
-50479.5
-50505.3
-50479.9
-50501.5
-50474.8
-50501.9
-50482.6
-50458.6
-50459
-50465
-50463.9
-50473.3
-50473.7
-50491.6
-50472.9
-50463.2
-50486.7
-50469.3
-50495.8
-50481.3
-50493.5
-50475
-50488
-50464.1
-50497.1
-50471.2
-50482.4
-50493.2
-50473.3
-50464
-50487
-50470.3
-50496.2
-50482.1
-50487.1
-50461
-50460.7
-50467.8
-50466.6
-50476.4
-50476.1
-50461.4
-50474.9
-50458.7
-50462.5
-50471.4
-50458.4
-50460.2
-50465.5
-50467.5
-50497.6
-50472.2
-50471.8
-50481.7
-50481.2
-50461.5
-50458.3
-50460.3
-50465.5
-50456.2
-50460.4
-50460.3
-50457.2
-50455.9
-50497.7
-50479
-50504.3
-50478.8
-50501.1
-50474.3
-50500.9
-50482.5
-50458.4
-50465
-50458.7
-50473.4
-50463.6
-50473.7
-50491.3
-50471.8
-50462.9
-50486.1
-50468.8
-50494.9
-50481.1
-50494.5
-50488.3
-50476.1
-50464.8
-50498
-50483.1
-50472.6
-50500.9
-50485.1
-50508
-50485
-50504.4
-50479.8
-50504.4
-50488.1
-50461.4
-50468
-50461.2
-50477
-50467.7
-50476.7
-50494.4
-50476
-50464.6
-50488.3
-50472.5
-50497.9
-50482.9
-50464.8
-50464.7
-50461.7
-50459.9
-50457.7
-50460.3
-50460.2
-50456.9
-50455.7
-50455.8
-50491.1
-50472
-50486.2
-50462.7
-50495
-50468.6
-50480.7
-50491.3
-50471.8
-50486.1
-50463
-50494.8
-50468.7
-50481.6
-50482.4
-50458.2
-50458.9
-50465
-50463.6
-50473.3
-50473.9
-50501
-50508.1
-50485.1
-50485.1
-50504.5
-50504.4
-50479.7
-50494.6
-50476.2
-50488.4
-50464.8
-50498.1
-50472.5
-50482.8
-50494.5
-50476.1
-50488.4
-50464.8
-50498.1
-50472.6
-50483
-50488.1
-50461.3
-50461.5
-50468.3
-50467.7
-50476.8
-50476.8
-50460.1
-50457.7
-50460
-50457.6
-50460.4
-50473.8
-50457.7
-50461.7
-50470.6
-50457.3
-50458.8
-50463.8
-50466.3
-50496.3
-50469.1
-50469.5
-50479.7
-50480.3
-50459.4
-50457.8
-50459
-50464.3
-50491.6
-50486.2
-50471.9
-50463.1
-50495
-50481.4
-50469
-50498
-50505.2
-50479.4
-50479.8
-50501.4
-50501.8
-50474.6
-50482.9
-50459.1
-50465
-50458.8
-50474
-50464.2
-50473.4
-50491.5
-50472.8
-50486.6
-50462.9
-50495.6
-50469.1
-50480.8
-50499.5
-50505.8
-50483.4
-50480.3
-50502.9
-50502.3
-50476.7
-50493.7
-50488
-50475.3
-50464.2
-50497.3
-50482.7
-50471.4
-50493.2
-50473.2
-50487
-50464.3
-50496.1
-50470.4
-50482.1
-50487.3
-50461.1
-50467.8
-50460.9
-50476.5
-50466.9
-50476.1
-50461.4
-50474.9
-50458.4
-50462.4
-50471.3
-50461.3
-50474.9
-50458.2
-50462.4
-50471.4
-50467.7
-50497.9
-50472.5
-50471.9
-50482.2
-50481.3
-50461.6
-50458.8
-50460.5
-50465.7
-50458.4
-50460.2
-50465.4
-50460.8
-50461.3
-50457.5
-50456.8
-50459.2
-50456.8
-50457
-50459.9
-50460
-50460.4
-50460.9
-50457.8
-50474.3
-50470.7
-50462.2
-50466.3
-50469.4
-50496.3
-50469.3
-50480.2
-50459.4
-50480.2
-50457.9
-50459.5
-50464.7
-50474.4
-50457
-50460.9
-50462.2
-50470.8
-50458.5
-50460.2
-50465.3
-50497.2
-50470.5
-50480.9
-50467.1
-50470.8
-50481.5
-50460.4
-50458.3
-50474.6
-50471.2
-50461
-50462.2
-50459.7
-50465.2
-50458.3
-50461
-50462.2
-50462.3
-50458.4
-50466.3
-50469.5
-50496.4
-50469.5
-50480.4
-50459.5
-50480
-50460.4
-50457.4
-50473.8
-50470.4
-50461.6
-50457.5
-50459.3
-50464.5
-50457.6
-50460.4
-50473.9
-50470.5
-50461.7
-50460.3
-50460
-50465.9
-50486.1
-50467
-50475.5
-50475.3
-50473.3
-50487.2
-50463.7
-50496.3
-50469.9
-50492.6
-50481.7
-50463.3
-50472.7
-50469.5
-50492.2
-50486.4
-50481.4
-50495.5
-50458.2
-50460.1
-50465.5
-50461.1
-50458.3
-50474.9
-50471.4
-50462.5
-50460.2
-50465.4
-50458.5
-50458.3
-50474.9
-50471.4
-50461.3
-50462.6
-50457.5
-50458.9
-50464.5
-50466.1
-50496.2
-50469.4
-50469.3
-50480.2
-50480
-50459.5
-50457.6
-50460.4
-50473.8
-50461.6
-50470.4
-50457.8
-50459.3
-50464.6
-50472.6
-50463.6
-50469.7
-50492.2
-50486.5
-50495.5
-50481.4
-50460.2
-50460.4
-50466
-50486.1
-50467.2
-50475.5
-50475.6
-50473.2
-50487
-50463.4
-50496.2
-50469.6
-50492.3
-50481.6
-50461.5
-50475.2
-50458.5
-50471.7
-50462.6
-50497.1
-50470.4
-50481.2
-50467.4
-50470.6
-50481.2
-50460.5
-50458.7
-50460.6
-50465.6
-50458.6
-50474.7
-50471.3
-50461.1
-50462.3
-50460
-50465.5
-50458.5
-50460.1
-50459.8
-50460.3
-50458.1
-50459.1
-50464.2
-50460.7
-50474.1
-50457.1
-50470.3
-50462.1
-50458.1
-50459.8
-50464.8
-50474.2
-50457.6
-50460.7
-50470.6
-50462
-50497.2
-50470.6
-50481.4
-50467.2
-50470.7
-50481
-50460.4
-50461.1
-50474.3
-50458.1
-50470.9
-50462.2
-50458.4
-50460.1
-50465.2
-50458.1
-50474.4
-50471
-50461.1
-50462.2
-50460.1
-50465.4
-50458.4
-50484.3
-50483.4
-50506.7
-50478.8
-50503.8
-50500.4
-50503.2
-50542
-50541.5
-50554.4
-50541.4
-50554.1
-50553.8
-50566.5
-50529
-50555.1
-50542.6
-50554.5
-50541.9
-50567.2
-50555
-50554.2
-50528.8
-50541.6
-50554.4
-50566.6
-50541.9
-50554.2
-50542.4
-50542
-50529.5
-50567.2
-50555
-50554.8
-50542.6
-50503.3
-50508.8
-50481.8
-50509.1
-50493.6
-50518
-50493.8
-50554
-50553.7
-50566.5
-50528.6
-50541.8
-50541.4
-50554
-50542.2
-50567.2
-50555
-50542.4
-50529.4
-50555
-50542.3
-50566.6
-50541.6
-50554
-50542
-50554.4
-50528.9
-50541.6
-50555.2
-50554.8
-50542.8
-50555.1
-50542.5
-50542
-50529.5
-50473.4
-50493.1
-50493.1
-50504.4
-50475.6
-50489.8
-50489.6
-50504
-50493
-50489.4
-50473.2
-50493.3
-50489.6
-50475.7
-50503.7
-50492.7
-50489.3
-50473
-50492.7
-50489.1
-50475.5
-50483.6
-50484.5
-50479.3
-50500.5
-50506.7
-50503.2
-50503.9
-50483.5
-50484.3
-50479
-50500.3
-50506.6
-50503.1
-50503.7
-50484.3
-50483.5
-50479
-50500.2
-50506.6
-50503.6
-50503.1
-50492.6
-50472.6
-50492.6
-50503.3
-50475.3
-50489
-50488.5
-50492.7
-50503.8
-50489.3
-50473
-50492.8
-50475.3
-50489.3
-50472.6
-50492.6
-50503.2
-50492.3
-50489
-50475
-50488.4
-50480.3
-50479.9
-50505.8
-50475.3
-50502.4
-50498.9
-50502.1
-50493.3
-50504.1
-50489.5
-50473.2
-50493.3
-50475.9
-50489.5
-50472.4
-50492.5
-50492.2
-50503.1
-50475
-50488.9
-50488.2
-50493.3
-50473.4
-50493.3
-50504.1
-50475.8
-50489.7
-50489.5
-50472.7
-50492.6
-50503.3
-50492.7
-50488.9
-50475.3
-50488.7
-50473.2
-50492.8
-50503.8
-50492.9
-50489.4
-50475.5
-50489.3
-50472.2
-50502.9
-50492.2
-50492
-50488.6
-50488.2
-50474.7
-50503.4
-50482.1
-50508.9
-50509.2
-50493.7
-50494.1
-50518.2
-50473.3
-50504.1
-50493.1
-50493
-50489.7
-50489.6
-50475.7
-50503.2
-50481.9
-50508.9
-50508.8
-50493.5
-50493.7
-50518
-50503.4
-50508.8
-50481.8
-50508.8
-50493.6
-50518
-50493.7
-50472.5
-50503.1
-50492.3
-50492.3
-50488.5
-50488.6
-50475
-50473.2
-50504.2
-50493.1
-50493.2
-50489.7
-50489.5
-50475.6
-50472.2
-50492.1
-50492
-50502.9
-50474.7
-50488.2
-50488.3
-50503.2
-50508.6
-50481.7
-50509.1
-50493.4
-50518
-50493.9
-50473.4
-50493.4
-50493.1
-50504.2
-50475.8
-50489.9
-50489.5
-50503.1
-50508.9
-50481.5
-50508.9
-50493.5
-50517.8
-50493.8
-50503.3
-50508.8
-50509.2
-50482
-50518.1
-50493.5
-50494.1
-50472.3
-50492.2
-50492.3
-50502.9
-50474.9
-50488.3
-50488.5
-50503.4
-50508.9
-50509.1
-50481.7
-50518
-50493.8
-50493.7
-50492.6
-50472.7
-50492.6
-50503.3
-50488.8
-50475.3
-50488.7
-50503.8
-50492.8
-50489.2
-50473
-50492.6
-50489.2
-50475.3
-50472.3
-50503
-50492.2
-50492.1
-50488.6
-50488.4
-50474.7
-50480.4
-50505.6
-50479.7
-50502.4
-50475.1
-50498.7
-50501.7
-50504
-50493.1
-50489.6
-50473.4
-50493.2
-50489.5
-50475.9
-50472.2
-50492.1
-50502.9
-50492.1
-50488.5
-50474.7
-50488.4
-50480.2
-50505.6
-50479.3
-50502.2
-50474.7
-50498.4
-50501.6
-50492.5
-50472.5
-50503.2
-50492.5
-50488.6
-50488.7
-50475.3
-50433.9
-50398.7
-50369
-50434.8
-50399.3
-50369.4
-50434.8
-50399.3
-50369.5
-50435.9
-50400.5
-50370.2
-50435.4
-50400.1
-50369.9
-50435
-50399.9
-50370.1
-50435.8
-50400.5
-50370.5
-50435.1
-50399.9
-50370
-50435.4
-50400
-50370
-50436.1
-50400.8
-50370.6
-50435.6
-50400.3
-50370
-50434.9
-50399.7
-50369.5
-50435.2
-50400
-50370
-50436.2
-50400.8
-50370.6
-50435.6
-50400.3
-50369.9
-50436
-50400.7
-50370.6
-50433
-50397.9
-50368.1
-50433.4
-50398.2
-50368.4
-50435.3
-50400
-50369.8
-50435.2
-50400
-50369.9
-50435.1
-50399.8
-50369.9
-50434.3
-50399
-50369
-50434.6
-50399.2
-50369.2
-50435
-50399.7
-50369.5
-50435.1
-50399.7
-50369.6
-50435
-50399.7
-50369.5
-50434.7
-50399.4
-50369.3
-50435.1
-50399.8
-50369.6
-50434.9
-50399.5
-50369.6
-50435.4
-50399.9
-50369.9
-50435
-50399.6
-50369.8
-50435.1
-50399.7
-50369.8
-50435.2
-50399.7
-50369.8
-50434.6
-50399.3
-50369.1
-50434.6
-50399.3
-50369.1
-50435.1
-50399.8
-50369.6
-50434.6
-50399.3
-50369.1
-50434.9
-50399.6
-50369.3
-50435.2
-50399.9
-50369.7
-50434.6
-50399.3
-50369.2
-50435.1
-50399.8
-50369.6
-50434.8
-50399.5
-50369.3
-50435.5
-50400.1
-50370
-50435.2
-50399.8
-50369.8
-50435
-50399.6
-50369.7
-50435.7
-50400.3
-50370.2
-50434.4
-50399.1
-50369.2
-50434.6
-50399.3
-50369.3
-50436.2
-50401
-50370.7
-50435.9
-50400.6
-50370.5
-50435.5
-50400.4
-50370.4
-50435.9
-50400.5
-50370.5
-50434.7
-50399.4
-50369.3
-50434.9
-50399.6
-50369.4
-50435.1
-50399.7
-50369.8
-50434.8
-50399.3
-50369.5
-50435.4
-50400.3
-50370.3
-50435.8
-50400.5
-50370.4
-50434.9
-50399.6
-50369.6
-50434.9
-50399.7
-50369.8
-50435.5
-50400.1
-50370.1
-50435.1
-50399.9
-50369.9
-50435.6
-50400.2
-50370.2
-50435
-50399.7
-50369.5
-50435.3
-50400
-50369.8
-50435
-50399.6
-50369.5
-50434.3
-50399
-50368.9
-50435.4
-50400.1
-50370.1
-50435.2
-50400
-50370.1
-50435.2
-50400
-50370.1
-50434.1
-50398.7
-50368.5
-50436.9
-50401.5
-50371.2
-50436.6
-50401.2
-50371
-50435.9
-50400.7
-50370.6
-50434
-50398.7
-50368.5
-50435.3
-50400
-50370.2
-50435.8
-50400.3
-50370.4
-50436.5
-50401.1
-50371
-50436
-50400.7
-50370.6
-50433.5
-50398.3
-50368.5
-50434.2
-50399
-50369
-50434.6
-50399.2
-50369.3
-50435.9
-50400.6
-50370.4
-50435.3
-50400
-50369.7
-50435.3
-50399.9
-50370
-50434.6
-50399.3
-50369.5
-50436.7
-50401.3
-50370.9
-50435.7
-50400.5
-50370.5
-50435.6
-50400.3
-50370.4
-50434.9
-50399.7
-50369.8
-50435.4
-50400.1
-50370.1
-50435
-50399.7
-50369.6
-50435.3
-50400
-50369.9
-50435
-50399.7
-50369.6
-50435.2
-50400
-50369.8
-50434.7
-50399.3
-50369.3
-50433.7
-50398.4
-50368.5
-50435.4
-50399.9
-50370
-50435.2
-50399.7
-50369.9
-50435.4
-50400.2
-50370.3
-50435.5
-50400.2
-50370.3
-50434.1
-50398.7
-50368.5
-50434.7
-50399.4
-50369.7
-50435.5
-50400.1
-50370.1
-50436.4
-50401.1
-50370.8
-50435.9
-50400.7
-50370.6
-50433.8
-50398.5
-50368.3
-50436.9
-50401.5
-50371.3
-50436.8
-50401.4
-50371.1
-50435
-50399.7
-50370
-50435.6
-50400.2
-50370.3
-50436
-50400.5
-50370.5
-50434.5
-50399.2
-50369.2
-50434.9
-50399.5
-50369.4
-50435.9
-50400.6
-50370.4
-50436.4
-50401
-50370.7
-50436.4
-50401.2
-50370.9
-50435.2
-50399.8
-50370
-50434.6
-50399.3
-50369.6
-50435.1
-50399.7
-50369.9
-50435.8
-50400.5
-50370.5
-50435.4
-50400.1
-50370.1
-50435.1
-50399.8
-50369.6
-50434.9
-50399.6
-50369.7
-50433.6
-50398.6
-50368.8
-50434.5
-50399.3
-50369.3
-50434.8
-50399.6
-50369.6
-50435.7
-50400.3
-50370.1
-50434.4
-50399
-50369.1
-50434.3
-50399.2
-50369.2
-50435
-50399.6
-50369.5
-50435
-50399.9
-50370
-50435.3
-50400
-50370.1
-50435.7
-50400.5
-50370.4
-50435.9
-50400.6
-50370.5
-50434.3
-50399.1
-50369.3
-50434.9
-50399.5
-50369.5
-50434.6
-50399.2
-50369.3
-50436
-50400.7
-50370.6
-50435.4
-50400.1
-50370.2
-50434.9
-50399.7
-50369.7
-50435
-50399.6
-50369.6
-50434.8
-50399.6
-50369.7
-50435.2
-50399.9
-50369.8
-50435.6
-50400.2
-50370.2
-50435.4
-50400.1
-50370.1
-50433.9
-50398.8
-50368.8
-50434.3
-50399
-50369.2
-50434.8
-50399.4
-50369.3
-50432.4
-50397.3
-50367.7
-50433.2
-50398.1
-50368.2
-50434.6
-50399.3
-50369.6
-50434.7
-50399.5
-50369.5
-50434.4
-50399.2
-50369.2
-50434.8
-50399.6
-50369.5
-50435.1
-50399.8
-50369.8
-50433.6
-50398.5
-50368.6
-50434.7
-50399.4
-50369.5
-50432.1
-50397.1
-50367.6
-50433.9
-50398.7
-50368.8
-50433.4
-50398.3
-50368.5
-50434.3
-50399
-50369.2
-50434.2
-50399.1
-50369
-50434.3
-50399.2
-50368.9
-50434.9
-50399.6
-50369.5
-50434.4
-50399.1
-50368.9
-50434.2
-50399.1
-50369.2
-50434.5
-50399.1
-50369.3
-50433.1
-50398.1
-50368.3
-50434.3
-50398.9
-50369
-50436
-50400.5
-50370.3
-50436
-50400.5
-50370.4
-50436.2
-50400.7
-50370.5
-50435.7
-50400.3
-50370.2
-50436.1
-50400.6
-50370.5
-50435.9
-50400.4
-50370.3
-50433.3
-50398.2
-50368.5
-50435.4
-50400
-50369.9
-50434.4
-50399.2
-50369.1
-50432.1
-50397.2
-50367.6
-50434
-50398.9
-50368.8
-50433.7
-50398.6
-50368.5
-50434.2
-50399
-50368.9
-50433.8
-50398.7
-50368.5
-50434.7
-50399.4
-50369.5
-50433
-50397.9
-50368.3
-50434.3
-50399.1
-50369.2
-50435.9
-50400.4
-50370.2
-50435.9
-50400.5
-50370.3
-50435.8
-50400.3
-50370.5
-50436.7
-50401.2
-50371
-50435.5
-50400.2
-50370.2
-50435.6
-50400.2
-50370.3
-50435
-50399.7
-50370
-50435.7
-50400.4
-50370.3
-50436.5
-50401.2
-50370.9
-50435.1
-50399.8
-50370
-50434.9
-50399.7
-50369.9
-50436.1
-50400.6
-50370.5
-50435.5
-50400.3
-50370.3
-50435.7
-50400.4
-50370.4
-50436.3
-50401
-50370.9
-50434.9
-50399.5
-50369.6
-50434.8
-50399.3
-50369.5
-50434.6
-50399.2
-50369.4
-50435.4
-50399.9
-50369.9
-50436
-50400.5
-50370.4
-50434.7
-50399.4
-50369.6
-50434.7
-50399.5
-50369.7
-50435.4
-50400
-50370
-50435.5
-50400.3
-50370.2
-50435.7
-50400.4
-50370.3
-50435.9
-50400.6
-50370.6
-50435.7
-50400.3
-50370.2
-50435.4
-50400.1
-50370.3
-50434.7
-50399.5
-50369.7
-50435.7
-50400.4
-50370.3
-50436.1
-50400.9
-50370.7
-50436.3
-50401.1
-50370.9
-50437.5
-50402.1
-50371.7
-50435.6
-50400.1
-50370.3
-50435.7
-50400.3
-50370.3
-50435.2
-50399.9
-50370
-50436.2
-50400.7
-50370.6
-50436.4
-50400.8
-50370.8
-50434.5
-50399.1
-50369.3
-50434.8
-50399.5
-50369.6
-50435.4
-50400
-50370
-50435
-50399.7
-50369.9
-50436
-50400.8
-50370.5
-50434.9
-50399.7
-50369.6
-50435.9
-50400.5
-50370.2
-50434.8
-50399.7
-50369.6
-50435.2
-50399.8
-50370
-50434.4
-50399
-50369.3
-50434.5
-50399.1
-50369.3
-50434.2
-50398.9
-50369.1
-50435
-50399.6
-50369.7
-50435.1
-50399.7
-50369.8
-50436.3
-50401
-50370.8
-50436.2
-50400.8
-50370.7
-50435.6
-50400.1
-50370
-50433.9
-50398.7
-50368.9
-50435.3
-50400
-50369.8
-50436.5
-50401.1
-50370.8
-50436.1
-50400.9
-50370.7
-50435.6
-50400.3
-50370.3
-50434.9
-50399.6
-50369.6
-50433.9
-50398.7
-50369
-50434.3
-50398.9
-50369.2
-50436
-50400.8
-50370.8
-50435.5
-50400.2
-50369.9
-50436.3
-50400.9
-50370.5
-50435.1
-50399.9
-50369.9
-50435.1
-50399.8
-50370.1
-50435.7
-50400.4
-50370.3
-50435.6
-50400.4
-50370.2
-50435.2
-50399.9
-50369.7
-50435.2
-50399.8
-50369.7
-50433.6
-50398.3
-50368.5
-50433.1
-50397.9
-50368.2
-50434.4
-50399
-50369
-50435.4
-50400.1
-50370
-50433
-50397.9
-50368.1
-50434.3
-50399
-50369.1
-50434.9
-50399.6
-50369.5
-50434.8
-50399.7
-50369.5
-50435.6
-50400.3
-50370.2
-50434.5
-50399.1
-50369.3
-50434.5
-50399.1
-50369.3
-50434.4
-50399.1
-50369.2
-50435.1
-50399.7
-50369.8
-50435.1
-50399.7
-50369.9
-50435.7
-50400.4
-50370.3
-50435.8
-50400.4
-50370.3
-50435
-50399.6
-50369.9
-50435.2
-50399.9
-50370
-50435.3
-50399.9
-50370.2
-50435.7
-50400.4
-50370.3
-50434.4
-50399
-50369.2
-50434.2
-50398.8
-50369
-50434.1
-50398.7
-50368.9
-50435
-50399.5
-50369.6
-50434.8
-50399.3
-50369.6
-50436.6
-50401.1
-50371
-50436.1
-50400.7
-50370.6
-50436.2
-50400.7
-50370.7
-50434.7
-50399.5
-50369.4
-50435.2
-50399.8
-50369.7
-50434.1
-50398.8
-50368.9
-50433.8
-50398.6
-50368.9
-50435.2
-50399.8
-50369.7
-50435.2
-50399.9
-50369.8
-50435.9
-50400.5
-50370.4
-50435.6
-50400.2
-50370.2
-50435.8
-50400.4
-50370.3
-50436.8
-50401.3
-50371.3
-50436.8
-50401.3
-50371.2
-50436.7
-50401.3
-50371.1
-50437.2
-50401.8
-50371.5
-50436.6
-50401.2
-50371.1
-50436.9
-50401.5
-50371.2
-50436.5
-50401.1
-50371
-50435.5
-50400
-50370.2
-50435.6
-50400.1
-50370.2
-50432.9
-50397.8
-50368.2
-50433.5
-50398.3
-50368.7
-50434.1
-50399
-50368.7
-50434
-50398.9
-50368.7
-50434.7
-50399.5
-50369.6
-50432.5
-50397.5
-50367.9
-50434
-50398.8
-50369
-50436.2
-50400.8
-50370.7
-50436
-50400.6
-50370.6
-50436.1
-50400.7
-50370.6
-50435.6
-50400.2
-50370.3
-50436.1
-50400.7
-50370.6
-50435.7
-50400.3
-50370.4
-50435.2
-50399.8
-50369.8
-50435.1
-50399.7
-50369.8
-50434.7
-50399.3
-50369.5
-50435.7
-50400.2
-50370.1
-50435
-50399.6
-50369.8
-50435.3
-50400.1
-50370
-50434.7
-50399.3
-50369.5
-50434.6
-50399.2
-50369.5
-50434.5
-50399.2
-50369.4
-50435.2
-50399.8
-50370
-50435.1
-50399.9
-50369.8
-50434.1
-50398.8
-50369
-50434.2
-50398.9
-50369.2
-50435
-50399.6
-50369.7
-50435.5
-50400.3
-50370.2
-50436.3
-50400.8
-50370.7
-50436.4
-50400.9
-50370.8
-50435.6
-50400.2
-50370.2
-50435.9
-50400.3
-50370.4
-50435.2
-50399.8
-50370
-50435.7
-50400.4
-50370.3
-50435
-50399.7
-50369.8
-50435.4
-50400
-50370.1
-50435.4
-50400.1
-50370.2
-50435.3
-50399.8
-50370
-50435.2
-50399.9
-50369.9
-50436
-50400.5
-50370.5
-50436.3
-50400.8
-50370.7
-50436.8
-50401.3
-50371.1
-50436.7
-50401.2
-50371.2
-50436.6
-50401.1
-50371.2
-50436.8
-50401.3
-50371.1
-50436.8
-50401.4
-50371.2
-50436.6
-50401.2
-50371
-50435.3
-50399.8
-50370
-50434.9
-50399.5
-50369.7
-50434.7
-50399.3
-50369.5
-50434.6
-50399.2
-50369.4
-50435.4
-50399.9
-50369.9
-50434
-50398.7
-50369
-50435.1
-50399.9
-50369.7
-50434.5
-50399.1
-50369.4
-50434.6
-50399.2
-50369.4
-50434.6
-50399.2
-50369.3
-50435.4
-50399.9
-50370
-50435.1
-50399.9
-50369.7
-50434
-50398.6
-50368.9
-50434.9
-50399.6
-50369.8
-50435.6
-50400.4
-50370.3
-50435.6
-50400.3
-50370.3
-50436.2
-50400.9
-50370.9
-50436.5
-50401
-50370.9
-50436
-50400.5
-50370.6
-50435.6
-50400.3
-50370.4
-50435.6
-50400.3
-50370.3
-50436.5
-50401
-50370.9
-50436
-50400.8
-50370.6
-50435.2
-50399.8
-50370.1
-50435.2
-50400
-50370.2
-50435
-50399.8
-50369.6
-50434
-50398.7
-50368.9
-50434.6
-50399.1
-50369.3
-50434.7
-50399.3
-50369.4
-50434.6
-50399.2
-50369.4
-50434.3
-50399
-50369.1
-50435.4
-50399.9
-50370
-50436.4
-50400.8
-50370.6
-50435.1
-50399.8
-50369.6
-50434.1
-50398.8
-50368.9
-50433.7
-50398.4
-50368.7
-50434.2
-50398.9
-50369.1
-50434.1
-50398.7
-50369
-50434.1
-50398.8
-50369
-50435.4
-50399.9
-50369.9
-50435.1
-50399.7
-50369.8
-50436.4
-50400.9
-50370.7
-50436.2
-50400.8
-50370.6
-50435.5
-50400.1
-50370.1
-50435.5
-50400.1
-50370.3
-50435.8
-50400.3
-50370.4
-50435.3
-50400
-50370.1
-50436.4
-50401
-50370.8
-50435.8
-50400.6
-50370.4
-50435
-50399.7
-50369.9
-50435.4
-50400
-50370.3
-50434.9
-50399.7
-50369.9
-50436
-50400.5
-50370.6
-50436.6
-50401.1
-50371
-50435.6
-50400.3
-50370.3
-50435.6
-50400.1
-50370.3
-50435.1
-50399.8
-50370
-50436
-50400.5
-50370.6
-50436.4
-50400.9
-50370.8
-50436.6
-50401.1
-50371
-50436.1
-50400.6
-50370.6
-50436.6
-50401.1
-50371
-50436.7
-50401.2
-50371
-50436.1
-50400.7
-50370.6
-50436.3
-50400.9
-50370.7
-50435.8
-50400.3
-50370.3
-50435.4
-50400.1
-50370
-50435.6
-50400.2
-50370.1
-50433.9
-50398.7
-50368.9
-50435.9
-50400.6
-50370.5
-50435.5
-50400
-50369.9
-50434.8
-50399.3
-50369.6
-50434.8
-50399.4
-50369.6
-50434.6
-50399.3
-50369.4
-50435.6
-50400
-50370
-50435.6
-50400.3
-50370.1
-50434.9
-50399.5
-50369.7
-50434.4
-50399.2
-50369.4
-50435.5
-50400.1
-50370.2
-50435.8
-50400.4
-50370.4
-50435
-50399.7
-50369.9
-50436.3
-50400.7
-50370.7
-50436
-50400.5
-50370.5
-50436.2
-50400.8
-50370.8
-50435.9
-50400.7
-50370.5
-50434.9
-50399.5
-50369.8
-50434.9
-50399.5
-50369.8
-50434.4
-50399.2
-50369.4
-50435.4
-50400
-50370.2
-50435.5
-50400.1
-50370.2
-50435.1
-50399.7
-50369.9
-50435.9
-50400.4
-50370.5
-50436.3
-50400.8
-50370.7
-50437
-50401.5
-50371.3
-50436.6
-50401.1
-50371.1
-50436.7
-50401.3
-50371.1
-50436.8
-50401.3
-50371.1
-50436.6
-50401.2
-50371
-50436.9
-50401.4
-50371.2
-50435.5
-50400
-50370.2
-50435.6
-50400.1
-50370.3
-50433.3
-50398.2
-50368.6
-50433.8
-50398.6
-50368.9
-50434.6
-50399.3
-50369.1
-50432.6
-50397.5
-50367.8
-50434.4
-50399.3
-50369
-50433.8
-50398.8
-50368.6
-50434.2
-50399
-50369.2
-50435.8
-50400.4
-50370.3
-50434.9
-50399.8
-50369.6
-50435.1
-50399.9
-50369.8
-50434.7
-50399.6
-50369.5
-50434.5
-50399
-50369.3
-50434.6
-50399.2
-50369.4
-50434.6
-50399.2
-50369.3
-50435.3
-50399.9
-50370
-50434.5
-50399.1
-50369.3
-50434.6
-50399.2
-50369.4
-50434.6
-50399.2
-50369.3
-50435.2
-50399.7
-50369.8
-50435
-50399.7
-50369.6
-50434.4
-50399.1
-50369.3
-50435
-50399.8
-50369.6
-50433.7
-50398.3
-50368.5
-50436.5
-50401.1
-50370.9
-50435.6
-50400.1
-50370.3
-50435.5
-50400.1
-50370.3
-50434.9
-50399.6
-50369.9
-50436.5
-50400.9
-50370.8
-50435.7
-50400.5
-50370.3
-50435.8
-50400.4
-50370.3
-50434.9
-50399.6
-50369.8
-50435.9
-50400.6
-50370.6
-50435.9
-50400.7
-50370.5
-50435
-50399.7
-50370
-50434.8
-50399.6
-50369.9
-50433.3
-50398.1
-50368.3
-50431.5
-50396.6
-50367.1
-50434.1
-50398.7
-50368.7
-50432.5
-50397.4
-50367.6
-50433.5
-50398.3
-50368.1
-50433.6
-50398.4
-50368.2
-50436.6
-50401.5
-50371.1
-50436.1
-50401
-50370.7
-50434.7
-50399.6
-50369.7
-50435.2
-50400
-50370
-50435.5
-50400.3
-50370.2
-50435.8
-50400.5
-50370.4
-50432
-50397
-50367.3
-50434.2
-50398.9
-50368.8
-50433.7
-50398.5
-50368.2
-50433.6
-50398.4
-50368.1
-50434.3
-50398.9
-50368.9
-50434
-50398.6
-50368.4
-50431.3
-50396.3
-50366.8
-50436.4
-50401.1
-50371
-50436.3
-50401
-50370.9
-50436.4
-50400.9
-50370.8
-50436.8
-50401.5
-50371.2
-50436.2
-50401.1
-50370.8
-50435.6
-50400.4
-50370.2
-50435.7
-50400.5
-50370.3
-50435
-50399.8
-50369.8
-50435.5
-50400
-50370
-50434.7
-50399.2
-50369.5
-50434.6
-50399.3
-50369.4
-50434.4
-50399
-50369.1
-50435.4
-50399.9
-50370
-50435.1
-50399.8
-50369.6
-50435.3
-50399.9
-50369.8
-50433.6
-50398.3
-50368.6
-50435.7
-50400.3
-50370.2
-50434.9
-50399.7
-50369.6
-50434.3
-50399
-50369.1
-50434
-50398.7
-50368.9
-50435.7
-50400.5
-50370.3
-50436.7
-50401.3
-50371
-50435.4
-50400.2
-50370
-50436.3
-50400.9
-50370.6
-50435.4
-50400.2
-50370.2
-50436.1
-50400.6
-50370.5
-50436
-50400.7
-50370.6
-50436.2
-50400.9
-50370.7
-50436.1
-50400.9
-50370.6
-50435.6
-50400.2
-50370.4
-50435.5
-50400.2
-50370.3
-50435.2
-50399.9
-50370
-50436.3
-50400.8
-50370.8
-50435.2
-50399.8
-50370
-50435.6
-50400.2
-50370.3
-50435.1
-50399.8
-50369.9
-50436.1
-50400.6
-50370.6
-50435.7
-50400.5
-50370.4
-50435.9
-50400.5
-50370.4
-50435.1
-50399.8
-50370
-50435.2
-50400
-50370.2
-50436
-50400.7
-50370.6
-50436.1
-50400.9
-50370.6
-50435.6
-50400.3
-50370.3
-50434.5
-50399.2
-50369.6
-50433.9
-50398.8
-50369.1
-50435.8
-50400.5
-50370.6
-50435.3
-50399.8
-50369.7
-50433.5
-50398.4
-50368.7
-50434.6
-50399.2
-50369.2
-50433
-50397.9
-50368.1
-50434.5
-50399.4
-50369.3
-50434
-50398.9
-50368.8
-50434.8
-50399.7
-50369.5
-50434.9
-50399.7
-50369.6
-50434.1
-50399
-50369.1
-50432.6
-50397.6
-50367.9
-50434.3
-50399.1
-50369.1
-50434
-50398.9
-50368.8
-50434.4
-50399.3
-50369.2
-50435.3
-50400
-50369.9
-50432.8
-50397.8
-50368.2
-50435.3
-50400
-50369.8
-50435.1
-50399.8
-50369.7
-50434.8
-50399.6
-50369.5
-50435.4
-50400
-50369.9
-50434.3
-50399.2
-50369.2
-50434.7
-50399.4
-50369.5
-50433.1
-50398.1
-50368.4
-50435.2
-50399.9
-50369.7
-50435.1
-50399.8
-50369.6
-50434
-50398.6
-50368.8
-50434.2
-50398.8
-50369
-50434.8
-50399.6
-50369.4
-50432.9
-50397.7
-50368
-50433.7
-50398.3
-50368.5
-50434.4
-50399
-50369.2
-50434.3
-50399
-50369.3
-50434.1
-50398.8
-50369
-50435.2
-50399.8
-50369.9
-50435.3
-50399.9
-50370
-50434.4
-50398.9
-50369.1
-50434.9
-50399.4
-50369.4
-50434.2
-50398.8
-50369
-50435.4
-50399.9
-50369.9
-50435
-50399.6
-50369.8
-50435.6
-50400.1
-50370.2
-50435.7
-50400.2
-50370.2
-50435.8
-50400.4
-50370.3
-50436
-50400.8
-50370.6
-50435.5
-50400.1
-50370.3
-50436.2
-50400.7
-50370.7
-50435.4
-50400.1
-50370.3
-50435.3
-50399.9
-50370.1
-50435.4
-50400
-50370.2
-50434.8
-50399.5
-50369.8
-50436.1
-50400.5
-50370.6
-50436.2
-50400.8
-50370.7
-50435.2
-50399.9
-50370.1
-50435.2
-50399.8
-50370.1
-50434.8
-50399.6
-50369.8
-50436.2
-50400.7
-50370.6
-50436.3
-50400.7
-50370.7
-50432.2
-50397.1
-50367.5
-50434.5
-50399.1
-50369
-50433.6
-50398.4
-50368.3
-50433.6
-50398.4
-50368.2
-50434.4
-50399
-50369.2
-50434.3
-50398.8
-50368.7
-50432.1
-50397
-50367.3
-50436
-50400.8
-50370.7
-50435.9
-50400.6
-50370.6
-50436.1
-50400.6
-50370.5
-50436.7
-50401.4
-50371.1
-50436.2
-50401.1
-50370.8
-50435.7
-50400.4
-50370.3
-50435.6
-50400.3
-50370.2
-50434.7
-50399.6
-50369.6
-50433.4
-50398.2
-50368
-50433.2
-50398.1
-50367.9
-50434.3
-50399
-50369.1
-50434.6
-50399.3
-50369.2
-50431.8
-50396.8
-50367.1
-50434.3
-50398.9
-50368.7
-50432
-50396.9
-50367.3
-50434.1
-50398.8
-50368.7
-50434.5
-50399.1
-50369.3
-50436
-50400.6
-50370.3
-50436.7
-50401.5
-50371.2
-50436.5
-50401.4
-50371.1
-50436.2
-50400.9
-50370.8
-50435.8
-50400.4
-50370.6
-50436.3
-50401
-50370.9
-50436.5
-50401
-50370.9
-50436.6
-50401.4
-50371.1
-50435
-50399.8
-50369.8
-50435.2
-50399.9
-50370.2
-50434.8
-50399.7
-50369.7
-50434.4
-50399.2
-50369.6
-50434.8
-50399.6
-50369.5
-50434.3
-50399
-50369.2
-50434.8
-50399.5
-50369.7
-50434.3
-50399
-50369.2
-50434
-50398.6
-50368.8
-50434
-50398.6
-50368.9
-50433.9
-50398.5
-50368.8
-50435
-50399.5
-50369.6
-50435.3
-50399.8
-50369.9
-50435.4
-50400
-50370
-50434.7
-50399.4
-50369.5
-50435.2
-50399.7
-50369.7
-50434.3
-50399
-50369.1
-50435.3
-50399.8
-50370
-50435.5
-50400
-50370.1
-50435
-50399.8
-50370
-50435.2
-50399.9
-50370.1
-50435
-50399.6
-50369.7
-50436.2
-50401
-50370.8
-50435.5
-50400.3
-50370.2
-50436.6
-50401.4
-50371
-50435.7
-50400.5
-50370.3
-50437
-50401.7
-50371.4
-50438
-50402.5
-50372
-50436.3
-50400.8
-50370.7
-50435.9
-50400.6
-50370.5
-50435.8
-50400.5
-50370.5
-50435.8
-50400.4
-50370.3
-50436.5
-50401.2
-50371
-50436.1
-50400.8
-50370.7
-50436.1
-50400.7
-50370.6
-50435.2
-50399.9
-50370.1
-50435.5
-50400.1
-50370.4
-50436.1
-50400.8
-50370.8
-50435.9
-50400.7
-50370.5
-50435.8
-50400.5
-50370.4
-50435
-50399.7
-50369.9
-50435.6
-50400.1
-50370.3
-50435.9
-50400.6
-50370.6
-50436.5
-50401.1
-50371
-50436
-50400.7
-50370.6
-50435.8
-50400.4
-50370.5
-50436
-50400.5
-50370.6
-50435.5
-50400.2
-50370.3
-50436.6
-50401.1
-50371
-50436.4
-50400.8
-50370.9
-50435.4
-50400.1
-50370.2
-50435.1
-50399.7
-50370
-50435.1
-50399.7
-50370
-50436.1
-50400.6
-50370.5
-50436.6
-50401
-50370.9
-50434.1
-50399
-50368.9
-50434.6
-50399.5
-50369.3
-50435
-50399.8
-50369.8
-50434.8
-50399.5
-50369.5
-50433
-50397.9
-50368.3
-50434
-50398.9
-50369
-50434.4
-50399.1
-50369.3
-50435.5
-50400.1
-50370
-50433.2
-50398.1
-50368.5
-50436
-50400.5
-50370.4
-50435.8
-50400.4
-50370.3
-50436.1
-50400.7
-50370.5
-50436.1
-50400.7
-50370.5
-50436.1
-50400.6
-50370.5
-50436.4
-50400.9
-50370.7
-50436
-50400.5
-50370.5
-50435.5
-50400.3
-50370.1
-50435.6
-50400.2
-50370.1
-50434.5
-50399.2
-50369.4
-50435.8
-50400.5
-50370.4
-50435.8
-50400.4
-50370.2
-50434.7
-50399.2
-50369.5
-50435
-50399.5
-50369.6
-50434.5
-50399.2
-50369.3
-50435.5
-50400
-50370
-50433.3
-50398.1
-50368.4
-50432.6
-50397.6
-50368.1
-50435.3
-50400.1
-50369.9
-50435.3
-50399.9
-50370.1
-50435.6
-50400.1
-50370.3
-50435
-50399.7
-50369.8
-50436.5
-50401
-50370.8
-50435.9
-50400.4
-50370.5
-50436.6
-50401.1
-50371
-50435.1
-50399.7
-50369.8
-50435.3
-50399.9
-50370
-50434.5
-50399.3
-50369.5
-50435.6
-50400.3
-50370.2
-50435.5
-50400.1
-50370.2
-50435.9
-50400.4
-50370.5
-50435.4
-50399.9
-50370.1
-50435.4
-50400
-50370
-50435
-50399.7
-50369.8
-50436.7
-50401.2
-50371.2
-50436.7
-50401.2
-50371.2
-50436.5
-50401.1
-50371
-50436.8
-50401.4
-50371.2
-50437
-50401.5
-50371.3
-50436.6
-50401.1
-50371
-50435.6
-50400.1
-50370.2
-50435.3
-50399.9
-50369.8
-50434.9
-50399.6
-50369.5
-50435.1
-50399.7
-50369.6
-50434
-50398.7
-50368.9
-50435.3
-50399.9
-50369.8
-50434.3
-50398.9
-50369.1
-50434.4
-50399
-50369.2
-50434.1
-50398.7
-50368.9
-50435.2
-50399.7
-50369.7
-50434.5
-50399.1
-50369.2
-50433.9
-50398.7
-50369
-50434.9
-50399.7
-50369.6
-50435.2
-50399.8
-50370
-50435
-50399.6
-50369.9
-50434.3
-50399.1
-50369.5
-50435.8
-50400.3
-50370.4
-50435.2
-50400
-50370
-50435.4
-50400.2
-50370.1
-50434.9
-50399.6
-50369.8
-50434.6
-50399.4
-50369.6
-50436.4
-50401.2
-50371
-50436.1
-50400.6
-50370.6
-50435.7
-50400.2
-50370.3
-50435.2
-50399.8
-50370
-50434.8
-50399.5
-50369.7
-50435.2
-50399.8
-50370
-50434.8
-50399.5
-50369.7
-50435.7
-50400.5
-50370.4
-50435.9
-50400.6
-50370.4
-50436.5
-50401.2
-50371.1
-50434.4
-50399
-50369.2
-50434.5
-50399.1
-50369.3
-50434.6
-50399.2
-50369.2
-50434.8
-50399.4
-50369.6
-50435.5
-50400
-50369.9
-50435.8
-50400.4
-50370.3
-50434.4
-50399
-50369.2
-50435
-50399.5
-50369.6
-50434.2
-50398.9
-50369.2
-50435
-50399.7
-50369.6
-50434.8
-50399.3
-50369.5
-50434.8
-50399.3
-50369.5
-50434.5
-50399.2
-50369.2
-50435.1
-50399.6
-50369.7
-50435.2
-50399.7
-50369.8
-50435.8
-50400.4
-50370.2
-50436.3
-50401.1
-50370.8
-50435.9
-50400.6
-50370.6
-50435.3
-50399.9
-50370.1
-50435.1
-50399.7
-50370
-50436.2
-50400.9
-50370.9
-50436.6
-50401.1
-50371
-50436.1
-50400.7
-50370.7
-50435.9
-50400.5
-50370.6
-50436
-50400.5
-50370.6
-50435.5
-50400.2
-50370.2
-50436.7
-50401.2
-50371.1
-50436.6
-50401.1
-50371
-50435.2
-50399.9
-50370.1
-50436.4
-50400.9
-50370.7
-50435.6
-50400.4
-50370.3
-50435.8
-50400.5
-50370.4
-50436.2
-50401
-50370.9
-50435.9
-50400.4
-50370.5
-50436.1
-50400.6
-50370.6
-50435.4
-50399.9
-50370.2
-50435.6
-50400.2
-50370.3
-50435.1
-50399.8
-50370
-50435.8
-50400.4
-50370.3
-50435.8
-50400.4
-50370.4
-50435.5
-50400.1
-50370.2
-50435.8
-50400.4
-50370.4
-50435.7
-50400.3
-50370.2
-50436.1
-50400.6
-50370.6
-50436.1
-50400.6
-50370.5
-50436.3
-50400.7
-50370.6
-50435.2
-50399.7
-50369.9
-50435.1
-50399.8
-50369.8
-50435
-50399.6
-50369.7
-50435.4
-50400
-50370.1
-50435.3
-50400.1
-50369.9
-50435.7
-50400.3
-50370.1
-50433.8
-50398.5
-50368.8
-50433.6
-50398.4
-50368.7
-50436
-50400.7
-50370.6
-50435.1
-50399.6
-50369.8
-50435.2
-50399.8
-50369.9
-50434.9
-50399.5
-50369.6
-50435.8
-50400.3
-50370.2
-50434.3
-50399
-50369.3
-50434.2
-50398.9
-50369.2
-50435.3
-50400
-50369.9
-50435.5
-50400.1
-50370.1
-50435.8
-50400.5
-50370.5
-50436.4
-50400.9
-50370.8
-50436.6
-50401.2
-50371
-50435.7
-50400.5
-50370.3
-50435.9
-50400.6
-50370.4
-50434.9
-50399.6
-50369.9
-50434.8
-50399.5
-50369.8
-50436.1
-50400.8
-50370.7
-50435.6
-50400.1
-50370.3
-50435.4
-50400
-50370.1
-50435.1
-50399.8
-50369.9
-50436.2
-50400.7
-50370.6
-50436.2
-50400.6
-50370.7
-50434.8
-50399.5
-50369.7
-50435.5
-50400.1
-50370.1
-50435.6
-50400.3
-50370.2
-50435.8
-50400.5
-50370.4
-50436
-50400.7
-50370.6
-50436.3
-50400.7
-50370.6
-50436.1
-50400.5
-50370.6
-50435.5
-50400.1
-50370.3
-50435.3
-50399.9
-50370.1
-50435
-50399.7
-50369.9
-50434.9
-50399.5
-50369.7
-50435.9
-50400.5
-50370.4
-50434.5
-50399.1
-50369.2
-50435.4
-50399.9
-50369.9
-50435.7
-50400.3
-50370.4
-50436.6
-50401.4
-50371
-50435.6
-50400.2
-50370.3
-50435.2
-50399.7
-50369.9
-50436.1
-50400.6
-50370.5
-50436
-50400.8
-50370.5
-50435.2
-50399.8
-50369.8
-50435.5
-50400.1
-50370.1
-50434.7
-50399.4
-50369.7
-50436.2
-50400.9
-50370.7
-50435.2
-50399.9
-50370
-50435.5
-50400.1
-50370
-50436.1
-50400.8
-50370.6
-50434.5
-50399.1
-50369.3
-50436.6
-50401.3
-50371
-50435.9
-50400.5
-50370.4
-50435.7
-50400.5
-50370.5
-50435.1
-50399.8
-50369.6
-50433.8
-50398.5
-50368.7
-50434.9
-50399.8
-50369.9
-50435.7
-50400.3
-50370.2
-50435.7
-50400.3
-50370.2
-50435.3
-50400.2
-50370.2
-50435.4
-50400.2
-50370.2
-50433.9
-50398.6
-50368.9
-50436
-50400.6
-50370.3
-50435.1
-50399.7
-50369.6
-50436.1
-50400.8
-50370.5
-50434.3
-50399
-50369
-50435.5
-50400.3
-50370.3
-50435.1
-50399.9
-50370
-50433.7
-50398.4
-50368.7
-50433.8
-50398.6
-50369.1
-50436.5
-50401.2
-50370.9
-50435.8
-50400.4
-50370.3
-50434.3
-50399
-50369.4
-50436.3
-50401
-50370.8
-50435
-50399.7
-50369.9
-50436.1
-50400.7
-50370.6
-50435.2
-50399.8
-50369.9
-50436.5
-50401.2
-50370.8
-50435.3
-50399.9
-50369.7
-50434.3
-50399
-50369.4
-50435.4
-50400.2
-50370
-50432.7
-50397.6
-50368.1
-50435.2
-50400
-50369.8
-50433.7
-50398.4
-50368.7
-50436.7
-50401.3
-50371
-50435.9
-50400.4
-50370.3
-50437
-50401.5
-50371.2
-50435.3
-50400
-50369.8
-50434.2
-50398.9
-50369.2
-50436.1
-50400.8
-50370.4
-50434.9
-50399.5
-50369.5
-50435.3
-50400.1
-50369.9
-50433.2
-50398.1
-50368.4
-50433.6
-50398.4
-50368.8
-50436.3
-50401
-50370.7
-50434.7
-50399.4
-50369.4
-50434.1
-50399
-50368.9
-50434.6
-50399.4
-50369.2
-50434.4
-50399.3
-50369.1
-50435.2
-50399.9
-50369.8
-50434.8
-50399.6
-50369.6
-50434
-50398.9
-50368.9
-50435
-50399.9
-50370
-50434.2
-50399
-50369
-50433.5
-50398.3
-50368.5
-50433.7
-50398.4
-50368.9
-50436.3
-50401
-50370.8
-50434.4
-50399.2
-50369.2
-50434.4
-50399.3
-50369.4
-50434.9
-50399.7
-50369.7
-50435.1
-50399.9
-50370
-50435.4
-50399.9
-50369.9
-50435.9
-50400.5
-50370.4
-50435.7
-50400.3
-50370.3
-50435.3
-50399.9
-50370
-50435.9
-50400.5
-50370.4
-50433.7
-50398.6
-50368.8
-50435.5
-50400
-50369.9
-50435.4
-50400
-50370.1
-50435.1
-50399.7
-50369.9
-50436
-50400.6
-50370.6
-50434.1
-50398.9
-50369
-50434.4
-50399.1
-50369.2
-50435.4
-50400
-50369.9
-50435.3
-50399.9
-50369.9
-50435.8
-50400.4
-50370.4
-50435.7
-50400.3
-50370.3
-50436
-50400.6
-50370.6
-50435.7
-50400.3
-50370.2
-50435.9
-50400.5
-50370.5
-50435.1
-50399.6
-50369.8
-50435.9
-50400.5
-50370.4
-50434.4
-50399.2
-50369.3
-50435.8
-50400.6
-50370.4
-50434
-50398.8
-50369.1
-50435.6
-50400.3
-50370
-50433.9
-50398.6
-50368.7
-50434.8
-50399.5
-50369.7
-50434.7
-50399.4
-50369.6
-50435.9
-50400.5
-50370.4
-50435.2
-50399.8
-50369.8
-50435.2
-50400
-50370
-50433.9
-50398.7
-50368.7
-50436
-50400.5
-50370.5
-50435.6
-50400.2
-50370.1
-50435.4
-50400
-50370.1
-50436.5
-50401
-50370.9
-50435.9
-50400.6
-50370.1
-50433.5
-50398.3
-50368.3
-50435.3
-50399.9
-50369.7
-50433.4
-50398.1
-50368.3
-50436
-50400.6
-50370.4
-50435.7
-50400.3
-50370.3
-50433.4
-50398.2
-50368.3
-50435.4
-50400.1
-50369.6
-50432.6
-50397.4
-50367.6
-50435.7
-50400.3
-50370.1
-50436.3
-50401
-50370.7
-50435.5
-50400.1
-50370
-50435.3
-50400
-50370.1
-50433
-50397.9
-50368.1
-50435.7
-50400.3
-50370.3
-50436.4
-50401.2
-50370.9
-50435.6
-50400.2
-50370.3
-50435.5
-50400.1
-50370.2
-50436.4
-50401
-50370.9
-50436.2
-50400.8
-50370.7
-50434.4
-50399.1
-50369.2
-50433.9
-50398.6
-50368.8
-50435.5
-50400.1
-50369.9
-50434.3
-50399
-50369
-50433.4
-50398.2
-50368.4
-50436.1
-50400.8
-50370.5
-50434.2
-50399
-50369.1
-50435.9
-50400.5
-50370.3
-50434.9
-50399.5
-50369.6
-50436.2
-50401
-50370.7
-50433.7
-50398.6
-50368.9
-50434.6
-50399.3
-50369.6
-50433.1
-50398
-50368.2
-50435.5
-50400.1
-50370
-50435.9
-50400.4
-50370.3
-50435.3
-50399.9
-50370
-50435.8
-50400.3
-50370.3
-50436.4
-50401.1
-50370.8
-50436.2
-50400.8
-50370.6
-50435.5
-50400.1
-50370.2
-50436.4
-50400.9
-50370.8
-50433.7
-50398.4
-50368.5
-50435
-50399.7
-50369.3
-50433.2
-50397.9
-50368.1
-50435.2
-50399.8
-50369.9
-50437.1
-50401.8
-50371.3
-50435.5
-50400.1
-50370.1
-50435.4
-50400.1
-50370.1
-50435.5
-50400.1
-50369.7
-50432.9
-50397.7
-50367.8
-50434.9
-50399.6
-50369.4
-50433.2
-50397.9
-50368.1
-50434.3
-50399
-50369.3
-50434.9
-50399.5
-50369.6
-50435.9
-50400.7
-50370.4
-50435.7
-50400.4
-50370.4
-50435.7
-50400.4
-50370.3
-50435.2
-50399.8
-50369.8
-50435.6
-50400.3
-50370.2
-50435.5
-50400.1
-50370.3
-50436.4
-50401.2
-50370.9
-50435.8
-50400.4
-50370.3
-50436.4
-50401
-50370.9
-50436.3
-50400.8
-50370.7
-50434
-50398.8
-50369.1
-50435.1
-50399.7
-50369.7
-50434.5
-50399.3
-50369.4
-50434.4
-50399.3
-50369.5
-50434.7
-50399.2
-50369.3
-50435.3
-50399.9
-50369.9
-50435.7
-50400.3
-50370.3
-50435.6
-50400.2
-50370.2
-50433.9
-50398.7
-50368.8
-50434.5
-50399.1
-50369.3
-50435.4
-50399.9
-50369.8
-50435.9
-50400.5
-50370.4
-50436
-50400.6
-50370.5
-50435.3
-50399.9
-50369.9
-50434.3
-50398.9
-50369.2
-50435.1
-50399.7
-50369.6
-50436.4
-50400.9
-50370.9
-50436
-50400.5
-50370.4
-50435.6
-50400.2
-50370.2
-50435.7
-50400.2
-50370.1
-50436
-50400.6
-50370.5
-50435.9
-50400.5
-50370.4
-50435.3
-50400
-50370
-50434.9
-50399.7
-50369.7
-50436.3
-50400.9
-50370.8
-50433.3
-50398.2
-50368.4
-50434.2
-50398.9
-50369.1
-50435.5
-50400.4
-50370.1
-50436.3
-50401
-50370.8
-50434.5
-50399.2
-50369.4
-50437.1
-50401.7
-50371.3
-50433.7
-50398.6
-50368.8
-50434.7
-50399.3
-50369.4
-50436
-50400.6
-50370.5
-50435.6
-50400.3
-50370.3
-50434.6
-50399.3
-50369.5
-50436.5
-50401.2
-50370.9
-50433.9
-50398.8
-50369.1
-50435
-50399.7
-50369.8
-50436.1
-50401
-50370.7
-50435.7
-50400.4
-50370.4
-50436
-50400.7
-50370.6
-50435.1
-50399.7
-50369.7
-50436.6
-50401.3
-50370.9
-50433.7
-50398.6
-50368.9
-50435
-50399.7
-50369.7
-50436.6
-50401.4
-50371.1
-50433.9
-50398.8
-50369.1
-50434.8
-50399.5
-50369.7
-50436.1
-50401
-50370.8
-50433.2
-50398.1
-50368.4
-50434.5
-50399.1
-50369.3
-50435.9
-50400.7
-50370.4
-50436
-50400.7
-50370.6
-50435.9
-50400.6
-50370.5
-50436.7
-50401.4
-50371
-50435.2
-50400
-50370.1
-50435.1
-50399.9
-50369.9
-50436.7
-50401.3
-50371.1
-50435.7
-50400.5
-50370.4
-50435.2
-50399.9
-50369.9
-50436.8
-50401.5
-50371.1
-50435.3
-50400.2
-50370.1
-50435.7
-50400.5
-50370.3
-50437.1
-50401.8
-50371.4
-50433.9
-50398.8
-50369
-50433.9
-50398.7
-50368.6
-50433.1
-50398
-50368.4
-50435.2
-50399.8
-50369.7
-50436.3
-50401.1
-50370.8
-50433.1
-50398
-50368.3
-50434.9
-50399.5
-50369.5
-50436.4
-50401.2
-50370.8
-50435.8
-50400.5
-50370.4
-50435.7
-50400.4
-50370.3
-50436.2
-50400.9
-50370.5
-50436.2
-50400.9
-50370.6
-50434.5
-50399.2
-50369.4
-50437.4
-50402.1
-50371.6
-50435.6
-50400.4
-50370.2
-50434.9
-50399.7
-50369.6
-50436.7
-50401.4
-50371
-50433.4
-50398.3
-50368.5
-50433.6
-50398.4
-50368.7
-50435.2
-50399.9
-50370
-50435.4
-50400.1
-50370.1
-50436.3
-50400.9
-50370.8
-50435.8
-50400.5
-50370.4
-50436.7
-50401.4
-50371
-50435.5
-50400.2
-50370.1
-50435.7
-50400.3
-50370.2
-50435.8
-50400.5
-50370.4
-50435.7
-50400.4
-50370.4
-50436.7
-50401.3
-50370.9
-50435.3
-50399.9
-50370
-50436.3
-50400.9
-50370.8
-50435
-50399.6
-50369.6
-50435.3
-50399.9
-50369.7
-50435.3
-50400
-50370
-50435.2
-50399.9
-50369.9
-50436.5
-50401.2
-50371
-50436.1
-50400.7
-50370.3
-50435.5
-50400
-50369.9
-50434.7
-50399.3
-50369.3
-50435.5
-50400
-50369.9
-50435.8
-50400.5
-50370.4
-50436.4
-50400.9
-50370.8
-50436.7
-50401.1
-50371
-50436.7
-50401.2
-50371.1
-50436.9
-50401.5
-50371.2
-50436.3
-50400.8
-50370.7
-50435.6
-50400.1
-50370.3
-50436
-50400.6
-50370.5
-50435.9
-50400.7
-50370.6
-50436.1
-50400.8
-50370.7
-50436.3
-50401
-50370.7
-50434.4
-50399.1
-50369.3
-50434.3
-50399.1
-50369.3
-50434.2
-50399
-50369.3
-50434.7
-50399.4
-50369.7
-50436.2
-50401
-50370.8
-50435.9
-50400.6
-50370.3
-50435.2
-50399.8
-50369.7
-50434.1
-50398.8
-50369
-50435.1
-50399.7
-50369.8
-50435
-50399.8
-50370
-50434.9
-50399.7
-50369.9
-50436
-50400.8
-50370.6
-50436.2
-50401
-50370.8
-50437.2
-50401.8
-50371.4
-50436.3
-50400.9
-50370.6
-50435.3
-50399.9
-50369.7
-50434.9
-50399.5
-50369.4
-50435.2
-50399.8
-50369.8
-50435.2
-50399.8
-50369.8
-50436.6
-50401.3
-50371
-50434.5
-50399.3
-50369.6
-50435.4
-50400.1
-50370.2
-50436.4
-50401.2
-50370.9
-50435
-50399.9
-50369.7
-50435.2
-50399.9
-50369.7
-50435.2
-50400
-50370.2
-50435.4
-50400.2
-50370
-50436.7
-50401.4
-50371
-50434.9
-50399.7
-50369.8
-50434.4
-50399.3
-50369.3
-50434.6
-50399.4
-50369.7
-50436.1
-50400.8
-50370.5
-50435.7
-50400.2
-50370.2
-50435
-50399.6
-50369.6
-50435.5
-50400
-50370
-50435.6
-50400.3
-50370.2
-50436.1
-50400.5
-50370.6
-50436.3
-50400.7
-50370.7
-50436.6
-50401.1
-50370.9
-50435.4
-50399.9
-50370.1
-50436.4
-50401.1
-50370.7
-50435.7
-50400.3
-50370.1
-50434.9
-50399.5
-50369.5
-50435.3
-50399.9
-50369.8
-50435.1
-50399.7
-50369.6
-50434.6
-50399.4
-50369.7
-50435.2
-50399.7
-50369.8
-50435.3
-50399.9
-50369.9
-50436
-50400.6
-50370.4
-50436
-50400.4
-50370.5
-50436.8
-50401.3
-50371.2
-50436.5
-50401
-50371
-50435.1
-50399.8
-50370
-50435.2
-50399.9
-50370
-50434.7
-50399.5
-50369.7
-50434.7
-50399.4
-50369.7
-50434.2
-50398.9
-50369.2
-50433.6
-50398.4
-50368.7
-50434.5
-50399.3
-50369.6
-50433.7
-50398.5
-50368.7
-50434.4
-50399.3
-50369.4
-50433.4
-50398.4
-50368.7
-50435.4
-50400.2
-50370.1
-50435.5
-50400.2
-50370.2
-50436.9
-50401.5
-50371.3
-50436.3
-50401.1
-50370.9
-50437.1
-50401.7
-50371.4
-50433.7
-50398.6
-50368.9
-50434.1
-50398.8
-50369.1
-50434.9
-50399.6
-50369.8
-50436
-50400.5
-50370.4
-50435.6
-50400.1
-50370.1
-50435.6
-50400.1
-50370.1
-50436
-50400.6
-50370.5
-50435.6
-50400.2
-50370.2
-50435.4
-50400
-50370.2
-50436.1
-50400.7
-50370.5
-50435.7
-50400.3
-50370.3
-50435.5
-50400
-50370.1
-50436
-50400.6
-50370.5
-50436
-50400.5
-50370.4
-50435.8
-50400.4
-50370.3
-50435.6
-50400.2
-50370.1
-50435.7
-50400.3
-50370.2
-50435.8
-50400.5
-50370.4
-50435.9
-50400.6
-50370.5
-50436.2
-50400.8
-50370.5
-50435.4
-50399.9
-50370
-50435.9
-50400.4
-50370.3
-50435.6
-50400.3
-50370.3
-50436.3
-50401
-50370.6
-50434.5
-50399.1
-50369.3
-50435.4
-50400
-50370.1
-50435.9
-50400.5
-50370.4
-50435.8
-50400.5
-50370.4
-50436.4
-50401
-50370.7
-50436.1
-50400.7
-50370.7
-50436
-50400.6
-50370.5
-50437
-50401.6
-50371.2
-50436.5
-50401
-50370.8
-50436.1
-50400.6
-50370.6
-50437.1
-50401.7
-50371.4
-50436.8
-50401.3
-50371
-50435.2
-50399.7
-50369.9
-50435.5
-50400
-50370.2
-50436.7
-50401.2
-50371.1
-50436.6
-50401
-50370.9
-50436.4
-50400.8
-50370.9
-50433.3
-50398.2
-50368.5
-50436.5
-50401.1
-50370.6
-50435.3
-50399.8
-50369.7
-50435.7
-50400.3
-50370.2
-50435.2
-50399.9
-50369.8
-50435.3
-50399.9
-50369.8
-50435.4
-50400.1
-50370.1
-50435.4
-50400.1
-50370.1
-50435.7
-50400.3
-50370.1
-50435.5
-50400.3
-50370
-50434
-50398.6
-50368.8
-50435.6
-50400.1
-50370.1
-50435.8
-50400.4
-50370.2
-50436.6
-50401.3
-50371.1
-50436
-50400.7
-50370.6
-50436.1
-50400.8
-50370.8
-50436.6
-50401.3
-50371
-50436
-50400.5
-50370.5
-50436.3
-50400.9
-50370.7
-50436.2
-50400.9
-50370.8
-50433.4
-50398.2
-50368.5
-50435.8
-50400.4
-50370.2
-50436
-50400.6
-50370.2
-50435.5
-50400.1
-50369.9
-50435.7
-50400.3
-50370.2
-50435.5
-50400.2
-50370
-50435.4
-50400.2
-50369.9
-50434.7
-50399.3
-50369.4
-50435.5
-50400.1
-50370.1
-50436
-50400.7
-50370.5
-50436.3
-50401
-50370.9
-50437
-50401.6
-50371.2
-50436.2
-50400.8
-50370.7
-50436.2
-50400.9
-50370.8
-50436.8
-50401.4
-50371.1
-50436.5
-50401
-50370.9
-50436.7
-50401.2
-50371
-50435.6
-50400.2
-50370.3
-50435.3
-50399.8
-50369.9
-50436.1
-50400.6
-50370.5
-50435.4
-50399.9
-50370
-50435.6
-50400.1
-50370.1
-50435.8
-50400.4
-50370.3
-50435.8
-50400.4
-50370.3
-50435.9
-50400.6
-50370.6
-50436
-50400.8
-50370.4
-50435.2
-50399.7
-50369.9
-50435.3
-50399.9
-50370.1
-50435.9
-50400.6
-50370.5
-50436.6
-50401.3
-50370.9
-50436.5
-50401
-50370.8
-50435.7
-50400.4
-50370.3
-50435.9
-50400.6
-50370.6
-50436.1
-50400.7
-50370.6
-50436.6
-50401.2
-50370.8
-50435.9
-50400.5
-50370.4
-50435.8
-50400.3
-50370.5
-50436.4
-50400.8
-50370.9
-50436.6
-50401.1
-50370.9
-50434
-50398.8
-50369.1
-50436
-50400.8
-50370.5
-50434.3
-50399
-50369.3
-50436.5
-50401.1
-50370.8
-50435.7
-50400.5
-50370.3
-50434.3
-50399
-50369.2
-50436.4
-50401.1
-50370.7
-50433.5
-50398.4
-50368.6
-50435.9
-50400.5
-50370.3
-50435.6
-50400.4
-50370.4
-50435.8
-50400.6
-50370.5
-50434.6
-50399.2
-50369.4
-50436.2
-50400.9
-50370.8
-50434.8
-50399.6
-50369.6
-50433.8
-50398.7
-50368.9
-50434.6
-50399.2
-50369.3
-50435.7
-50400.6
-50370.4
-50434.6
-50399.4
-50369.6
-50433.3
-50398.1
-50368.4
-50436.8
-50401.6
-50371.1
-50435.1
-50399.8
-50369.8
-50435.5
-50400.1
-50370
-50436
-50400.7
-50370.4
-50434.3
-50399
-50369.2
-50435.5
-50400.1
-50370
-50435.3
-50399.9
-50369.8
-50435.4
-50399.9
-50369.8
-50435.2
-50399.9
-50369.9
-50435.3
-50399.9
-50369.9
-50435.3
-50400
-50369.9
-50435.3
-50399.9
-50369.7
-50437.1
-50401.8
-50371.3
-50435.7
-50400.3
-50370.4
-50436.2
-50400.7
-50370.7
-50435.8
-50400.5
-50370.5
-50435.6
-50400.3
-50370.3
-50436
-50400.8
-50370.7
-50436.1
-50400.8
-50370.7
-50435.4
-50400.2
-50370
-50434
-50398.7
-50368.9
-50436
-50400.8
-50370.4
-50435.1
-50399.8
-50369.7
-50434.5
-50399.2
-50369.2
-50436.2
-50400.8
-50370.5
-50433
-50397.9
-50368.2
-50433.6
-50398.6
-50368.9
-50435.2
-50399.9
-50369.9
-50433.9
-50398.8
-50369.1
-50434.5
-50399.3
-50369.5
-50434.8
-50399.7
-50369.6
-50434.3
-50399
-50369
-50434.7
-50399.5
-50369.5
-50434.4
-50399.1
-50369.3
-50435.2
-50400
-50369.9
-50433.4
-50398.2
-50368.3
-50435.2
-50399.9
-50369.7
-50435.7
-50400.3
-50370
-50435.1
-50399.8
-50370
-50435.1
-50400
-50369.8
-50434.2
-50399.1
-50369.4
-50434.6
-50399.4
-50369.7
-50433
-50397.8
-50368.1
-50436.1
-50400.9
-50370.5
-50434.8
-50399.3
-50369.5
-50435.4
-50400
-50370
-50435.2
-50399.9
-50369.7
-50435.3
-50399.9
-50369.8
-50435.4
-50400.1
-50370
-50435.2
-50399.9
-50369.8
-50437
-50401.7
-50371.3
-50435.6
-50400.2
-50370.3
-50436.6
-50401.3
-50370.9
-50434.8
-50399.4
-50369.6
-50436
-50400.7
-50370.6
-50436.4
-50401.1
-50370.9
-50435.7
-50400.3
-50370.1
-50435.1
-50399.8
-50369.8
-50434.2
-50399.1
-50369.2
-50434.7
-50399.3
-50369.5
-50434.6
-50399.5
-50369.5
-50433.3
-50398.2
-50368.6
-50434.7
-50399.3
-50369.4
-50433.9
-50398.6
-50368.8
-50435.8
-50400.5
-50370.2
-50434.2
-50399
-50369.2
-50434.8
-50399.6
-50369.7
-50435
-50399.7
-50369.9
-50435.9
-50400.7
-50370.5
-50435.8
-50400.5
-50370.4
-50436.8
-50401.5
-50371.1
-50434.7
-50399.5
-50369.5
-50433.5
-50398.3
-50368.7
-50434.5
-50399.1
-50369.3
-50435.8
-50400.7
-50370.4
-50436.4
-50401.2
-50370.9
-50436.8
-50401.4
-50371.1
-50435.8
-50400.6
-50370.4
-50435.5
-50400.3
-50370.3
-50436.2
-50400.9
-50370.7
-50432.4
-50397.2
-50367.7
-50435.2
-50399.9
-50369.8
-50435.3
-50399.9
-50369.7
-50435.6
-50400.3
-50370
-50435
-50399.6
-50369.6
-50435.6
-50400.1
-50370
-50435.9
-50400.6
-50370.2
-50434.9
-50399.5
-50369.5
-50435.6
-50400.1
-50370
-50436.1
-50400.7
-50370.6
-50436.3
-50401
-50370.9
-50436.2
-50400.9
-50370.8
-50436.3
-50401
-50370.6
-50436.3
-50400.9
-50370.7
-50437.1
-50401.7
-50371.3
-50436.4
-50401
-50370.9
-50434.3
-50398.9
-50369
-50433.7
-50398.4
-50368.5
-50434.3
-50399.1
-50369.3
-50434.5
-50399.2
-50369.4
-50435.4
-50400.2
-50370.1
-50435.1
-50399.9
-50369.7
-50436
-50400.7
-50370.3
-50434.9
-50399.9
-50369.8
-50435.1
-50399.8
-50370
-50434.1
-50398.9
-50369.2
-50435
-50399.7
-50369.9
-50433.3
-50398.1
-50368.3
-50435.4
-50400.1
-50369.8
-50436.1
-50400.7
-50370.4
-50435.3
-50400.1
-50369.9
-50436.3
-50401
-50370.6
-50434.2
-50399
-50369.2
-50434.6
-50399.4
-50369.5
-50435.6
-50400.3
-50370.2
-50434.3
-50399.2
-50369.5
-50435.3
-50400
-50370.2
-50434
-50398.9
-50369.2
-50435.1
-50399.9
-50369.9
-50434.9
-50399.6
-50369.5
-50435.2
-50399.9
-50369.9
-50435.4
-50400
-50369.9
-50435.6
-50400.3
-50370
-50435.3
-50399.9
-50369.8
-50436.1
-50400.9
-50370.6
-50435.8
-50400.5
-50370.4
-50436.2
-50400.9
-50370.8
-50436.2
-50400.8
-50370.7
-50436.7
-50401.4
-50371.1
-50436.9
-50401.6
-50371.2
-50434
-50399
-50369.2
-50433.1
-50398
-50368.4
-50434.2
-50398.8
-50369
-50434
-50398.8
-50369.1
-50435.6
-50400.1
-50370.1
-50435.3
-50399.9
-50370
-50435.6
-50400.1
-50370.2
-50435.7
-50400.2
-50370.2
-50435.9
-50400.4
-50370.2
-50435.7
-50400.2
-50370.1
-50435.9
-50400.6
-50370.4
-50435.4
-50400.1
-50370
-50435.7
-50400.4
-50370.4
-50436
-50400.7
-50370.3
-50434.1
-50398.7
-50368.8
-50435.4
-50399.9
-50369.8
-50435.8
-50400.5
-50370.3
-50436.4
-50401.1
-50370.8
-50436.3
-50400.8
-50370.7
-50435.5
-50400.2
-50370.1
-50435.6
-50400.4
-50370.4
-50436
-50400.6
-50370.5
-50436.4
-50401
-50370.7
-50435.8
-50400.3
-50370.4
-50436.1
-50400.5
-50370.6
-50436.4
-50400.9
-50370.8
-50433.6
-50398.3
-50368.6
-50435.2
-50399.9
-50369.7
-50436.1
-50400.7
-50370.3
-50434.8
-50399.4
-50369.5
-50435.4
-50399.9
-50369.8
-50435
-50399.6
-50369.5
-50435.3
-50400
-50369.9
-50435.4
-50400.1
-50369.9
-50436.9
-50401.5
-50371.1
-50435.8
-50400.4
-50370.3
-50435.9
-50400.6
-50370.6
-50436.5
-50401.2
-50370.8
-50435
-50399.6
-50369.8
-50436.2
-50400.9
-50370.8
-50436.6
-50401.3
-50370.8
-50435.3
-50399.9
-50369.9
-50435
-50399.6
-50369.6
-50435.1
-50399.8
-50369.8
-50435.4
-50400
-50369.9
-50436.2
-50400.7
-50370.3
-50435.7
-50400.2
-50370
-50436.4
-50401.1
-50371
-50436.6
-50401.3
-50371
-50435.8
-50400.6
-50370.6
-50437.1
-50401.7
-50371.2
-50435.7
-50400.2
-50370.2
-50435.9
-50400.4
-50370.2
-50435.6
-50400.3
-50370.1
-50433.9
-50398.6
-50368.8
-50435.6
-50400.3
-50370.2
-50436.3
-50400.9
-50370.5
-50434.4
-50399.1
-50369.3
-50435.5
-50400.2
-50370.2
-50435.8
-50400.5
-50370.4
-50436.5
-50401.1
-50370.8
-50435.7
-50400.4
-50370.4
-50436.6
-50401.3
-50370.9
)
;

boundaryField
{
    sphere_to_oil
    {
        type            calculated;
        value           nonuniform List<scalar> 
1536
(
-50368
-50368.3
-50368.3
-50368.8
-50368.5
-50368.9
-50369.2
-50368.7
-50368.8
-50369.2
-50368.5
-50368.2
-50368.8
-50369.3
-50368.5
-50369.3
-50367
-50367.3
-50368.5
-50368.7
-50368.6
-50367.8
-50368
-50368.2
-50368.3
-50368.2
-50368
-50368.3
-50368.4
-50368.7
-50368.6
-50368.7
-50368.7
-50367.8
-50367.8
-50368.3
-50367.8
-50368
-50368.4
-50367.9
-50368.3
-50368
-50368.7
-50368.6
-50368.5
-50368.9
-50368
-50368
-50369.3
-50369.2
-50369.2
-50369.3
-50368.1
-50368.2
-50368.6
-50368.4
-50369.1
-50369.2
-50368.4
-50368.6
-50368.8
-50368.7
-50368.9
-50368.2
-50368.5
-50368.2
-50367.7
-50368.9
-50368.9
-50368.9
-50367.2
-50369.7
-50369.5
-50369.3
-50367.2
-50369
-50369.2
-50369.6
-50369.3
-50367.3
-50367.9
-50368
-50369
-50368.4
-50368.8
-50368.4
-50369.5
-50369.2
-50369.1
-50368.6
-50368.9
-50368.3
-50368.6
-50368.3
-50368.5
-50368
-50367.3
-50368.8
-50368.7
-50369.1
-50369.1
-50367.3
-50368.6
-50368.9
-50369.4
-50369.3
-50367.1
-50369.8
-50369.7
-50368.9
-50369.2
-50369.3
-50368
-50368.2
-50369
-50369.2
-50369.5
-50368.8
-50368.5
-50368.7
-50369.3
-50368.9
-50368.3
-50368.5
-50367.7
-50368.1
-50368.4
-50368.8
-50367.8
-50368.1
-50368.3
-50368.8
-50368.9
-50369.2
-50369.2
-50368.1
-50368.2
-50368.1
-50369.3
-50369
-50368.4
-50368.4
-50368.5
-50368.6
-50368.9
-50368.8
-50367.7
-50368
-50368
-50366.8
-50367.1
-50368.3
-50368.3
-50368.1
-50368.3
-50368.5
-50367.5
-50368.2
-50366.6
-50367.6
-50367.4
-50368
-50367.8
-50367.8
-50368.2
-50367.7
-50368
-50368
-50367.2
-50367.8
-50369
-50369
-50369.1
-50369
-50369.2
-50369
-50367.5
-50368.5
-50367.8
-50366.6
-50367.7
-50367.4
-50367.7
-50367.4
-50368.2
-50367.2
-50368
-50368.9
-50368.8
-50369.3
-50369.6
-50369
-50369.1
-50368.8
-50369
-50369.4
-50368.8
-50368.7
-50369.1
-50369.1
-50369.1
-50369.6
-50368.3
-50368.3
-50368.2
-50368.6
-50369
-50368.5
-50368.5
-50368.7
-50368.9
-50369
-50369.3
-50368.9
-50369
-50368.5
-50368.9
-50369.4
-50369.6
-50370.1
-50369
-50369.1
-50368.8
-50369.3
-50369.5
-50368
-50368.3
-50368.6
-50368.6
-50369.1
-50368.3
-50368.7
-50368.5
-50368.7
-50368.1
-50368.1
-50367.9
-50368.4
-50368.6
-50369.5
-50369.4
-50368.6
-50367.8
-50368.5
-50369.2
-50369.3
-50369.1
-50368.4
-50368
-50368.1
-50369.5
-50368.5
-50369
-50368.7
-50368.9
-50369
-50368.9
-50368.4
-50368.4
-50367.3
-50367.1
-50367.7
-50368.7
-50367.1
-50367.8
-50368.3
-50368.3
-50368.9
-50368.1
-50368.2
-50368
-50368.5
-50368.7
-50369
-50369
-50368.7
-50368.8
-50368.9
-50369.1
-50368
-50367.8
-50367.7
-50368.4
-50368.4
-50369.7
-50369.3
-50369.4
-50368.2
-50368.4
-50367.8
-50367.7
-50368.3
-50368.5
-50369.1
-50368.9
-50369
-50370
-50369.9
-50369.8
-50370.2
-50369.8
-50369.9
-50369.7
-50369
-50369
-50367.1
-50367.5
-50367.6
-50367.6
-50368.3
-50367
-50367.8
-50369.3
-50369.3
-50369.3
-50369.1
-50369.3
-50369.1
-50368.6
-50368.6
-50368.3
-50368.8
-50368.5
-50368.8
-50368.3
-50368.3
-50368.2
-50368.7
-50368.6
-50367.9
-50368.1
-50368.5
-50368.9
-50369.4
-50369.5
-50368.9
-50369.1
-50368.8
-50369
-50368.7
-50368.8
-50369
-50368.9
-50368.7
-50369.2
-50369.4
-50369.8
-50369.9
-50369.9
-50369.8
-50369.9
-50369.7
-50368.8
-50368.4
-50368.3
-50368.2
-50368.7
-50367.9
-50368.4
-50368.2
-50368.1
-50368.1
-50368.7
-50368.4
-50367.7
-50368.6
-50369.1
-50369.1
-50369.6
-50369.6
-50369.3
-50369.2
-50369
-50369.6
-50369.4
-50368.9
-50369
-50368.3
-50367.8
-50368.1
-50368.2
-50368.2
-50367.9
-50368.7
-50369.2
-50368.3
-50367.7
-50367.5
-50367.9
-50367.9
-50367.8
-50368.6
-50368.6
-50369.4
-50369.2
-50368.8
-50369.1
-50369.1
-50368.9
-50369.5
-50369.2
-50368.8
-50369.1
-50368.8
-50369.3
-50369.7
-50369.1
-50369.1
-50368.9
-50369.3
-50369.5
-50369.6
-50369.3
-50369.6
-50369.6
-50369.2
-50369.4
-50369.1
-50368.7
-50368.8
-50367.8
-50369.2
-50368.7
-50368.4
-50368.4
-50368.2
-50368.7
-50368.9
-50368.5
-50368.3
-50369
-50369.2
-50368.8
-50369.4
-50369.3
-50369.5
-50369.2
-50368.6
-50368.6
-50368.3
-50369
-50368.9
-50368.7
-50369.2
-50369.4
-50369.9
-50369.8
-50369.8
-50369.8
-50369.7
-50369.8
-50369
-50369
-50367.5
-50367.8
-50367.8
-50366.8
-50367.9
-50367.5
-50368.1
-50368.9
-50368.4
-50368.5
-50368.3
-50368.1
-50368.2
-50368.1
-50368.7
-50368.1
-50368.2
-50368.1
-50368.6
-50368.4
-50368.1
-50368.3
-50367.4
-50369.5
-50369.1
-50369
-50368.7
-50369.5
-50369.1
-50369.1
-50368.6
-50369.3
-50369.3
-50368.8
-50368.8
-50367.1
-50366.1
-50367.4
-50366.6
-50366.9
-50367
-50369.7
-50369.4
-50368.5
-50368.8
-50368.9
-50369.1
-50366.4
-50367.4
-50367.1
-50367
-50367.6
-50367.1
-50365.8
-50369.7
-50369.6
-50369.5
-50369.7
-50369.6
-50369
-50369
-50368.6
-50368.7
-50368.3
-50368.2
-50368
-50368.7
-50368.3
-50368.4
-50367.4
-50368.8
-50368.3
-50367.9
-50367.8
-50369
-50369.5
-50368.7
-50369.2
-50369
-50369.1
-50369.2
-50369.3
-50369.3
-50369.1
-50369.1
-50368.8
-50369.5
-50368.9
-50369
-50368.8
-50369.3
-50369.2
-50369.2
-50368.9
-50369
-50369.4
-50369.2
-50369
-50368.4
-50368
-50369.3
-50368.4
-50367.6
-50367.9
-50367.1
-50368.1
-50367.7
-50368.3
-50368.3
-50367.9
-50366.9
-50367.8
-50367.7
-50368
-50368.6
-50367.2
-50368.4
-50368.4
-50368.3
-50368.6
-50368
-50368.3
-50367.4
-50368.4
-50368.4
-50367.6
-50367.8
-50368.1
-50366.9
-50367.3
-50368
-50368.1
-50367.8
-50368.6
-50368.7
-50367.8
-50368.2
-50367.8
-50368.6
-50368.6
-50368.9
-50368.8
-50369
-50369.3
-50369.1
-50369.3
-50369.1
-50368.8
-50368.9
-50368.6
-50369.2
-50369.4
-50368.9
-50368.9
-50368.6
-50369.3
-50369.4
-50366.5
-50367.6
-50367.1
-50367
-50367.8
-50367.4
-50366.3
-50369.4
-50369.3
-50369.2
-50369.6
-50369.5
-50369
-50368.9
-50368.5
-50366.9
-50366.8
-50367.7
-50367.9
-50366.1
-50367.3
-50366.3
-50367.4
-50368.1
-50368.9
-50369.8
-50369.8
-50369.5
-50369.3
-50369.6
-50369.5
-50369.7
-50368.6
-50368.9
-50368.5
-50368.4
-50368.3
-50368.1
-50368.4
-50368
-50367.6
-50367.8
-50367.7
-50368.3
-50368.6
-50368.8
-50368.3
-50368.4
-50367.9
-50368.7
-50368.9
-50368.8
-50368.8
-50368.5
-50369.4
-50368.9
-50369.5
-50369
-50370
-50370.4
-50369.3
-50369.2
-50369.3
-50369
-50369.6
-50369.4
-50369.3
-50368.9
-50369.2
-50369.5
-50369.2
-50369.2
-50368.7
-50369
-50369.4
-50369.6
-50369.4
-50369.3
-50369.3
-50369
-50369.6
-50369.6
-50369
-50368.8
-50368.8
-50369.3
-50369.5
-50367.7
-50368.1
-50368.5
-50368.2
-50367.3
-50367.8
-50368.1
-50368.7
-50367.5
-50369.1
-50369.1
-50369.2
-50369.2
-50369.2
-50369.3
-50369.2
-50368.8
-50368.8
-50368.2
-50369.1
-50368.9
-50368.3
-50368.3
-50368.1
-50368.7
-50367.3
-50367.1
-50368.6
-50368.8
-50369
-50368.7
-50369.4
-50369.2
-50369.7
-50368.6
-50368.7
-50368.4
-50368.9
-50369
-50369.3
-50368.9
-50368.8
-50368.6
-50369.8
-50369.8
-50369.7
-50369.9
-50369.9
-50369.7
-50369
-50368.5
-50368.2
-50368.3
-50367.7
-50368.5
-50367.9
-50368
-50367.7
-50368.5
-50368
-50367.8
-50368.3
-50368.7
-50368.6
-50368.4
-50369.1
-50368.8
-50368.9
-50368.6
-50368.5
-50369.7
-50369.3
-50369
-50368.8
-50368.5
-50368.8
-50368.6
-50369.1
-50369.1
-50369.7
-50368
-50368.1
-50368
-50368.4
-50368.6
-50368.9
-50368
-50368.4
-50368
-50368.3
-50368.2
-50368.2
-50368
-50368.4
-50368.6
-50368.8
-50369.5
-50369.3
-50368.9
-50368.8
-50369.6
-50369.7
-50369.4
-50369.3
-50369.4
-50369
-50369.7
-50369.7
-50368.9
-50369.3
-50369.1
-50369.2
-50369.6
-50369.2
-50369.4
-50369
-50369.1
-50368.9
-50369
-50369.1
-50368.9
-50369.1
-50369
-50369.2
-50369.2
-50369.2
-50368.6
-50368.5
-50368.5
-50368.8
-50368.7
-50368.8
-50367.6
-50367.6
-50369.3
-50368.6
-50368.6
-50368.4
-50368.9
-50368.1
-50368.1
-50368.6
-50368.8
-50369.2
-50369.5
-50369.6
-50369.1
-50369.1
-50368.7
-50368.6
-50369.4
-50369
-50368.9
-50368.8
-50369.3
-50369.4
-50368.5
-50368.9
-50369
-50369.1
-50369.3
-50369.3
-50369.4
-50369
-50368.8
-50368.7
-50368.5
-50369.2
-50368.1
-50368.6
-50369.1
-50369.7
-50369
-50368.7
-50369.3
-50369.2
-50368.5
-50368.8
-50368.6
-50369.4
-50368.8
-50368.7
-50369.2
-50368.2
-50369.6
-50369.1
-50369.3
-50368.3
-50367.5
-50368.7
-50368.9
-50368.8
-50369
-50368.9
-50367.8
-50368.9
-50368.3
-50369
-50367.7
-50369.1
-50368.7
-50367.5
-50368
-50369.5
-50368.9
-50368.3
-50369.4
-50368.6
-50369.2
-50368.6
-50369.4
-50368.4
-50368.3
-50368.7
-50367
-50368.5
-50367.5
-50369.5
-50368.9
-50369.6
-50368.5
-50368.1
-50369
-50368.2
-50368.5
-50367.2
-50367.8
-50369.3
-50368.2
-50367.8
-50368
-50368
-50368.6
-50368.4
-50367.8
-50368.9
-50367.9
-50367.4
-50367.8
-50369.3
-50368
-50368.3
-50368.5
-50368.8
-50368.6
-50369.1
-50369
-50368.8
-50369.2
-50367.7
-50368.7
-50368.8
-50368.7
-50369.3
-50367.8
-50368.1
-50368.6
-50368.6
-50369.2
-50369.1
-50369.3
-50368.9
-50369.2
-50368.6
-50369.1
-50368
-50369
-50367.9
-50368.6
-50367.5
-50368.5
-50368.5
-50369
-50368.5
-50368.7
-50367.5
-50369.1
-50368.8
-50369
-50369.6
-50368.7
-50367.1
-50368.3
-50367.1
-50369.1
-50369
-50367.1
-50368.2
-50366.5
-50368.7
-50369.3
-50368.7
-50368.9
-50367
-50368.9
-50369.5
-50369
-50368.9
-50369.6
-50369.4
-50368.1
-50367.6
-50368.6
-50367.9
-50367.2
-50369.1
-50367.9
-50369
-50368.3
-50369.3
-50367.8
-50368.4
-50367.1
-50368.7
-50368.9
-50368.8
-50368.9
-50369.4
-50369.3
-50369
-50369.5
-50367.2
-50368
-50367
-50368.7
-50369.8
-50368.8
-50368.9
-50368.2
-50366.7
-50368
-50367
-50368.1
-50368.4
-50369.1
-50369.1
-50369
-50368.5
-50368.9
-50369
-50369.5
-50369
-50369.6
-50369.4
-50368
-50368.4
-50368.2
-50368.3
-50368.1
-50368.6
-50369
-50368.9
-50367.6
-50368.1
-50368.5
-50369.1
-50369.2
-50368.6
-50368
-50368.4
-50369.6
-50369.2
-50368.9
-50368.8
-50369.2
-50369.1
-50368.7
-50368.5
-50369.3
-50367.4
-50367.9
-50368.8
-50369.4
-50368.2
-50369.8
-50367.7
-50368.2
-50369.2
-50369
-50368.3
-50369.4
-50368
-50368.5
-50369.4
-50369
-50369.2
-50368.4
-50369.4
-50367.8
-50368.5
-50369.7
-50367.9
-50368.5
-50369.5
-50367.4
-50368.1
-50369.1
-50369.3
-50369.2
-50369.5
-50368.8
-50368.7
-50369.6
-50369
-50368.5
-50369.5
-50368.8
-50368.9
-50369.8
-50367.9
-50367.5
-50367.3
-50368.4
-50369.5
-50367.3
-50368.2
-50369.4
-50369.1
-50368.9
-50369.1
-50369.2
-50368.1
-50370
-50368.9
-50368.2
-50369.5
-50367.4
-50367.6
-50368.7
-50368.8
-50369.4
-50369.1
-50369.5
-50368.9
-50369
-50369.1
-50369.1
-50369.5
-50368.8
-50369.5
-50368.3
-50368.4
-50368.7
-50368.7
-50369.7
-50368.9
-50368.6
-50368.1
-50368.7
-50369.1
-50369.5
-50369.6
-50369.8
-50369.7
-50369.3
-50369
-50369.3
-50369.3
-50369.4
-50369.3
-50368.1
-50368.1
-50368.2
-50368.5
-50369.5
-50368.9
-50368.4
-50367.8
-50368.5
-50368.8
-50368.7
-50369.3
-50369.5
-50369.8
-50369.1
-50368.4
-50368.2
-50368.5
-50368.5
-50369.6
-50368.5
-50368.9
-50369.6
-50368.5
-50368.3
-50369
-50368.7
-50369.5
-50368.4
-50368.1
-50368.5
-50369.1
-50368.8
-50368.4
-50368.7
-50368.9
-50369.3
-50369.4
-50369.6
-50368.9
-50369.2
-50368.7
-50368.1
-50368.5
-50368.3
-50368.6
-50368.6
-50368.6
-50369.1
-50369.3
-50369.9
-50369.7
-50368.8
-50368.8
-50368.5
-50368.5
-50368
-50367.6
-50368.4
-50367.6
-50368.1
-50367.6
-50368.8
-50368.9
-50369.8
-50369.5
-50369.8
-50367.8
-50367.9
-50368.6
-50369.1
-50368.8
-50368.8
-50369.2
-50369
-50368.9
-50369.2
-50369
-50368.9
-50369.2
-50369.1
-50369
-50368.8
-50368.8
-50369.1
-50369.2
-50369.1
-50368.8
-50369
-50369
-50369.2
-50368.1
-50368.8
-50369.1
-50369
-50369.3
-50369.4
-50369.2
-50369.7
-50369.4
-50369.3
-50370
-50369.7
-50368.8
-50369
-50369.8
-50369.6
-50369.6
-50367.4
-50369.2
-50368.3
-50368.8
-50368.5
-50368.5
-50368.8
-50368.8
-50368.7
-50368.6
-50367.6
-50368.8
-50368.8
-50369.7
-50369.3
-50369.5
-50369.6
-50369.2
-50369.4
-50369.5
-50367.4
-50368.8
-50368.8
-50368.6
-50368.9
-50368.6
-50368.6
-50368.1
-50368.8
-50369.3
-50369.6
-50369.8
-50369.4
-50369.5
-50369.7
-50369.5
-50369.6
-50369
-50368.7
-50369.1
-50368.8
-50368.9
-50369
-50368.9
-50369.3
-50369.1
-50368.6
-50368.8
-50369.2
-50369.5
-50369.5
-50369.1
-50369.3
-50369.3
-50369.4
-50369
-50369.3
-50369.6
-50369.6
-50367.9
-50369.2
-50368.1
-50369.3
-50369
-50367.9
-50369.2
-50367.5
-50369
-50369.2
-50369.2
-50368.3
-50369.4
-50368.4
-50367.8
-50368.2
-50369.1
-50368.4
-50367.3
-50369.7
-50368.5
-50368.7
-50369
-50367.9
-50368.7
-50368.5
-50368.5
-50368.6
-50368.6
-50368.5
-50368.4
-50369.9
-50369.1
-50369.3
-50369.2
-50369
-50369.4
-50369.4
-50368.6
-50367.7
-50368.9
-50368.4
-50367.8
-50369
-50367
-50367.8
-50368.6
-50368
-50368.3
-50368.4
-50367.7
-50368.3
-50368.1
-50368.6
-50367.1
-50368.3
-50368.6
-50368.8
-50368.6
-50368.3
-50368.5
-50367.1
-50369.1
-50368.3
-50368.7
-50368.3
-50368.5
-50368.7
-50368.5
-50369.9
-50369.1
-50369.5
-50368.4
-50369.3
-50369.5
-50368.7
-50368.5
-50368.1
-50368.3
-50368.3
-50367.6
-50368.2
-50367.7
-50368.7
-50367.9
-50368.5
-50368.7
-50369.2
-50369.1
-50369.6
-50368.2
-50367.6
-50368.1
-50369.1
-50369.6
-50369.6
-50369.1
-50369.1
-50369.3
-50366.7
-50368.5
-50368.3
-50368.7
-50368.4
-50368.7
-50368.9
-50368.2
-50368.7
-50369.3
-50369.6
-50369.4
-50369.3
-50369.4
-50369.9
-50369.5
-50367.7
-50367.3
-50368.1
-50368.2
-50368.8
-50368.4
-50368.8
-50368.6
-50368.8
-50368.1
-50368.7
-50367.1
-50368.4
-50368.8
-50368.6
-50369
-50368
-50368.3
-50368.8
-50368.4
-50369
-50368.1
-50368.7
-50368.3
-50368.6
-50368.6
-50368.6
-50368.5
-50369.2
-50369
-50369.5
-50369.4
-50369.7
-50369.7
-50368
-50367.4
-50367.9
-50368
-50368.9
-50368.7
-50368.9
-50368.9
-50368.9
-50368.8
-50369
-50368.7
-50369.1
-50368.9
-50367.6
-50368.5
-50369
-50369.4
-50369.4
-50368.9
-50369.1
-50369.1
-50369.3
-50369.2
-50369.3
-50369.5
-50367.5
-50368.4
-50368.8
-50368.2
-50368.5
-50368.3
-50368.6
-50368.6
-50369.6
-50368.9
-50369.3
-50369.4
-50368.6
-50369.5
-50369.4
-50368.6
-50368.3
-50368.5
-50368.5
-50368.9
-50368.7
-50369.6
-50369.7
-50369.3
-50369.8
-50368.9
-50368.9
-50368.8
-50367.7
-50368.9
-50369.1
-50368.2
-50368.9
-50369.1
-50369.4
-50369.1
-50369.5
)
;
    }
}


// ************************************************************************* //
