/*--------------------------------*- C++ -*----------------------------------*\
| =========                 |                                                 |
| \\      /  F ield         | OpenFOAM: The Open Source CFD Toolbox           |
|  \\    /   O peration     | Version:  v1912                                 |
|   \\  /    A nd           | Website:  www.openfoam.com                      |
|    \\/     M anipulation  |                                                 |
\*---------------------------------------------------------------------------*/
FoamFile
{
    version     2.0;
    format      ascii;
    class       volScalarField;
    location    "234/sphere";
    object      ddt0((betavSolid*thermo:rho),h);
}
// * * * * * * * * * * * * * * * * * * * * * * * * * * * * * * * * * * * * * //

dimensions      [1 -1 -3 0 0 0 0];


internalField   nonuniform List<scalar> 
6600
(
-514804
-514896
-514887
-515097
-514835
-514832
-514893
-515508
-515638
-515262
-514885
-515634
-515763
-515404
-515209
-515399
-515100
-514884
-515088
-514836
-514885
-515630
-515762
-515405
-515069
-515759
-515887
-515534
-514894
-514817
-515395
-515523
-515298
-514878
-514830
-515248
-515405
-515076
-514822
-515394
-515528
-515297
-515060
-515292
-514951
-514881
-514882
-514881
-514873
-514882
-514809
-515097
-514905
-515403
-515266
-515530
-515411
-515265
-515528
-515403
-514897
-514809
-515096
-514902
-515405
-515401
-515264
-515096
-514900
-514900
-514810
-514871
-514871
-514868
-514862
-514838
-514863
-514870
-514840
-514862
-514869
-514838
-514873
-514926
-514830
-514828
-515065
-515291
-514829
-514831
-515293
-515077
-514953
-514825
-515063
-514822
-515289
-514891
-514888
-515084
-515256
-515400
-515397
-515523
-514872
-514975
-514948
-515165
-515101
-515052
-515193
-514834
-515075
-515298
-514836
-514825
-514824
-515289
-515065
-515084
-514802
-514895
-515398
-515521
-515258
-515398
-514905
-514902
-514809
-515528
-515410
-515403
-515268
-515298
-514835
-515078
-514925
-514828
-515062
-515292
-514829
-515294
-515076
-514831
-514953
-514872
-514878
-515060
-514824
-514821
-515286
-514890
-515210
-515395
-514887
-515079
-515396
-515518
-514810
-515401
-515265
-515088
-514900
-515522
-515405
-515100
-514833
-515297
-514833
-514863
-515208
-514886
-515391
-514884
-515392
-515070
-515511
-514811
-515407
-514906
-515403
-514903
-515533
-515111
-514893
-514863
-515391
-515209
-515070
-515516
-514885
-515397
-514903
-515266
-514815
-515532
-515111
-515408
-514904
-514894
-515061
-514817
-515288
-514823
-515397
-514890
-515394
-515518
-514885
-515080
-515264
-514894
-514809
-515524
-515406
-515088
-514903
-515298
-514835
-514833
-514872
-514878
-514873
-514878
-514823
-514817
-515287
-515059
-515080
-515392
-515517
-514892
-515208
-515398
-514900
-515523
-515404
-514893
-514809
-515402
-515264
-515298
-514834
-515099
-514863
-515392
-515070
-515511
-515206
-514883
-515396
-514905
-515533
-515111
-515263
-514813
-515406
-514904
-514894
-514862
-515515
-514885
-515391
-514883
-515398
-515209
-515111
-515410
-514906
-515407
-514905
-515266
-514814
-515288
-514824
-515060
-515516
-514885
-515080
-515206
-515396
-514890
-515407
-515087
-514901
-515399
-515264
-514895
-514808
-514836
-514832
-515101
-514872
-514923
-514827
-515060
-515291
-514825
-515293
-515077
-514831
-514952
-515063
-514821
-515287
-514825
-515397
-515390
-515519
-514802
-514894
-514888
-515083
-515296
-514832
-514835
-515286
-515060
-514824
-515520
-515251
-515396
-514889
-515082
-514803
-514894
-514836
-515074
-514833
-514922
-515291
-514827
-514828
-515075
-514831
-514831
-514818
-514798
-514794
-514813
-514800
-514828
-514803
-514824
-514803
-514824
-514802
-514820
-514799
-514789
-514793
-514842
-514838
-514805
-514868
-514861
-514836
-514825
-514801
-514818
-514800
-514841
-514840
-514902
-515104
-514908
-514992
-514992
-514873
-514987
-514950
-515167
-515109
-515052
-515203
-514870
-514975
-514946
-515163
-515101
-515051
-515193
-514840
-514841
-514902
-515102
-514905
-514991
-514990
-514875
-514983
-514950
-515166
-515106
-515053
-515199
-514980
-514874
-514949
-515165
-515104
-515198
-515053
-514978
-514872
-514947
-515163
-515101
-515193
-515051
-514841
-514840
-514901
-515103
-514907
-514994
-514993
-514801
-514791
-514842
-514837
-514802
-514841
-514835
-514802
-514800
-514833
-514832
-514890
-515089
-514899
-514985
-514984
-514832
-514883
-514814
-514951
-515148
-514862
-515091
-514924
-515179
-515040
-514814
-514980
-514841
-514856
-514942
-514809
-514826
-514877
-514811
-514840
-514973
-514940
-514851
-515052
-514820
-514882
-514818
-514963
-514868
-514967
-515157
-514869
-515096
-514958
-515050
-514932
-515185
-514815
-514832
-514884
-515051
-514878
-514814
-514817
-514959
-514963
-514866
-515137
-515086
-514854
-514949
-515032
-515174
-514914
-514827
-514805
-514805
-514817
-514868
-514904
-514952
-514947
-515201
-514845
-515046
-515039
-514802
-515137
-514952
-515086
-514854
-515175
-514916
-515031
-515219
-515059
-515281
-515030
-515253
-514997
-515247
-514843
-514978
-514809
-514855
-514944
-515136
-515086
-514949
-514856
-515175
-515032
-514915
-514831
-514808
-515198
-515265
-515015
-515013
-515233
-515231
-514966
-514876
-514875
-514845
-514834
-514965
-514800
-514846
-514929
-514791
-514864
-514845
-514822
-514806
-514819
-514871
-514839
-514812
-514970
-514937
-514849
-514805
-514819
-514873
-515197
-514935
-515042
-514901
-514934
-515037
-514833
-514832
-514963
-514805
-514933
-514844
-514893
-515189
-514922
-514921
-515030
-515030
-514826
-514839
-514852
-514852
-514814
-514791
-514837
-514841
-514801
-514795
-514833
-514831
-514830
-514811
-514825
-514879
-514810
-514969
-514837
-514849
-514937
-514807
-514822
-514871
-514836
-514804
-514969
-514850
-514931
-514894
-514928
-514919
-515191
-514827
-515036
-515025
-514808
-514972
-514939
-514839
-514850
-514832
-514882
-514815
-514839
-514812
-514972
-514850
-514939
-514813
-514832
-514882
-514935
-515197
-515041
-514901
-514935
-514833
-515037
-514841
-514851
-514850
-514813
-514809
-514825
-514878
-514805
-514836
-514971
-514937
-514849
-514806
-514818
-514867
-514893
-514925
-514918
-515190
-514826
-515035
-515023
-514836
-514800
-514967
-514848
-514930
-514957
-514863
-515095
-514926
-515185
-515151
-515044
-514862
-514951
-514924
-515149
-515091
-515043
-515180
-514811
-514979
-514941
-514840
-514856
-514935
-515196
-515039
-514900
-514931
-514833
-515038
-514815
-514833
-514884
-514842
-514816
-514977
-514854
-514943
-514835
-514804
-514970
-514849
-514935
-514807
-514826
-514876
-514834
-514965
-514800
-514846
-514927
-514804
-514816
-514867
-514891
-514928
-515190
-514919
-515033
-514826
-515023
-515023
-515027
-515280
-515210
-514976
-515242
-515246
-515089
-514833
-514834
-514899
-514891
-514981
-514985
-514962
-515150
-514867
-515097
-514926
-515187
-515044
-514985
-514876
-515110
-514949
-515202
-515168
-515057
-514980
-514875
-514950
-515166
-515104
-515196
-515054
-514841
-514839
-514903
-515105
-514907
-514995
-514992
-514816
-514833
-514885
-514842
-514977
-514813
-514854
-514941
-514903
-514936
-515199
-514937
-515044
-514833
-515039
-514815
-514833
-514883
-514837
-514833
-514831
-514838
-514805
-514971
-514937
-514850
-514892
-514928
-515189
-514919
-515032
-514822
-515024
-514808
-514820
-514870
-514838
-514970
-514809
-514851
-514934
-514815
-514832
-514883
-514900
-514935
-515197
-514934
-515042
-514831
-515036
-514842
-514973
-514811
-514852
-514941
-514814
-514831
-514881
-514841
-514853
-514852
-514814
-514795
-514793
-514839
-514834
-514800
-514803
-514846
-514864
-514825
-514822
-514800
-514806
-514821
-514873
-514806
-514819
-514869
-514891
-514921
-514918
-515187
-514825
-515029
-515023
-514834
-514805
-514965
-514932
-514845
-514834
-514800
-514963
-514929
-514845
-515138
-514860
-515090
-514953
-515035
-514918
-515179
-515140
-514861
-514949
-515089
-514917
-515042
-515176
-515202
-515021
-515018
-515274
-514970
-515240
-515237
-515098
-514838
-514909
-514839
-514991
-514896
-514991
-515219
-515030
-515059
-515281
-514996
-515247
-515253
-515160
-514870
-514977
-515104
-514940
-515053
-515195
-514905
-514949
-514948
-515201
-514844
-515043
-515043
-514815
-514834
-514885
-514840
-514811
-514975
-514941
-514851
-514841
-514812
-514975
-514941
-514853
-514785
-514789
-514831
-514831
-514797
-515135
-514856
-515087
-514948
-515033
-514914
-515173
-515137
-514855
-515085
-514947
-515034
-514914
-515174
-515199
-515013
-515015
-515265
-514967
-515232
-515233
-515106
-514909
-514843
-514842
-514995
-514995
-514903
-515171
-514877
-515109
-514989
-515057
-514954
-515205
-515168
-514874
-515107
-514986
-515055
-514949
-515203
-515232
-515074
-515075
-515302
-515020
-515267
-515266
-514829
-514804
-514830
-514802
-514874
-514875
-514843
-514790
-514833
-514831
-514801
-514786
-515055
-514815
-514879
-514816
-514960
-514865
-514964
-515201
-515017
-515265
-515014
-515234
-514969
-515233
-515138
-514856
-514950
-515087
-514914
-515037
-515175
-515169
-515107
-514875
-514985
-515055
-515203
-514952
-515107
-514845
-514912
-514843
-514994
-514905
-514996
-515232
-515075
-515302
-515076
-515266
-515022
-515267
-515169
-514874
-514987
-515108
-514951
-515055
-515203
-514875
-514875
-514845
-514828
-514804
-514891
-514917
-514924
-515188
-514825
-515023
-515029
-514807
-514820
-514871
-514835
-514800
-514966
-514932
-514848
-514834
-514803
-514965
-514931
-514846
-515053
-514879
-514818
-514817
-514963
-514963
-514867
-515140
-515092
-514859
-514957
-515038
-515181
-514919
-515137
-514857
-515087
-514948
-515036
-514916
-515174
-515204
-515026
-515274
-515019
-515242
-514975
-515236
-515155
-515095
-514867
-514961
-515046
-515185
-514932
-515096
-514908
-514835
-514839
-514987
-514991
-514895
-515219
-515031
-515280
-515060
-515248
-514996
-515253
-515160
-514871
-515106
-514981
-515051
-514942
-515197
-514816
-514835
-514886
-514814
-514833
-514882
-514841
-514813
-514975
-514940
-514852
-514842
-514808
-514977
-514941
-514853
-514801
-514794
-514842
-514836
-514809
-514846
-514865
-514826
-514822
-514800
-514793
-514837
-514841
-514809
-514797
-514864
-514846
-514824
-514820
-514798
-514798
-514833
-514964
-514802
-514844
-514929
-514832
-514963
-514795
-514844
-514928
-514805
-514819
-514868
-514806
-514820
-514870
-514891
-515186
-514916
-514921
-515022
-515027
-514824
-515205
-515021
-515275
-515024
-515238
-514975
-515241
-515052
-514815
-514819
-514879
-514867
-514960
-514964
-515141
-514956
-514861
-515093
-514920
-515181
-515038
-515159
-514977
-515105
-514869
-515195
-514939
-515049
-515156
-514960
-514869
-515095
-514930
-515186
-515047
-515096
-514838
-514836
-514906
-514893
-514990
-514988
-514843
-514976
-514816
-514854
-514942
-514814
-514831
-514883
-514903
-515200
-514950
-514945
-515043
-515038
-514844
-514813
-514832
-514883
-514791
-514832
-514831
-514801
-514788
-515200
-515016
-515265
-515014
-515234
-514970
-515232
-515051
-514813
-514879
-514816
-514961
-514864
-514964
-515138
-514945
-514857
-515086
-514915
-515172
-515037
-515169
-515108
-514988
-514876
-515203
-515056
-514953
-515232
-515076
-515302
-515075
-515266
-515024
-515266
-515106
-514843
-514908
-514841
-514996
-514905
-514993
-515168
-514986
-514874
-515108
-514952
-515203
-515054
-514876
-514875
-514845
-514828
-514805
-514831
-514830
-514797
-514786
-514787
-515135
-514947
-515087
-514855
-515174
-514914
-515033
-515137
-514945
-515086
-514858
-515172
-514914
-515041
-515049
-514811
-514818
-514879
-514864
-514960
-514966
-515233
-515303
-515076
-515076
-515267
-515267
-515023
-515170
-514988
-515109
-514876
-515205
-514952
-515054
-515169
-514988
-515109
-514876
-515204
-514953
-515055
-515106
-514842
-514844
-514910
-514904
-514995
-514995
-514830
-514806
-514829
-514804
-514832
-514965
-514806
-514846
-514933
-514802
-514817
-514867
-514891
-515187
-514919
-514922
-515023
-515029
-514823
-514807
-514819
-514871
-515140
-515087
-514946
-514859
-515174
-515040
-514918
-515204
-515274
-515020
-515023
-515237
-515240
-514972
-515055
-514820
-514879
-514818
-514967
-514870
-514961
-515139
-514955
-515091
-514857
-515180
-514918
-515034
-515218
-515280
-515059
-515029
-515252
-515246
-514993
-515160
-515105
-514979
-514870
-515196
-515053
-514941
-515156
-514959
-515095
-514871
-515185
-514931
-515047
-515097
-514839
-514905
-514838
-514991
-514897
-514987
-514842
-514976
-514813
-514853
-514940
-514842
-514976
-514811
-514852
-514941
-514905
-515203
-514952
-514946
-515048
-515039
-514845
-514817
-514834
-514885
-514813
-514832
-514882
-514837
-514841
-514803
-514797
-514821
-514796
-514799
-514828
-514830
-514833
-514838
-514808
-514970
-514935
-514850
-514891
-514922
-515187
-514921
-515028
-514824
-515028
-514808
-514825
-514876
-514971
-514799
-514838
-514850
-514936
-514814
-514831
-514882
-515196
-514933
-515035
-514900
-514936
-515042
-514833
-514812
-514973
-514940
-514839
-514851
-514828
-514881
-514812
-514839
-514851
-514852
-514814
-514891
-514923
-515188
-514923
-515030
-514824
-515027
-514833
-514803
-514964
-514932
-514845
-514805
-514823
-514873
-514806
-514834
-514966
-514933
-514846
-514832
-514829
-514887
-515086
-514898
-514981
-514980
-514960
-515097
-514866
-515187
-514926
-515150
-515043
-514861
-514953
-514922
-515147
-515089
-515040
-515179
-514812
-514830
-514883
-514840
-514813
-514976
-514942
-514854
-514832
-514883
-514814
-514812
-514976
-514941
-514842
-514855
-514805
-514819
-514873
-514889
-515186
-514922
-514921
-515028
-515026
-514824
-514806
-514833
-514965
-514845
-514932
-514807
-514822
-514874
-514952
-514864
-514924
-515146
-515090
-515179
-515040
-514831
-514833
-514887
-515087
-514900
-514981
-514983
-514959
-515095
-514863
-515185
-514924
-515148
-515042
-514844
-514979
-514814
-514944
-514855
-515195
-514931
-515039
-514902
-514933
-515038
-514834
-514816
-514835
-514884
-514815
-514974
-514940
-514840
-514852
-514830
-514883
-514814
-514830
-514827
-514832
-514810
-514820
-514870
-514836
-514968
-514801
-514930
-514850
-514810
-514827
-514877
-514969
-514805
-514836
-514934
-514849
-515195
-514933
-515040
-514900
-514935
-515036
-514834
-514840
-514970
-514810
-514937
-514851
-514814
-514831
-514881
-514810
-514971
-514938
-514839
-514850
-514831
-514882
-514814
-515068
-515059
-515289
-515014
-515261
-515227
-515254
-515638
-515632
-515760
-515631
-515756
-515753
-515879
-515510
-515767
-515644
-515760
-515637
-515886
-515765
-515758
-515507
-515633
-515760
-515880
-515636
-515757
-515641
-515637
-515514
-515886
-515765
-515764
-515643
-515256
-515310
-515044
-515313
-515160
-515401
-515162
-515756
-515753
-515878
-515505
-515636
-515631
-515756
-515639
-515886
-515766
-515642
-515513
-515765
-515640
-515880
-515634
-515755
-515637
-515759
-515508
-515633
-515767
-515764
-515645
-515766
-515643
-515637
-515514
-514961
-515156
-515156
-515266
-514983
-515123
-515121
-515262
-515154
-515119
-514960
-515157
-515120
-514984
-515259
-515151
-515118
-514957
-515151
-515116
-514982
-515061
-515070
-515018
-515228
-515289
-515255
-515261
-515060
-515068
-515016
-515226
-515288
-515254
-515259
-515068
-515060
-515016
-515225
-515288
-515259
-515253
-515150
-514954
-515150
-515256
-514979
-515115
-515109
-515151
-515261
-515118
-514957
-515152
-514980
-515117
-514953
-515150
-515255
-515148
-515115
-514977
-515109
-515029
-515024
-515280
-514979
-515246
-515212
-515244
-515157
-515264
-515120
-514959
-515157
-514985
-515120
-514951
-515149
-515147
-515254
-514977
-515114
-515107
-515157
-514961
-515157
-515264
-514985
-515122
-515120
-514954
-515151
-515256
-515151
-515114
-514980
-515111
-514959
-515152
-515261
-515153
-515119
-514982
-515118
-514950
-515252
-515146
-515144
-515111
-515107
-514974
-515257
-515047
-515311
-515314
-515161
-515165
-515402
-514960
-515264
-515156
-515155
-515122
-515121
-514983
-515255
-515045
-515311
-515310
-515159
-515161
-515401
-515257
-515310
-515044
-515310
-515160
-515401
-515162
-514952
-515254
-515147
-515148
-515110
-515111
-514977
-514959
-515265
-515155
-515156
-515122
-515120
-514983
-514949
-515145
-515145
-515252
-514973
-515107
-515108
-515255
-515308
-515043
-515313
-515158
-515400
-515163
-514961
-515158
-515155
-515264
-514985
-515124
-515119
-515254
-515311
-515042
-515311
-515159
-515399
-515162
-515256
-515310
-515314
-515046
-515401
-515159
-515165
-514950
-515146
-515147
-515252
-514976
-515108
-515110
-515256
-515311
-515313
-515043
-515401
-515162
-515162
-515151
-514954
-515150
-515256
-515113
-514980
-515112
-515260
-515152
-515117
-514957
-515151
-515117
-514980
-514951
-515253
-515146
-515146
-515111
-515109
-514974
-515030
-515279
-515023
-515247
-514977
-515210
-515240
-515263
-515155
-515121
-514962
-515156
-515120
-514985
-514949
-515145
-515252
-515145
-515110
-514974
-515109
-515028
-515278
-515019
-515245
-514973
-515207
-515239
-515150
-514953
-515255
-515149
-515111
-515112
-514980
-514572
-514225
-513935
-514580
-514231
-513938
-514581
-514232
-513938
-514591
-514242
-513942
-514586
-514237
-513937
-514583
-514236
-513943
-514591
-514243
-513947
-514583
-514237
-513942
-514586
-514238
-513942
-514593
-514244
-513945
-514588
-514239
-513939
-514581
-514233
-513934
-514585
-514237
-513942
-514594
-514245
-513947
-514588
-514239
-513939
-514591
-514243
-513946
-514562
-514216
-513923
-514567
-514220
-513927
-514584
-514235
-513937
-514584
-514237
-513941
-514584
-514236
-513941
-514575
-514227
-513931
-514579
-514230
-513934
-514581
-514232
-513935
-514582
-514233
-513936
-514581
-514232
-513935
-514579
-514230
-513932
-514583
-514233
-513935
-514581
-514233
-513940
-514586
-514237
-513942
-514583
-514234
-513941
-514584
-514235
-513942
-514585
-514235
-513942
-514577
-514228
-513930
-514577
-514228
-513930
-514582
-514234
-513935
-514577
-514229
-513930
-514580
-514231
-513932
-514583
-514234
-513936
-514577
-514229
-513931
-514582
-514234
-513935
-514579
-514230
-513931
-514587
-514238
-513941
-514584
-514236
-513940
-514582
-514234
-513939
-514589
-514240
-513943
-514577
-514229
-513935
-514579
-514230
-513935
-514594
-514246
-513946
-514591
-514243
-513947
-514588
-514241
-513946
-514591
-514243
-513947
-514579
-514231
-513936
-514582
-514233
-513936
-514584
-514235
-513942
-514580
-514232
-513940
-514587
-514240
-513945
-514591
-514242
-513946
-514581
-514233
-513939
-514581
-514235
-513939
-514587
-514239
-513943
-514583
-514236
-513940
-514588
-514239
-513943
-514581
-514232
-513933
-514584
-514235
-513937
-514582
-514233
-513936
-514576
-514227
-513931
-514586
-514238
-513943
-514584
-514237
-513943
-514585
-514237
-513943
-514572
-514222
-513923
-514601
-514252
-513953
-514598
-514249
-513950
-514591
-514243
-513946
-514571
-514221
-513923
-514586
-514238
-513946
-514590
-514241
-513948
-514597
-514248
-513950
-514591
-514243
-513946
-514568
-514220
-513927
-514574
-514227
-513932
-514578
-514230
-513935
-514591
-514243
-513943
-514585
-514237
-513937
-514586
-514237
-513943
-514578
-514231
-513940
-514599
-514249
-513949
-514589
-514242
-513946
-514589
-514241
-513945
-514581
-514234
-513940
-514586
-514238
-513943
-514581
-514232
-513934
-514584
-514235
-513937
-514581
-514232
-513934
-514584
-514235
-513937
-514579
-514230
-513935
-514569
-514222
-513927
-514587
-514238
-513943
-514585
-514236
-513942
-514586
-514239
-513944
-514587
-514239
-513945
-514572
-514222
-513923
-514580
-514233
-513942
-514588
-514239
-513945
-514596
-514247
-513949
-514591
-514243
-513946
-514569
-514220
-513921
-514601
-514252
-513953
-514600
-514250
-513952
-514583
-514236
-513945
-514589
-514240
-513947
-514593
-514243
-513948
-514577
-514230
-513934
-514581
-514232
-513936
-514591
-514243
-513943
-514596
-514247
-513947
-514596
-514248
-513948
-514585
-514236
-513944
-514578
-514231
-513941
-514584
-514236
-513942
-514591
-514243
-513947
-514586
-514238
-513943
-514582
-514233
-513934
-514581
-514234
-513939
-514569
-514223
-513931
-514578
-514230
-513936
-514581
-514234
-513938
-514589
-514240
-513942
-514576
-514227
-513932
-514576
-514229
-513934
-514583
-514234
-513937
-514583
-514236
-513942
-514585
-514237
-513943
-514589
-514242
-513945
-514592
-514243
-513947
-514576
-514229
-513934
-514581
-514232
-513937
-514579
-514230
-513936
-514593
-514245
-513947
-514586
-514238
-513944
-514581
-514234
-513938
-514582
-514234
-513939
-514580
-514234
-513939
-514585
-514236
-513940
-514589
-514240
-513943
-514587
-514238
-513942
-514571
-514224
-513929
-514575
-514227
-513936
-514580
-514231
-513936
-514556
-514211
-513921
-514564
-514217
-513923
-514578
-514230
-513937
-514578
-514231
-513935
-514576
-514229
-513933
-514579
-514232
-513935
-514583
-514234
-513940
-514568
-514221
-513927
-514579
-514231
-513937
-514553
-514208
-513920
-514571
-514224
-513932
-514566
-514219
-513927
-514575
-514227
-513936
-514574
-514227
-513928
-514574
-514227
-513928
-514580
-514232
-513934
-514576
-514227
-513928
-514574
-514227
-513933
-514577
-514228
-513935
-514563
-514217
-513924
-514575
-514226
-513933
-514592
-514242
-513946
-514592
-514243
-513947
-514595
-514245
-513948
-514589
-514240
-513946
-514593
-514244
-513949
-514591
-514242
-513947
-514565
-514219
-513929
-514585
-514237
-513942
-514576
-514228
-513934
-514554
-514209
-513919
-514571
-514225
-513927
-514569
-514222
-513923
-514573
-514226
-513927
-514570
-514222
-513923
-514579
-514231
-513937
-514562
-514216
-513926
-514575
-514227
-513936
-514591
-514242
-513945
-514592
-514243
-513945
-514590
-514241
-513948
-514599
-514249
-513952
-514588
-514239
-513945
-514589
-514240
-513946
-514583
-514235
-513942
-514589
-514241
-513942
-514597
-514248
-513949
-514584
-514236
-513943
-514582
-514234
-513942
-514593
-514244
-513948
-514588
-514241
-513945
-514590
-514242
-513946
-514595
-514247
-513951
-514582
-514233
-513939
-514581
-514231
-513938
-514579
-514230
-513937
-514587
-514237
-513942
-514593
-514243
-513947
-514580
-514232
-513940
-514579
-514232
-513940
-514587
-514238
-513944
-514587
-514240
-513943
-514590
-514242
-513945
-514592
-514244
-513948
-514589
-514240
-513945
-514586
-514238
-513945
-514579
-514233
-513942
-514590
-514242
-513947
-514593
-514245
-513948
-514595
-514247
-513949
-514606
-514257
-513955
-514589
-514239
-513945
-514589
-514240
-513946
-514585
-514237
-513943
-514595
-514244
-513949
-514597
-514246
-513950
-514578
-514229
-513938
-514580
-514233
-513940
-514587
-514237
-513942
-514582
-514234
-513941
-514592
-514244
-513946
-514581
-514234
-513938
-514590
-514241
-513941
-514580
-514234
-513937
-514584
-514235
-513942
-514577
-514229
-513936
-514578
-514229
-513936
-514575
-514227
-513934
-514583
-514234
-513941
-514584
-514235
-513942
-514596
-514247
-513950
-514595
-514246
-513949
-514587
-514238
-513942
-514571
-514224
-513931
-514585
-514237
-513940
-514597
-514248
-513948
-514594
-514246
-513947
-514589
-514241
-513946
-514581
-514233
-513940
-514572
-514225
-513935
-514575
-514227
-513939
-514593
-514245
-513950
-514587
-514238
-513939
-514594
-514245
-513944
-514582
-514235
-513940
-514583
-514235
-513942
-514589
-514241
-513943
-514588
-514240
-513942
-514585
-514237
-513937
-514585
-514236
-513939
-514569
-514221
-513929
-514564
-514217
-513927
-514577
-514227
-513933
-514587
-514238
-513942
-514562
-514216
-513924
-514575
-514226
-513934
-514580
-514232
-513935
-514580
-514232
-513932
-514588
-514240
-513945
-514578
-514229
-513938
-514578
-514230
-513937
-514578
-514229
-513936
-514585
-514235
-513941
-514584
-514235
-513942
-514589
-514242
-513944
-514590
-514242
-513945
-514582
-514234
-513941
-514584
-514236
-513943
-514586
-514237
-513944
-514589
-514241
-513945
-514578
-514228
-513935
-514575
-514227
-513934
-514574
-514226
-513932
-514583
-514234
-513940
-514581
-514232
-513940
-514599
-514249
-513952
-514594
-514245
-513948
-514594
-514245
-513949
-514580
-514232
-513935
-514584
-514235
-513938
-514573
-514225
-513933
-514571
-514224
-513933
-514584
-514235
-513940
-514585
-514236
-513940
-514592
-514243
-513947
-514589
-514240
-513945
-514591
-514242
-513945
-514601
-514251
-513955
-514601
-514251
-513955
-514600
-514251
-513954
-514605
-514256
-513956
-514599
-514250
-513953
-514602
-514252
-513954
-514598
-514249
-513951
-514588
-514239
-513947
-514589
-514239
-513947
-514561
-514215
-513924
-514567
-514220
-513930
-514573
-514226
-513926
-514571
-514224
-513925
-514579
-514232
-513939
-514557
-514212
-513923
-514572
-514225
-513934
-514595
-514246
-513949
-514593
-514244
-513948
-514594
-514245
-513949
-514589
-514240
-513946
-514594
-514245
-513948
-514590
-514241
-513947
-514584
-514236
-513941
-514584
-514235
-513941
-514580
-514231
-513938
-514590
-514240
-513944
-514583
-514234
-513940
-514586
-514238
-513941
-514579
-514231
-513938
-514579
-514230
-513938
-514578
-514230
-513937
-514585
-514237
-513943
-514584
-514237
-513939
-514574
-514226
-513935
-514574
-514227
-513936
-514583
-514234
-513940
-514588
-514240
-513943
-514596
-514246
-513949
-514597
-514247
-513951
-514588
-514239
-513945
-514591
-514241
-513946
-514585
-514236
-513942
-514589
-514241
-513944
-514582
-514234
-513941
-514586
-514237
-513945
-514587
-514238
-513945
-514585
-514236
-513944
-514585
-514236
-513942
-514592
-514243
-513947
-514596
-514245
-513949
-514601
-514251
-513953
-514600
-514250
-513955
-514599
-514249
-513955
-514600
-514251
-513953
-514601
-514252
-513953
-514599
-514250
-513952
-514586
-514236
-513945
-514582
-514233
-513940
-514580
-514231
-513939
-514579
-514231
-513936
-514587
-514237
-513942
-514573
-514225
-513933
-514584
-514236
-513939
-514578
-514230
-513938
-514579
-514231
-513937
-514579
-514231
-513936
-514587
-514238
-513943
-514584
-514236
-513939
-514572
-514224
-513932
-514581
-514233
-513941
-514589
-514242
-513945
-514589
-514241
-513945
-514594
-514246
-513951
-514597
-514248
-513952
-514592
-514243
-513948
-514589
-514240
-513947
-514589
-514241
-513945
-514598
-514248
-513951
-514592
-514245
-513947
-514584
-514236
-513944
-514585
-514237
-513945
-514583
-514235
-513938
-514573
-514225
-513933
-514578
-514229
-513936
-514580
-514231
-513938
-514579
-514230
-513938
-514576
-514228
-513934
-514587
-514237
-513943
-514596
-514246
-513948
-514584
-514236
-513937
-514574
-514226
-513932
-514570
-514222
-513932
-514575
-514227
-513934
-514574
-514226
-513936
-514574
-514226
-513933
-514587
-514238
-513943
-514584
-514235
-513942
-514596
-514247
-513950
-514594
-514245
-513949
-514587
-514239
-513945
-514588
-514239
-513946
-514591
-514241
-513947
-514586
-514238
-513943
-514597
-514248
-513951
-514590
-514243
-513945
-514582
-514234
-513942
-514586
-514238
-513945
-514581
-514234
-513941
-514593
-514243
-513949
-514599
-514249
-513953
-514589
-514241
-513946
-514589
-514239
-513946
-514584
-514236
-513943
-514593
-514243
-513948
-514597
-514247
-513951
-514599
-514249
-513953
-514594
-514244
-513949
-514599
-514250
-513953
-514599
-514250
-513952
-514594
-514245
-513948
-514596
-514247
-513950
-514591
-514242
-513946
-514586
-514239
-513941
-514588
-514240
-513943
-514572
-514225
-513934
-514591
-514243
-513947
-514588
-514238
-513942
-514581
-514232
-513939
-514581
-514232
-513939
-514579
-514231
-513937
-514589
-514239
-513943
-514588
-514241
-513943
-514581
-514233
-513940
-514577
-514230
-513938
-514587
-514239
-513945
-514591
-514242
-513947
-514583
-514235
-513942
-514596
-514246
-513950
-514593
-514243
-513948
-514595
-514246
-513951
-514592
-514244
-513946
-514581
-514233
-513941
-514582
-514233
-513942
-514576
-514230
-513938
-514587
-514238
-513944
-514588
-514239
-513945
-514583
-514235
-513942
-514592
-514242
-513947
-514596
-514246
-513950
-514603
-514253
-513956
-514599
-514249
-513954
-514600
-514251
-513954
-514600
-514251
-513953
-514599
-514250
-513953
-514602
-514252
-513953
-514588
-514238
-513947
-514589
-514239
-513947
-514565
-514219
-513927
-514570
-514223
-513932
-514577
-514229
-513933
-514558
-514212
-513921
-514576
-514228
-513929
-514570
-514223
-513924
-514574
-514227
-513933
-514590
-514240
-513944
-514581
-514233
-513934
-514583
-514235
-513938
-514579
-514232
-513935
-514578
-514229
-513937
-514579
-514230
-513938
-514579
-514230
-513936
-514586
-514237
-513943
-514578
-514229
-513937
-514579
-514230
-513937
-514579
-514230
-513936
-514585
-514236
-513942
-514582
-514235
-513938
-514576
-514228
-513935
-514583
-514235
-513937
-514569
-514221
-513930
-514597
-514248
-513950
-514588
-514239
-513946
-514587
-514239
-513946
-514582
-514234
-513942
-514598
-514247
-513951
-514589
-514242
-513944
-514590
-514242
-513945
-514582
-514234
-513940
-514591
-514243
-513948
-514592
-514244
-513946
-514582
-514235
-513942
-514581
-514234
-513941
-514565
-514218
-513926
-514547
-514203
-513914
-514572
-514224
-513930
-514557
-514211
-513919
-514566
-514218
-513918
-514567
-514219
-513920
-514598
-514251
-513950
-514593
-514246
-513946
-514579
-514233
-513938
-514584
-514237
-513940
-514587
-514239
-513941
-514590
-514242
-513944
-514552
-514207
-513916
-514574
-514225
-513929
-514568
-514220
-513920
-514567
-514219
-513919
-514574
-514225
-513931
-514571
-514222
-513926
-514545
-514200
-513911
-514597
-514249
-513952
-514595
-514248
-513951
-514596
-514247
-513952
-514600
-514252
-513952
-514594
-514247
-513947
-514588
-514240
-513942
-514589
-514241
-513943
-514582
-514235
-513939
-514588
-514239
-513943
-514580
-514231
-513938
-514579
-514231
-513937
-514577
-514228
-513934
-514587
-514238
-513943
-514583
-514235
-513937
-514586
-514237
-513940
-514569
-514221
-513928
-514589
-514241
-513943
-514582
-514234
-513937
-514576
-514227
-513934
-514572
-514225
-513933
-514589
-514241
-513944
-514599
-514249
-513949
-514586
-514239
-513941
-514594
-514246
-513946
-514587
-514240
-513944
-514593
-514243
-513947
-514592
-514244
-513946
-514593
-514245
-513948
-514593
-514246
-513946
-514589
-514240
-513946
-514588
-514240
-513946
-514585
-514237
-513943
-514596
-514246
-513951
-514585
-514236
-513944
-514589
-514239
-513945
-514584
-514236
-513942
-514594
-514244
-513949
-514590
-514243
-513945
-514591
-514243
-513946
-514584
-514236
-513943
-514584
-514237
-513943
-514592
-514244
-513948
-514593
-514246
-513947
-514589
-514241
-513945
-514577
-514230
-513938
-514571
-514225
-513934
-514590
-514243
-513948
-514584
-514235
-513939
-514567
-514221
-513929
-514578
-514228
-513934
-514562
-514216
-513924
-514576
-514229
-513931
-514571
-514224
-513927
-514579
-514232
-513933
-514580
-514232
-513935
-514573
-514226
-513931
-514558
-514212
-513921
-514575
-514227
-513934
-514571
-514225
-513926
-514576
-514229
-513930
-514584
-514236
-513943
-514560
-514215
-513926
-514585
-514236
-513940
-514582
-514234
-513937
-514579
-514232
-513932
-514585
-514236
-513941
-514575
-514228
-513933
-514579
-514231
-513938
-514563
-514218
-513927
-514584
-514235
-513939
-514584
-514236
-513937
-514573
-514224
-513932
-514575
-514226
-513934
-514580
-514233
-513934
-514562
-514215
-513924
-514570
-514221
-513928
-514577
-514228
-513935
-514576
-514228
-513936
-514574
-514226
-513933
-514585
-514236
-513942
-514586
-514237
-513943
-514576
-514227
-513935
-514582
-514232
-513938
-514575
-514227
-513933
-514587
-514237
-513942
-514583
-514234
-513942
-514589
-514240
-513945
-514590
-514240
-513945
-514591
-514242
-513946
-514593
-514245
-513947
-514587
-514239
-513945
-514594
-514244
-513949
-514586
-514238
-513945
-514586
-514237
-513943
-514587
-514238
-513944
-514581
-514233
-513940
-514594
-514243
-513948
-514595
-514246
-513948
-514585
-514237
-513944
-514584
-514236
-513943
-514581
-514234
-513941
-514595
-514245
-513949
-514596
-514245
-513950
-514554
-514208
-513919
-514577
-514227
-513932
-514567
-514220
-513921
-514567
-514219
-513920
-514575
-514226
-513932
-514574
-514224
-513929
-514553
-514206
-513916
-514593
-514245
-513949
-514591
-514244
-513948
-514593
-514244
-513949
-514599
-514250
-513951
-514594
-514247
-513946
-514588
-514241
-513943
-514587
-514239
-513942
-514579
-514233
-513937
-514565
-514217
-513918
-514563
-514216
-513917
-514575
-514226
-513932
-514577
-514229
-513934
-514550
-514204
-513914
-514574
-514225
-513928
-514552
-514206
-513916
-514573
-514224
-513929
-514577
-514229
-513935
-514592
-514243
-513946
-514599
-514252
-513951
-514597
-514250
-513949
-514594
-514247
-513951
-514590
-514242
-513949
-514595
-514247
-513951
-514597
-514248
-513951
-514598
-514250
-513951
-514581
-514235
-513939
-514584
-514236
-513943
-514580
-514233
-513937
-514576
-514229
-513939
-514581
-514234
-513937
-514576
-514228
-513935
-514581
-514232
-513939
-514575
-514228
-513935
-514573
-514224
-513932
-514573
-514225
-513934
-514572
-514224
-513932
-514583
-514234
-513940
-514585
-514237
-513942
-514587
-514238
-513943
-514580
-514232
-513938
-514585
-514235
-513940
-514576
-514228
-513934
-514586
-514237
-513943
-514588
-514239
-513944
-514582
-514236
-513943
-514584
-514237
-513943
-514583
-514234
-513941
-514594
-514247
-513950
-514587
-514240
-513943
-514598
-514250
-513949
-514589
-514242
-513942
-514601
-514253
-513954
-514611
-514262
-513960
-514595
-514246
-513949
-514591
-514243
-513947
-514590
-514243
-513947
-514591
-514242
-513947
-514597
-514249
-513950
-514593
-514246
-513948
-514593
-514244
-513948
-514584
-514237
-513944
-514587
-514239
-513946
-514594
-514246
-513949
-514592
-514244
-513946
-514591
-514242
-513946
-514582
-514234
-513941
-514588
-514239
-513945
-514591
-514244
-513948
-514598
-514249
-513951
-514593
-514245
-513948
-514590
-514242
-513948
-514593
-514243
-513948
-514588
-514240
-513945
-514599
-514249
-513952
-514596
-514246
-513952
-514587
-514239
-513945
-514584
-514235
-513943
-514583
-514235
-513942
-514594
-514244
-513949
-514599
-514248
-513951
-514572
-514225
-513927
-514578
-514230
-513931
-514582
-514234
-513940
-514580
-514231
-513937
-514562
-514216
-513927
-514572
-514226
-513930
-514576
-514228
-513937
-514586
-514238
-513943
-514564
-514218
-513929
-514593
-514244
-513947
-514591
-514242
-513946
-514594
-514245
-513948
-514594
-514245
-513948
-514594
-514245
-513948
-514597
-514247
-513949
-514594
-514244
-513948
-514588
-514240
-513942
-514589
-514240
-513943
-514578
-514230
-513937
-514591
-514242
-513946
-514591
-514242
-513945
-514580
-514231
-513939
-514583
-514233
-513939
-514579
-514230
-513936
-514589
-514239
-513944
-514566
-514219
-513929
-514559
-514214
-513926
-514586
-514238
-513940
-514586
-514237
-513943
-514589
-514239
-513946
-514583
-514235
-513941
-514598
-514248
-513950
-514592
-514242
-513947
-514599
-514249
-513952
-514584
-514235
-513941
-514586
-514236
-513943
-514578
-514230
-513937
-514588
-514241
-513943
-514588
-514239
-513945
-514592
-514242
-513948
-514587
-514237
-513943
-514586
-514238
-513943
-514583
-514235
-513941
-514600
-514250
-513954
-514600
-514250
-513954
-514598
-514249
-513953
-514601
-514252
-513954
-514603
-514253
-513954
-514599
-514250
-513952
-514589
-514239
-513947
-514586
-514237
-513941
-514581
-514234
-513936
-514584
-514235
-513938
-514573
-514225
-513932
-514585
-514237
-513940
-514577
-514228
-513936
-514577
-514229
-513936
-514574
-514226
-513932
-514586
-514236
-513941
-514578
-514229
-513935
-514572
-514225
-513934
-514582
-514235
-513937
-514585
-514236
-513943
-514583
-514234
-513942
-514576
-514229
-513938
-514591
-514241
-513947
-514584
-514238
-513942
-514587
-514239
-513944
-514582
-514234
-513940
-514579
-514232
-513940
-514597
-514249
-513951
-514594
-514244
-513949
-514589
-514240
-513945
-514584
-514236
-513943
-514581
-514234
-513940
-514584
-514236
-513943
-514580
-514233
-513941
-514589
-514242
-513946
-514591
-514243
-513946
-514598
-514249
-513952
-514577
-514228
-513936
-514578
-514229
-513937
-514578
-514230
-513935
-514580
-514232
-513940
-514588
-514238
-513942
-514591
-514242
-513945
-514576
-514228
-513934
-514583
-514233
-513939
-514574
-514227
-513934
-514582
-514234
-513937
-514581
-514231
-513938
-514581
-514231
-513938
-514578
-514230
-513935
-514583
-514234
-513940
-514585
-514236
-513942
-514591
-514241
-513944
-514596
-514248
-513949
-514592
-514244
-513948
-514585
-514237
-513944
-514584
-514235
-513944
-514594
-514246
-513951
-514598
-514249
-513953
-514594
-514245
-513950
-514592
-514243
-513948
-514592
-514243
-513949
-514588
-514240
-513945
-514600
-514250
-513953
-514599
-514248
-513953
-514585
-514237
-513943
-514596
-514247
-513950
-514589
-514242
-513945
-514590
-514242
-513946
-514595
-514247
-513950
-514591
-514242
-513947
-514594
-514244
-513949
-514586
-514237
-513945
-514589
-514240
-513946
-514584
-514236
-513943
-514591
-514242
-513946
-514591
-514242
-513947
-514588
-514240
-513945
-514591
-514242
-513946
-514590
-514241
-513945
-514594
-514244
-513948
-514594
-514245
-513948
-514595
-514245
-513948
-514585
-514235
-513941
-514584
-514236
-513940
-514583
-514234
-513940
-514587
-514238
-513944
-514586
-514239
-513940
-514589
-514240
-513943
-514571
-514223
-513933
-514569
-514223
-513932
-514593
-514245
-513947
-514584
-514234
-513941
-514585
-514236
-513941
-514581
-514233
-513939
-514591
-514241
-513945
-514576
-514228
-513935
-514574
-514227
-513935
-514585
-514238
-513940
-514588
-514239
-513943
-514591
-514243
-513946
-514596
-514247
-513950
-514599
-514249
-513951
-514590
-514242
-513944
-514592
-514243
-513946
-514582
-514234
-513941
-514581
-514233
-513942
-514594
-514245
-513949
-514588
-514239
-513945
-514587
-514238
-513944
-514584
-514236
-513942
-514595
-514245
-513949
-514595
-514245
-513949
-514581
-514232
-513940
-514588
-514238
-513944
-514588
-514241
-513943
-514591
-514242
-513946
-514592
-514244
-513948
-514595
-514245
-513949
-514593
-514244
-513949
-514588
-514239
-513945
-514586
-514237
-513944
-514583
-514235
-513942
-514581
-514233
-513940
-514592
-514243
-513947
-514578
-514229
-513936
-514586
-514237
-513941
-514589
-514240
-513946
-514599
-514251
-513951
-514588
-514240
-513946
-514584
-514236
-513943
-514593
-514244
-513948
-514593
-514245
-513946
-514585
-514236
-513942
-514587
-514238
-513943
-514580
-514233
-513942
-514594
-514246
-513949
-514584
-514236
-513942
-514588
-514239
-513945
-514592
-514244
-513945
-514576
-514228
-513937
-514598
-514249
-513951
-514590
-514241
-513945
-514589
-514242
-513947
-514583
-514235
-513937
-514570
-514222
-513930
-514582
-514235
-513940
-514590
-514241
-513945
-514590
-514241
-513946
-514586
-514239
-513944
-514587
-514239
-513943
-514572
-514225
-513934
-514592
-514243
-513944
-514583
-514234
-513937
-514593
-514245
-513945
-514575
-514227
-513932
-514587
-514240
-513944
-514584
-514237
-513941
-514569
-514221
-513928
-514571
-514224
-513936
-514597
-514248
-513949
-514590
-514240
-513943
-514576
-514229
-513939
-514595
-514247
-513949
-514582
-514234
-513940
-514592
-514244
-513947
-514584
-514235
-513940
-514597
-514248
-513948
-514585
-514236
-513938
-514576
-514229
-513939
-514586
-514238
-513939
-514559
-514214
-513925
-514584
-514236
-513936
-514569
-514221
-513929
-514598
-514249
-513950
-514590
-514241
-513943
-514601
-514251
-513951
-514585
-514236
-513938
-514574
-514227
-513938
-514593
-514245
-513945
-514581
-514232
-513938
-514585
-514238
-513939
-514565
-514218
-513928
-514569
-514223
-513933
-514594
-514246
-513946
-514579
-514231
-513937
-514573
-514226
-513929
-514577
-514230
-513932
-514575
-514228
-513929
-514584
-514236
-513939
-514580
-514233
-513938
-514573
-514226
-513931
-514583
-514236
-513942
-514574
-514227
-513932
-514567
-514220
-513928
-514569
-514223
-513934
-514595
-514247
-513947
-514575
-514228
-513935
-514577
-514231
-513937
-514581
-514234
-513938
-514583
-514236
-513941
-514587
-514237
-513942
-514592
-514243
-513947
-514590
-514241
-513945
-514586
-514237
-513943
-514592
-514243
-513947
-514570
-514224
-513930
-514588
-514239
-513943
-514587
-514238
-513944
-514584
-514235
-513943
-514593
-514244
-513948
-514573
-514226
-513932
-514577
-514229
-513936
-514587
-514238
-513942
-514586
-514237
-513943
-514591
-514243
-513948
-514590
-514241
-513947
-514593
-514244
-513949
-514590
-514241
-513946
-514592
-514243
-513948
-514583
-514234
-513941
-514592
-514243
-513947
-514576
-514229
-513934
-514590
-514242
-513943
-514572
-514224
-513933
-514588
-514239
-513939
-514571
-514223
-513929
-514580
-514231
-513938
-514579
-514232
-513941
-514591
-514242
-513944
-514584
-514234
-513939
-514584
-514237
-513941
-514571
-514224
-513928
-514592
-514243
-513949
-514589
-514240
-513945
-514587
-514238
-513945
-514598
-514248
-513951
-514591
-514242
-513942
-514567
-514220
-513926
-514584
-514236
-513936
-514566
-514218
-513926
-514592
-514243
-513945
-514589
-514240
-513944
-514566
-514219
-513927
-514586
-514237
-513937
-514558
-514211
-513920
-514589
-514240
-513944
-514596
-514248
-513949
-514588
-514239
-513944
-514585
-514237
-513943
-514563
-514217
-513923
-514590
-514241
-513946
-514597
-514249
-513949
-514588
-514239
-513945
-514588
-514239
-513944
-514597
-514248
-513952
-514595
-514246
-513949
-514576
-514228
-513935
-514571
-514223
-513930
-514587
-514237
-513940
-514575
-514228
-513932
-514566
-514219
-513926
-514593
-514245
-513945
-514574
-514227
-513935
-514591
-514242
-513944
-514581
-514232
-513937
-514594
-514246
-513946
-514570
-514223
-513934
-514579
-514231
-513940
-514564
-514217
-513924
-514587
-514239
-513944
-514592
-514242
-513947
-514586
-514237
-513943
-514590
-514241
-513946
-514597
-514249
-513949
-514595
-514246
-513948
-514588
-514239
-513946
-514596
-514247
-513950
-514569
-514221
-513927
-514581
-514233
-513933
-514564
-514215
-513923
-514585
-514236
-513942
-514603
-514255
-513952
-514587
-514239
-513945
-514586
-514238
-513942
-514586
-514238
-513937
-514560
-514213
-513922
-514581
-514233
-513933
-514564
-514216
-513923
-514576
-514228
-513936
-514581
-514233
-513940
-514591
-514244
-513944
-514589
-514240
-513945
-514589
-514240
-513944
-514584
-514236
-513941
-514589
-514241
-513946
-514588
-514239
-513946
-514597
-514249
-513949
-514590
-514241
-513946
-514596
-514248
-513951
-514596
-514246
-513950
-514572
-514225
-513934
-514583
-514234
-513938
-514577
-514230
-513937
-514577
-514231
-513937
-514580
-514231
-513937
-514587
-514237
-513942
-514590
-514241
-513946
-514588
-514240
-513945
-514571
-514224
-513929
-514578
-514229
-513937
-514587
-514238
-513942
-514592
-514243
-513947
-514593
-514244
-513947
-514586
-514237
-513943
-514576
-514228
-513935
-514584
-514235
-513939
-514596
-514247
-513951
-514592
-514243
-513947
-514589
-514240
-513945
-514589
-514240
-513943
-514593
-514244
-513947
-514592
-514243
-513947
-514586
-514238
-513942
-514581
-514235
-513940
-514595
-514246
-513950
-514565
-514219
-513927
-514574
-514226
-513933
-514587
-514240
-513941
-514595
-514247
-513947
-514577
-514229
-513937
-514602
-514254
-513953
-514569
-514222
-513929
-514578
-514230
-513935
-514592
-514243
-513946
-514588
-514240
-513945
-514577
-514229
-513938
-514597
-514248
-513948
-514571
-514225
-513932
-514582
-514234
-513939
-514593
-514246
-513945
-514590
-514242
-513946
-514592
-514244
-513947
-514583
-514234
-513939
-514598
-514249
-513949
-514569
-514223
-513931
-514582
-514233
-513940
-514597
-514250
-513950
-514571
-514224
-513932
-514580
-514232
-513939
-514593
-514246
-513946
-514564
-514218
-513927
-514577
-514228
-513935
-514591
-514243
-513943
-514592
-514244
-513948
-514591
-514243
-513947
-514599
-514250
-513949
-514585
-514238
-513943
-514583
-514237
-513942
-514599
-514250
-513952
-514589
-514242
-513945
-514583
-514236
-513941
-514599
-514251
-513951
-514585
-514238
-513941
-514589
-514242
-513944
-514602
-514254
-513954
-514571
-514225
-513933
-514570
-514223
-513926
-514563
-514217
-513927
-514584
-514235
-513939
-514594
-514247
-513946
-514562
-514216
-513924
-514581
-514232
-513936
-514596
-514248
-513947
-514590
-514242
-513946
-514589
-514241
-513945
-514594
-514245
-513945
-514594
-514246
-513946
-514577
-514229
-513939
-514606
-514257
-513956
-514588
-514241
-513943
-514581
-514233
-513939
-514599
-514251
-513951
-514565
-514220
-513928
-514568
-514221
-513928
-514584
-514237
-513942
-514586
-514239
-513943
-514595
-514246
-513949
-514590
-514242
-513944
-514599
-514250
-513950
-514587
-514239
-513943
-514589
-514241
-513944
-514590
-514242
-513946
-514590
-514242
-513946
-514600
-514251
-513950
-514586
-514236
-513943
-514595
-514246
-513950
-514583
-514234
-513938
-514585
-514236
-513939
-514586
-514238
-513942
-514585
-514237
-513941
-514597
-514249
-513951
-514594
-514244
-513944
-514588
-514238
-513942
-514580
-514231
-513938
-514588
-514238
-513942
-514590
-514242
-513946
-514597
-514247
-513952
-514600
-514250
-513953
-514600
-514250
-513954
-514602
-514253
-513952
-514595
-514245
-513949
-514588
-514239
-513945
-514593
-514244
-513948
-514592
-514244
-513948
-514593
-514245
-513948
-514595
-514246
-513947
-514576
-514229
-513937
-514576
-514228
-513937
-514574
-514228
-513935
-514579
-514231
-513939
-514594
-514247
-513947
-514592
-514244
-513943
-514584
-514236
-513941
-514574
-514225
-513933
-514584
-514236
-513941
-514583
-514236
-513943
-514582
-514234
-513942
-514592
-514245
-513947
-514594
-514247
-513948
-514603
-514254
-513954
-514595
-514245
-513947
-514586
-514236
-513938
-514582
-514233
-513937
-514584
-514236
-513940
-514584
-514236
-513939
-514598
-514250
-513951
-514577
-514230
-513937
-514586
-514237
-513943
-514596
-514249
-513949
-514581
-514235
-513937
-514585
-514236
-513938
-514585
-514237
-513945
-514586
-514239
-513942
-514599
-514250
-513950
-514581
-514233
-513940
-514576
-514229
-513934
-514579
-514231
-513939
-514593
-514246
-513945
-514589
-514240
-513945
-514583
-514234
-513940
-514588
-514239
-513943
-514588
-514241
-513944
-514594
-514244
-513949
-514596
-514245
-513949
-514598
-514249
-513951
-514587
-514238
-513946
-514596
-514248
-513948
-514589
-514240
-513944
-514582
-514232
-513938
-514587
-514238
-513941
-514583
-514235
-513938
-514579
-514232
-513941
-514585
-514236
-513942
-514586
-514237
-513943
-514593
-514244
-513947
-514593
-514243
-513950
-514600
-514251
-513954
-514598
-514248
-513953
-514583
-514235
-513943
-514584
-514236
-513944
-514579
-514232
-513939
-514580
-514232
-513939
-514574
-514227
-513935
-514569
-514222
-513931
-514578
-514231
-513939
-514570
-514223
-513931
-514576
-514229
-513936
-514566
-514220
-513928
-514586
-514239
-513943
-514587
-514240
-513944
-514601
-514251
-513953
-514595
-514247
-513948
-514602
-514254
-513954
-514570
-514224
-513933
-514573
-514226
-513935
-514581
-514233
-513941
-514593
-514243
-513947
-514589
-514239
-513944
-514589
-514239
-513944
-514593
-514244
-513948
-514589
-514240
-513946
-514587
-514238
-513945
-514594
-514245
-513948
-514590
-514241
-513946
-514588
-514238
-513945
-514593
-514244
-513948
-514593
-514244
-513947
-514591
-514242
-513945
-514588
-514239
-513943
-514590
-514241
-513943
-514591
-514242
-513946
-514592
-514243
-513946
-514595
-514246
-513946
-514587
-514237
-513943
-514592
-514242
-513945
-514589
-514240
-513944
-514595
-514247
-513946
-514577
-514229
-513938
-514587
-514239
-513943
-514591
-514242
-513945
-514591
-514242
-513945
-514596
-514247
-513948
-514594
-514245
-513949
-514592
-514244
-513946
-514602
-514253
-513953
-514597
-514248
-513950
-514593
-514244
-513948
-514604
-514254
-513956
-514600
-514250
-513952
-514585
-514236
-513945
-514588
-514238
-513947
-514599
-514250
-513953
-514599
-514248
-513952
-514596
-514246
-513951
-514566
-514220
-513929
-514597
-514248
-513947
-514585
-514236
-513940
-514590
-514241
-513944
-514585
-514237
-513940
-514585
-514237
-513940
-514587
-514239
-513943
-514586
-514238
-513942
-514589
-514241
-513943
-514588
-514241
-513941
-514573
-514225
-513933
-514589
-514239
-513944
-514590
-514242
-513943
-514598
-514250
-513952
-514593
-514244
-513948
-514593
-514246
-513950
-514599
-514250
-513951
-514592
-514243
-513948
-514595
-514246
-513950
-514594
-514246
-513950
-514567
-514220
-513929
-514590
-514242
-513943
-514592
-514244
-513944
-514588
-514238
-513942
-514590
-514241
-513945
-514588
-514239
-513942
-514587
-514240
-513940
-514580
-514231
-513938
-514588
-514240
-513944
-514593
-514244
-513947
-514596
-514247
-513951
-514603
-514254
-513953
-514595
-514246
-513950
-514594
-514246
-513949
-514600
-514252
-513952
-514597
-514248
-513952
-514600
-514250
-513952
-514589
-514241
-513947
-514586
-514237
-513943
-514594
-514244
-513948
-514587
-514237
-513944
-514589
-514239
-513944
-514590
-514242
-513945
-514590
-514242
-513944
-514592
-514244
-513947
-514593
-514245
-513945
-514584
-514235
-513941
-514586
-514237
-513943
-514592
-514243
-513947
-514599
-514250
-513950
-514598
-514248
-513951
-514590
-514242
-513946
-514591
-514243
-513948
-514593
-514245
-513948
-514598
-514249
-513949
-514591
-514242
-513946
-514591
-514242
-513949
-514597
-514247
-513952
-514599
-514249
-513952
-514572
-514225
-513935
-514592
-514244
-513945
-514575
-514227
-513934
-514596
-514248
-513947
-514589
-514241
-513942
-514575
-514226
-513934
-514596
-514247
-513946
-514567
-514220
-513927
-514590
-514241
-513945
-514588
-514241
-513946
-514590
-514243
-513946
-514578
-514229
-513938
-514594
-514246
-513948
-514579
-514232
-513937
-514570
-514224
-513932
-514578
-514229
-513936
-514589
-514242
-513942
-514579
-514231
-513939
-514566
-514219
-513928
-514601
-514253
-513953
-514584
-514236
-513942
-514588
-514240
-513943
-514593
-514245
-513944
-514576
-514228
-513935
-514588
-514239
-513943
-514586
-514237
-513940
-514586
-514237
-513939
-514585
-514236
-513940
-514585
-514237
-513940
-514585
-514237
-513940
-514585
-514236
-513939
-514603
-514255
-513954
-514590
-514240
-513946
-514594
-514245
-513950
-514590
-514242
-513947
-514589
-514241
-513945
-514593
-514245
-513949
-514593
-514245
-513948
-514586
-514238
-513940
-514571
-514223
-513930
-514592
-514244
-513944
-514583
-514235
-513938
-514576
-514228
-513933
-514593
-514244
-513944
-514562
-514215
-513923
-514569
-514223
-513932
-514584
-514236
-513941
-514572
-514225
-513933
-514578
-514230
-513938
-514580
-514234
-513936
-514575
-514226
-513932
-514580
-514232
-513939
-514576
-514229
-513938
-514584
-514237
-513940
-514565
-514217
-513923
-514584
-514235
-513937
-514588
-514239
-513939
-514583
-514235
-513942
-514583
-514236
-513938
-514574
-514228
-513936
-514579
-514231
-513940
-514563
-514216
-513925
-514594
-514246
-513946
-514580
-514231
-513938
-514586
-514237
-513943
-514585
-514236
-513939
-514586
-514237
-513940
-514587
-514238
-513942
-514585
-514237
-513940
-514602
-514254
-513954
-514588
-514239
-513947
-514599
-514250
-513950
-514580
-514232
-513940
-514592
-514244
-513948
-514596
-514248
-513950
-514588
-514239
-513942
-514583
-514234
-513940
-514574
-514227
-513933
-514579
-514230
-513939
-514578
-514231
-513936
-514565
-514219
-513929
-514579
-514230
-513937
-514572
-514224
-513931
-514590
-514241
-513944
-514573
-514226
-513934
-514580
-514233
-513940
-514582
-514235
-513943
-514591
-514244
-513947
-514590
-514242
-513945
-514600
-514252
-513951
-514578
-514231
-513935
-514567
-514221
-513930
-514577
-514228
-513935
-514590
-514243
-513942
-514596
-514249
-513951
-514600
-514251
-513951
-514591
-514243
-513945
-514588
-514241
-513946
-514594
-514246
-513948
-514556
-514210
-513921
-514585
-514236
-513939
-514585
-514236
-513938
-514589
-514241
-513941
-514583
-514234
-513940
-514589
-514240
-513943
-514591
-514243
-513942
-514582
-514233
-513938
-514589
-514239
-513943
-514593
-514245
-513948
-514595
-514247
-513951
-514594
-514246
-513949
-514596
-514247
-513947
-514596
-514247
-513949
-514603
-514254
-513953
-514597
-514248
-513951
-514574
-514225
-513932
-514568
-514220
-513925
-514576
-514228
-513936
-514577
-514230
-513938
-514586
-514238
-513941
-514583
-514235
-513937
-514592
-514242
-513941
-514581
-514235
-513937
-514583
-514235
-513942
-514573
-514226
-513935
-514582
-514234
-513940
-514564
-514217
-513924
-514586
-514237
-513938
-514592
-514243
-513943
-514585
-514237
-513939
-514595
-514246
-513945
-514575
-514227
-513935
-514578
-514231
-513939
-514588
-514240
-513943
-514576
-514229
-513937
-514585
-514237
-513943
-514572
-514226
-513934
-514583
-514235
-513941
-514582
-514233
-513938
-514585
-514236
-513941
-514586
-514238
-513940
-514588
-514240
-513939
-514586
-514237
-513941
-514594
-514246
-513947
-514591
-514242
-513946
-514595
-514247
-513950
-514594
-514246
-513949
-514600
-514251
-513952
-514602
-514253
-513952
-514572
-514226
-513932
-514563
-514218
-513928
-514574
-514226
-513934
-514573
-514226
-513935
-514589
-514240
-513945
-514586
-514237
-513943
-514589
-514240
-513945
-514590
-514241
-513945
-514592
-514242
-513946
-514590
-514240
-513944
-514591
-514243
-513945
-514587
-514239
-513942
-514590
-514242
-513946
-514593
-514244
-513944
-514574
-514225
-513933
-514587
-514237
-513941
-514591
-514243
-513945
-514597
-514248
-513949
-514596
-514246
-513950
-514588
-514240
-513944
-514589
-514241
-513946
-514592
-514244
-513947
-514597
-514248
-513948
-514591
-514241
-513949
-514593
-514244
-513949
-514597
-514247
-513950
-514568
-514221
-513930
-514585
-514236
-513938
-514594
-514245
-513944
-514581
-514232
-513938
-514586
-514237
-513941
-514583
-514234
-513938
-514585
-514237
-513941
-514587
-514238
-513941
-514602
-514253
-513951
-514591
-514241
-513946
-514591
-514244
-513948
-514597
-514249
-513949
-514583
-514234
-513942
-514594
-514246
-513950
-514598
-514250
-513949
-514586
-514237
-513941
-514582
-514234
-513938
-514584
-514236
-513940
-514586
-514238
-513940
-514594
-514245
-513944
-514590
-514240
-513943
-514596
-514248
-513951
-514599
-514250
-513952
-514591
-514243
-513947
-514603
-514254
-513953
-514590
-514241
-513945
-514592
-514242
-513945
-514588
-514241
-513942
-514572
-514225
-513934
-514589
-514240
-513944
-514595
-514246
-513947
-514577
-514228
-513938
-514588
-514240
-513944
-514590
-514242
-513946
-514597
-514249
-513949
-514589
-514241
-513945
-514599
-514250
-513950
)
;

boundaryField
{
    sphere_to_oil
    {
        type            calculated;
        value           nonuniform List<scalar> 
1536
(
-513923
-513925
-513925
-513927
-513923
-513930
-513933
-513928
-513928
-513931
-513924
-513920
-513928
-513932
-513923
-513932
-513911
-513914
-513922
-513928
-513927
-513918
-513920
-513920
-513921
-513920
-513918
-513921
-513927
-513929
-513929
-513929
-513929
-513916
-513916
-513921
-513916
-513918
-513922
-513917
-513921
-513917
-513928
-513927
-513926
-513929
-513921
-513922
-513931
-513933
-513933
-513933
-513922
-513922
-513929
-513928
-513931
-513932
-513925
-513926
-513929
-513927
-513930
-513919
-513923
-513923
-513918
-513929
-513930
-513930
-513909
-513937
-513935
-513932
-513909
-513933
-513935
-513935
-513932
-513914
-513919
-513921
-513929
-513923
-513930
-513927
-513933
-513933
-513932
-513927
-513929
-513920
-513923
-513919
-513923
-513921
-513914
-513930
-513929
-513931
-513931
-513909
-513930
-513931
-513934
-513931
-513908
-513937
-513936
-513933
-513934
-513935
-513921
-513922
-513929
-513931
-513933
-513931
-513928
-513929
-513933
-513930
-513920
-513926
-513919
-513922
-513925
-513928
-513919
-513921
-513923
-513929
-513930
-513932
-513933
-513921
-513923
-513923
-513933
-513931
-513925
-513925
-513926
-513926
-513929
-513928
-513916
-513922
-513921
-513910
-513911
-513923
-513922
-513920
-513922
-513925
-513915
-513923
-513909
-513918
-513914
-513922
-513915
-513915
-513920
-513914
-513920
-513921
-513912
-513920
-513931
-513932
-513932
-513932
-513934
-513932
-513917
-513927
-513920
-513909
-513914
-513910
-513914
-513911
-513923
-513914
-513922
-513930
-513930
-513934
-513938
-513931
-513932
-513930
-513928
-513932
-513930
-513929
-513933
-513932
-513932
-513937
-513925
-513925
-513924
-513928
-513932
-513927
-513927
-513930
-513930
-513931
-513933
-513931
-513931
-513929
-513932
-513933
-513935
-513938
-513932
-513932
-513929
-513934
-513936
-513924
-513926
-513928
-513927
-513931
-513924
-513925
-513925
-513928
-513923
-513923
-513921
-513927
-513929
-513935
-513935
-513927
-513919
-513926
-513931
-513932
-513932
-513927
-513923
-513926
-513936
-513924
-513927
-513927
-513929
-513929
-513928
-513922
-513924
-513916
-513914
-513918
-513927
-513913
-513921
-513921
-513919
-513930
-513924
-513924
-513923
-513928
-513929
-513930
-513930
-513928
-513929
-513930
-513931
-513922
-513921
-513919
-513927
-513927
-513938
-513934
-513935
-513922
-513924
-513920
-513920
-513925
-513926
-513933
-513930
-513931
-513941
-513940
-513939
-513941
-513939
-513940
-513937
-513934
-513934
-513911
-513918
-513914
-513913
-513924
-513912
-513921
-513935
-513934
-513935
-513933
-513934
-513933
-513927
-513928
-513925
-513930
-513926
-513928
-513925
-513925
-513924
-513929
-513926
-513922
-513923
-513926
-513928
-513935
-513937
-513931
-513932
-513929
-513930
-513928
-513931
-513931
-513931
-513929
-513933
-513935
-513938
-513940
-513940
-513939
-513939
-513938
-513932
-513926
-513926
-513923
-513929
-513921
-513925
-513925
-513923
-513923
-513929
-513924
-513919
-513928
-513931
-513932
-513936
-513937
-513934
-513933
-513932
-513937
-513933
-513931
-513932
-513924
-513920
-513923
-513924
-513925
-513921
-513929
-513934
-513923
-513919
-513920
-513921
-513923
-513920
-513928
-513929
-513935
-513934
-513931
-513933
-513933
-513930
-513936
-513932
-513929
-513932
-513929
-513935
-513938
-513932
-513932
-513930
-513934
-513937
-513938
-513935
-513938
-513937
-513934
-513935
-513932
-513927
-513929
-513921
-513933
-513928
-513925
-513925
-513924
-513929
-513929
-513926
-513925
-513931
-513933
-513929
-513936
-513934
-513937
-513932
-513927
-513928
-513926
-513931
-513931
-513929
-513933
-513936
-513941
-513940
-513939
-513938
-513939
-513939
-513934
-513934
-513915
-513919
-513919
-513910
-513916
-513912
-513921
-513929
-513921
-513923
-513922
-513925
-513925
-513923
-513929
-513924
-513924
-513922
-513928
-513924
-513922
-513923
-513917
-513935
-513932
-513932
-513929
-513936
-513931
-513931
-513927
-513934
-513932
-513929
-513928
-513913
-513904
-513916
-513907
-513906
-513907
-513935
-513932
-513925
-513927
-513927
-513929
-513905
-513914
-513907
-513905
-513917
-513912
-513901
-513937
-513936
-513937
-513936
-513933
-513928
-513929
-513926
-513929
-513925
-513924
-513921
-513929
-513923
-513925
-513915
-513928
-513923
-513921
-513920
-513930
-513933
-513927
-513930
-513931
-513932
-513932
-513933
-513931
-513933
-513932
-513930
-513936
-513931
-513931
-513929
-513935
-513931
-513932
-513930
-513930
-513934
-513932
-513931
-513926
-513922
-513934
-513924
-513918
-513920
-513912
-513918
-513914
-513920
-513921
-513919
-513910
-513920
-513913
-513917
-513928
-513915
-513925
-513923
-513919
-513927
-513920
-513924
-513916
-513924
-513923
-513919
-513921
-513920
-513912
-513915
-513921
-513923
-513920
-513928
-513929
-513921
-513924
-513920
-513928
-513928
-513931
-513931
-513932
-513933
-513932
-513935
-513932
-513930
-513931
-513927
-513934
-513934
-513931
-513930
-513928
-513935
-513936
-513907
-513917
-513908
-513907
-513917
-513914
-513905
-513935
-513934
-513934
-513935
-513932
-513929
-513928
-513924
-513905
-513905
-513918
-513919
-513903
-513913
-513904
-513915
-513922
-513930
-513936
-513934
-513936
-513935
-513936
-513937
-513935
-513926
-513929
-513925
-513927
-513923
-513922
-513925
-513922
-513919
-513921
-513919
-513926
-513928
-513929
-513925
-513926
-513921
-513929
-513931
-513930
-513930
-513927
-513935
-513929
-513933
-513928
-513939
-513942
-513934
-513933
-513933
-513932
-513935
-513934
-513934
-513931
-513933
-513935
-513932
-513933
-513928
-513931
-513934
-513936
-513934
-513934
-513934
-513931
-513938
-513938
-513931
-513930
-513930
-513934
-513937
-513914
-513917
-513926
-513923
-513915
-513918
-513924
-513928
-513918
-513933
-513932
-513933
-513933
-513934
-513935
-513933
-513928
-513928
-513924
-513932
-513930
-513926
-513925
-513923
-513929
-513917
-513915
-513925
-513930
-513932
-513928
-513935
-513933
-513938
-513927
-513929
-513925
-513929
-513931
-513934
-513930
-513930
-513928
-513940
-513940
-513938
-513939
-513939
-513937
-513933
-513927
-513922
-513924
-513919
-513926
-513923
-513922
-513919
-513927
-513922
-513921
-513924
-513929
-513929
-513925
-513933
-513929
-513930
-513927
-513927
-513937
-513935
-513931
-513930
-513927
-513929
-513928
-513932
-513932
-513937
-513923
-513924
-513922
-513926
-513927
-513931
-513921
-513925
-513922
-513923
-513924
-513924
-513922
-513926
-513928
-513929
-513935
-513934
-513931
-513931
-513937
-513938
-513936
-513934
-513935
-513932
-513938
-513938
-513930
-513935
-513931
-513933
-513936
-513934
-513935
-513932
-513932
-513930
-513932
-513933
-513931
-513932
-513931
-513934
-513934
-513933
-513928
-513927
-513926
-513930
-513926
-513929
-513920
-513920
-513933
-513928
-513928
-513926
-513931
-513923
-513922
-513926
-513929
-513932
-513936
-513937
-513931
-513932
-513928
-513930
-513934
-513932
-513931
-513929
-513935
-513936
-513927
-513930
-513930
-513932
-513933
-513935
-513935
-513932
-513930
-513929
-513927
-513933
-513923
-513927
-513932
-513936
-513932
-513930
-513934
-513932
-513928
-513929
-513929
-513934
-513928
-513930
-513930
-513924
-513935
-513931
-513934
-513922
-513917
-513927
-513931
-513931
-513931
-513929
-513922
-513929
-513923
-513929
-513919
-513931
-513928
-513916
-513924
-513934
-513929
-513927
-513933
-513926
-513932
-513926
-513932
-513924
-513927
-513925
-513913
-513922
-513917
-513935
-513928
-513934
-513924
-513926
-513930
-513924
-513924
-513915
-513921
-513931
-513923
-513916
-513918
-513916
-513926
-513924
-513918
-513930
-513919
-513916
-513922
-513932
-513921
-513924
-513925
-513928
-513928
-513933
-513932
-513930
-513933
-513917
-513929
-513930
-513930
-513934
-513919
-513924
-513928
-513929
-513934
-513934
-513935
-513931
-513934
-513928
-513933
-513921
-513928
-513920
-513924
-513916
-513925
-513928
-513929
-513925
-513928
-513915
-513934
-513931
-513932
-513937
-513926
-513913
-513921
-513913
-513931
-513930
-513913
-513921
-513908
-513929
-513933
-513929
-513929
-513910
-513932
-513934
-513931
-513930
-513937
-513935
-513922
-513917
-513926
-513919
-513914
-513930
-513922
-513929
-513923
-513931
-513921
-513928
-513912
-513930
-513932
-513929
-513931
-513934
-513934
-513932
-513936
-513914
-513918
-513910
-513928
-513936
-513930
-513929
-513921
-513910
-513919
-513910
-513923
-513927
-513929
-513931
-513930
-513927
-513932
-513932
-513934
-513932
-513937
-513935
-513921
-513924
-513924
-513924
-513924
-513928
-513932
-513931
-513916
-513924
-513927
-513933
-513933
-513929
-513923
-513925
-513937
-513933
-513931
-513929
-513933
-513933
-513928
-513927
-513934
-513915
-513920
-513927
-513932
-513924
-513936
-513917
-513922
-513931
-513930
-513925
-513932
-513920
-513925
-513931
-513931
-513933
-513925
-513932
-513919
-513926
-513935
-513920
-513925
-513932
-513915
-513921
-513929
-513933
-513932
-513933
-513930
-513929
-513936
-513930
-513926
-513934
-513927
-513929
-513937
-513920
-513913
-513916
-513924
-513932
-513913
-513922
-513932
-513931
-513930
-513929
-513931
-513925
-513939
-513928
-513924
-513934
-513916
-513916
-513928
-513929
-513934
-513930
-513934
-513930
-513930
-513932
-513932
-513935
-513930
-513936
-513925
-513925
-513928
-513927
-513937
-513929
-513928
-513924
-513928
-513931
-513937
-513938
-513940
-513937
-513934
-513931
-513934
-513934
-513933
-513932
-513924
-513924
-513923
-513926
-513933
-513928
-513926
-513919
-513927
-513929
-513928
-513933
-513934
-513937
-513931
-513924
-513923
-513926
-513925
-513936
-513925
-513929
-513934
-513924
-513923
-513931
-513928
-513934
-513925
-513921
-513926
-513930
-513930
-513926
-513928
-513930
-513935
-513935
-513937
-513933
-513932
-513929
-513923
-513927
-513924
-513929
-513928
-513929
-513932
-513937
-513940
-513938
-513929
-513930
-513926
-513926
-513922
-513919
-513926
-513919
-513922
-513916
-513929
-513930
-513937
-513933
-513937
-513920
-513922
-513928
-513933
-513930
-513930
-513933
-513932
-513931
-513933
-513931
-513931
-513933
-513933
-513931
-513929
-513928
-513932
-513932
-513931
-513929
-513931
-513930
-513931
-513925
-513930
-513930
-513930
-513933
-513935
-513932
-513937
-513935
-513934
-513941
-513937
-513932
-513934
-513939
-513937
-513937
-513917
-513931
-513925
-513930
-513926
-513926
-513928
-513928
-513927
-513927
-513920
-513929
-513928
-513937
-513933
-513936
-513936
-513933
-513935
-513935
-513917
-513928
-513928
-513928
-513930
-513927
-513926
-513925
-513929
-513933
-513936
-513938
-513936
-513935
-513937
-513937
-513937
-513933
-513930
-513933
-513930
-513931
-513930
-513930
-513933
-513931
-513927
-513929
-513932
-513935
-513936
-513932
-513934
-513933
-513934
-513932
-513935
-513937
-513938
-513922
-513931
-513921
-513932
-513928
-513921
-513930
-513915
-513930
-513933
-513932
-513925
-513933
-513924
-513920
-513923
-513928
-513926
-513916
-513937
-513928
-513929
-513929
-513921
-513928
-513925
-513925
-513926
-513926
-513925
-513924
-513938
-513932
-513935
-513932
-513931
-513934
-513934
-513925
-513916
-513927
-513924
-513918
-513928
-513910
-513921
-513928
-513921
-513925
-513923
-513917
-513925
-513924
-513926
-513910
-513922
-513923
-513928
-513925
-513923
-513927
-513913
-513931
-513924
-513929
-513924
-513925
-513928
-513925
-513938
-513934
-513935
-513927
-513934
-513935
-513927
-513925
-513920
-513925
-513922
-513918
-513923
-513918
-513928
-513921
-513927
-513930
-513933
-513931
-513934
-513921
-513918
-513922
-513928
-513936
-513935
-513931
-513932
-513933
-513910
-513925
-513923
-513926
-513926
-513928
-513927
-513923
-513928
-513933
-513936
-513935
-513932
-513934
-513938
-513937
-513918
-513912
-513923
-513925
-513927
-513923
-513925
-513924
-513928
-513922
-513927
-513911
-513923
-513926
-513925
-513928
-513922
-513926
-513928
-513924
-513930
-513922
-513928
-513924
-513927
-513926
-513925
-513926
-513931
-513931
-513935
-513934
-513937
-513937
-513919
-513916
-513921
-513923
-513931
-513930
-513931
-513931
-513931
-513930
-513931
-513928
-513931
-513929
-513920
-513927
-513929
-513934
-513935
-513930
-513932
-513932
-513933
-513935
-513935
-513936
-513917
-513924
-513928
-513924
-513927
-513924
-513926
-513926
-513936
-513931
-513934
-513934
-513929
-513935
-513933
-513927
-513924
-513926
-513926
-513929
-513928
-513936
-513937
-513934
-513938
-513931
-513931
-513928
-513922
-513930
-513931
-513925
-513929
-513932
-513934
-513931
-513934
)
;
    }
}


// ************************************************************************* //
