/*--------------------------------*- C++ -*----------------------------------*\
| =========                 |                                                 |
| \\      /  F ield         | OpenFOAM: The Open Source CFD Toolbox           |
|  \\    /   O peration     | Version:  v1912                                 |
|   \\  /    A nd           | Website:  www.openfoam.com                      |
|    \\/     M anipulation  |                                                 |
\*---------------------------------------------------------------------------*/
FoamFile
{
    version     2.0;
    format      ascii;
    class       volScalarField;
    location    "490/sphere";
    object      ddt0((betavSolid*thermo:rho),h);
}
// * * * * * * * * * * * * * * * * * * * * * * * * * * * * * * * * * * * * * //

dimensions      [1 -1 -3 0 0 0 0];


internalField   nonuniform List<scalar> 
6600
(
-21463.9
-21467.9
-21467.5
-21476.6
-21465.3
-21465.1
-21467.8
-21494.3
-21500
-21483.7
-21467.4
-21499.8
-21505.4
-21489.9
-21481.4
-21489.7
-21476.7
-21467.4
-21476.2
-21465.3
-21467.5
-21499.6
-21505.4
-21489.9
-21475.5
-21505.3
-21510.8
-21495.5
-21467.8
-21464.5
-21489.5
-21495
-21485.3
-21467.2
-21465
-21483.1
-21489.9
-21475.7
-21464.7
-21489.4
-21495.2
-21485.2
-21475
-21485.1
-21470.3
-21467.3
-21467.4
-21467.3
-21467
-21467.4
-21464.1
-21476.6
-21468.3
-21489.8
-21483.9
-21495.3
-21490.2
-21483.9
-21495.2
-21489.9
-21468
-21464.1
-21476.6
-21468.2
-21489.9
-21489.8
-21483.8
-21476.6
-21468.1
-21468.1
-21464.2
-21466.9
-21466.9
-21466.8
-21466.5
-21465.4
-21466.5
-21466.8
-21465.5
-21466.5
-21466.8
-21465.5
-21467
-21469.2
-21465.1
-21465
-21475.2
-21485
-21465
-21465.1
-21485.1
-21475.7
-21470.4
-21464.8
-21475.1
-21464.7
-21484.9
-21467.7
-21467.6
-21476.1
-21483.5
-21489.7
-21489.6
-21495
-21466.9
-21471.4
-21470.2
-21479.5
-21476.8
-21474.7
-21480.8
-21465.3
-21475.6
-21485.3
-21465.3
-21464.9
-21464.8
-21484.9
-21475.2
-21476.1
-21463.8
-21467.9
-21489.6
-21494.9
-21483.5
-21489.6
-21468.3
-21468.2
-21464.2
-21495.2
-21490.1
-21489.8
-21484
-21485.3
-21465.3
-21475.8
-21469.1
-21465
-21475.1
-21485
-21465
-21485.1
-21475.7
-21465.1
-21470.3
-21466.9
-21467.2
-21475
-21464.8
-21464.7
-21484.8
-21467.6
-21481.5
-21489.5
-21467.5
-21475.9
-21489.5
-21494.8
-21464.2
-21489.8
-21483.9
-21476.2
-21468.1
-21495
-21489.9
-21476.7
-21465.2
-21485.2
-21465.2
-21466.5
-21481.4
-21467.5
-21489.3
-21467.4
-21489.4
-21475.5
-21494.5
-21464.3
-21490
-21468.4
-21489.8
-21468.2
-21495.5
-21477.2
-21467.8
-21466.5
-21489.3
-21481.4
-21475.5
-21494.7
-21467.5
-21489.6
-21468.2
-21483.9
-21464.4
-21495.4
-21477.2
-21490.1
-21468.3
-21467.9
-21475
-21464.5
-21484.9
-21464.8
-21489.6
-21467.7
-21489.4
-21494.8
-21467.5
-21475.9
-21483.8
-21467.8
-21464.2
-21495.1
-21490
-21476.2
-21468.2
-21485.3
-21465.3
-21465.2
-21466.9
-21467.2
-21467
-21467.2
-21464.7
-21464.5
-21484.8
-21474.9
-21475.9
-21489.4
-21494.8
-21467.7
-21481.4
-21489.6
-21468.1
-21495
-21489.9
-21467.8
-21464.1
-21489.8
-21483.8
-21485.3
-21465.2
-21476.7
-21466.5
-21489.3
-21475.5
-21494.5
-21481.3
-21467.4
-21489.5
-21468.3
-21495.5
-21477.2
-21483.8
-21464.3
-21490
-21468.3
-21467.8
-21466.5
-21494.7
-21467.5
-21489.4
-21467.4
-21489.7
-21481.4
-21477.2
-21490.2
-21468.3
-21490
-21468.3
-21483.9
-21464.4
-21484.9
-21464.8
-21475
-21494.7
-21467.5
-21475.9
-21481.3
-21489.5
-21467.7
-21490
-21476.2
-21468.2
-21489.7
-21483.8
-21467.9
-21464.1
-21465.3
-21465.2
-21476.8
-21466.9
-21469
-21464.9
-21475
-21485
-21464.8
-21485.1
-21475.7
-21465.1
-21470.3
-21475.1
-21464.7
-21484.8
-21464.9
-21489.6
-21489.3
-21494.8
-21463.8
-21467.9
-21467.6
-21476
-21485.2
-21465.2
-21465.3
-21484.8
-21474.9
-21464.8
-21494.9
-21483.2
-21489.6
-21467.6
-21476
-21463.9
-21467.8
-21465.3
-21475.6
-21465.2
-21469
-21485
-21464.9
-21465
-21475.6
-21465.1
-21465.1
-21464.6
-21463.7
-21463.5
-21464.4
-21463.8
-21465
-21463.9
-21464.8
-21463.9
-21464.8
-21463.9
-21464.7
-21463.8
-21463.3
-21463.5
-21465.6
-21465.5
-21464
-21466.7
-21466.5
-21465.3
-21464.9
-21463.8
-21464.6
-21463.8
-21465.5
-21465.5
-21468.2
-21476.9
-21468.4
-21472.1
-21472.1
-21466.9
-21471.9
-21470.3
-21479.7
-21477.1
-21474.7
-21481.2
-21466.8
-21471.4
-21470.1
-21479.5
-21476.8
-21474.6
-21480.8
-21465.5
-21465.5
-21468.2
-21476.8
-21468.3
-21472
-21472
-21467
-21471.7
-21470.3
-21479.6
-21477
-21474.7
-21481
-21471.6
-21467
-21470.2
-21479.6
-21476.9
-21481
-21474.7
-21471.5
-21466.9
-21470.2
-21479.5
-21476.8
-21480.8
-21474.6
-21465.5
-21465.5
-21468.2
-21476.9
-21468.4
-21472.1
-21472.1
-21463.9
-21463.4
-21465.6
-21465.4
-21463.9
-21465.6
-21465.3
-21463.9
-21463.8
-21465.2
-21465.1
-21467.7
-21476.3
-21468
-21471.7
-21471.7
-21465.1
-21467.3
-21464.3
-21470.3
-21478.8
-21466.4
-21476.3
-21469.1
-21480.2
-21474.2
-21464.4
-21471.5
-21465.5
-21466.2
-21469.9
-21464.1
-21464.8
-21467.1
-21464.3
-21465.5
-21471.2
-21469.8
-21466
-21474.7
-21464.6
-21467.3
-21464.5
-21470.8
-21466.7
-21471
-21479.2
-21466.8
-21476.5
-21470.6
-21474.6
-21469.5
-21480.4
-21464.4
-21465.2
-21467.4
-21474.6
-21467.1
-21464.4
-21464.5
-21470.6
-21470.8
-21466.6
-21478.3
-21476.1
-21466.1
-21470.2
-21473.8
-21480
-21468.7
-21464.9
-21464
-21464
-21464.5
-21466.7
-21468.2
-21470.3
-21470.1
-21481.1
-21465.7
-21474.4
-21474.1
-21463.9
-21478.3
-21470.3
-21476.1
-21466.1
-21480
-21468.8
-21473.8
-21481.9
-21475
-21484.6
-21473.7
-21483.3
-21472.3
-21483.1
-21465.6
-21471.5
-21464.1
-21466.2
-21470
-21478.3
-21476.1
-21470.2
-21466.2
-21480
-21473.8
-21468.8
-21465.1
-21464.1
-21481
-21483.9
-21473.1
-21473
-21482.5
-21482.4
-21471
-21467.1
-21467
-21465.8
-21465.2
-21470.9
-21463.8
-21465.8
-21469.4
-21463.4
-21466.6
-21465.8
-21464.7
-21464
-21464.6
-21466.8
-21465.5
-21464.3
-21471.1
-21469.7
-21465.9
-21464
-21464.6
-21466.9
-21480.9
-21469.6
-21474.2
-21468.1
-21469.5
-21474
-21465.2
-21465.1
-21470.8
-21464
-21469.5
-21465.7
-21467.8
-21480.6
-21469
-21469
-21473.7
-21473.7
-21464.9
-21465.4
-21466
-21466
-21464.4
-21463.4
-21465.4
-21465.6
-21463.9
-21463.6
-21465.2
-21465.1
-21465
-21464.2
-21464.8
-21467.2
-21464.2
-21471.1
-21465.4
-21465.9
-21469.7
-21464
-21464.7
-21466.8
-21465.3
-21463.9
-21471.1
-21465.9
-21469.4
-21467.8
-21469.3
-21468.9
-21480.7
-21464.9
-21474
-21473.5
-21464.1
-21471.2
-21469.8
-21465.4
-21465.9
-21465.1
-21467.3
-21464.4
-21465.4
-21464.3
-21471.2
-21465.9
-21469.8
-21464.3
-21465.1
-21467.3
-21469.6
-21480.9
-21474.2
-21468.1
-21469.6
-21465.2
-21474
-21465.5
-21466
-21465.9
-21464.3
-21464.1
-21464.8
-21467.1
-21464
-21465.3
-21471.1
-21469.7
-21465.8
-21464
-21464.5
-21466.6
-21467.8
-21469.2
-21468.8
-21480.6
-21464.8
-21473.9
-21473.4
-21465.3
-21463.8
-21471
-21465.8
-21469.4
-21470.6
-21466.5
-21476.5
-21469.2
-21480.4
-21478.9
-21474.3
-21466.4
-21470.3
-21469.1
-21478.9
-21476.4
-21474.2
-21480.2
-21464.2
-21471.5
-21469.9
-21465.5
-21466.2
-21469.6
-21480.9
-21474.1
-21468.1
-21469.4
-21465.2
-21474
-21464.4
-21465.2
-21467.4
-21465.6
-21464.5
-21471.4
-21466.1
-21469.9
-21465.2
-21463.9
-21471.1
-21465.8
-21469.6
-21464
-21464.8
-21467
-21465.2
-21470.9
-21463.7
-21465.8
-21469.3
-21463.9
-21464.4
-21466.6
-21467.7
-21469.3
-21480.6
-21468.9
-21473.8
-21464.9
-21473.4
-21473.4
-21473.6
-21484.5
-21481.5
-21471.4
-21482.9
-21483
-21476.3
-21465.2
-21465.2
-21468.1
-21467.7
-21471.6
-21471.8
-21470.8
-21478.9
-21466.7
-21476.6
-21469.2
-21480.5
-21474.3
-21471.8
-21467
-21477.2
-21470.2
-21481.2
-21479.7
-21474.9
-21471.6
-21467
-21470.3
-21479.6
-21476.9
-21480.9
-21474.7
-21465.5
-21465.5
-21468.2
-21476.9
-21468.4
-21472.2
-21472.1
-21464.4
-21465.2
-21467.4
-21465.6
-21471.4
-21464.3
-21466.1
-21469.9
-21468.2
-21469.6
-21481
-21469.7
-21474.3
-21465.2
-21474.1
-21464.4
-21465.2
-21467.4
-21465.3
-21465.2
-21465.1
-21465.4
-21464
-21471.2
-21469.7
-21465.9
-21467.7
-21469.3
-21480.6
-21468.9
-21473.8
-21464.7
-21473.4
-21464.1
-21464.6
-21466.8
-21465.4
-21471.1
-21464.1
-21466
-21469.5
-21464.4
-21465.2
-21467.3
-21468.1
-21469.6
-21480.9
-21469.6
-21474.2
-21465.1
-21474
-21465.6
-21471.3
-21464.2
-21466
-21469.9
-21464.4
-21465.1
-21467.3
-21465.5
-21466
-21466
-21464.4
-21463.6
-21463.5
-21465.5
-21465.3
-21463.8
-21463.9
-21465.8
-21466.6
-21464.9
-21464.7
-21463.8
-21464
-21464.6
-21466.9
-21464
-21464.5
-21466.7
-21467.7
-21469
-21468.9
-21480.5
-21464.8
-21473.7
-21473.4
-21465.2
-21464
-21470.9
-21469.5
-21465.7
-21465.2
-21463.8
-21470.8
-21469.3
-21465.7
-21478.4
-21466.4
-21476.3
-21470.4
-21473.9
-21468.9
-21480.1
-21478.5
-21466.4
-21470.2
-21476.2
-21468.8
-21474.2
-21480
-21481.2
-21473.3
-21473.2
-21484.3
-21471.1
-21482.8
-21482.7
-21476.6
-21465.4
-21468.4
-21465.5
-21472
-21467.9
-21472
-21481.9
-21473.7
-21475
-21484.6
-21472.3
-21483.1
-21483.3
-21479.3
-21466.8
-21471.4
-21476.9
-21469.9
-21474.7
-21480.8
-21468.3
-21470.2
-21470.2
-21481.1
-21465.6
-21474.3
-21474.3
-21464.4
-21465.2
-21467.4
-21465.5
-21464.2
-21471.3
-21469.9
-21466
-21465.6
-21464.3
-21471.4
-21469.9
-21466
-21463.1
-21463.3
-21465.2
-21465.2
-21463.7
-21478.2
-21466.2
-21476.2
-21470.2
-21473.8
-21468.7
-21479.9
-21478.3
-21466.1
-21476.1
-21470.1
-21473.9
-21468.7
-21479.9
-21481
-21473
-21473.1
-21483.9
-21471
-21482.4
-21482.5
-21477
-21468.5
-21465.6
-21465.6
-21472.2
-21472.2
-21468.3
-21479.8
-21467.1
-21477.1
-21471.9
-21474.9
-21470.4
-21481.3
-21479.7
-21467
-21477.1
-21471.8
-21474.8
-21470.2
-21481.2
-21482.5
-21475.6
-21475.7
-21485.5
-21473.3
-21484
-21483.9
-21465
-21463.9
-21465.1
-21463.9
-21467
-21467
-21465.6
-21463.4
-21465.3
-21465.2
-21463.8
-21463.2
-21474.8
-21464.4
-21467.2
-21464.4
-21470.7
-21466.6
-21470.9
-21481.1
-21473.2
-21483.9
-21473.1
-21482.5
-21471.1
-21482.5
-21478.4
-21466.2
-21470.3
-21476.2
-21468.7
-21474
-21480
-21479.7
-21477.1
-21467
-21471.8
-21474.8
-21481.2
-21470.3
-21477
-21465.7
-21468.6
-21465.6
-21472.2
-21468.3
-21472.2
-21482.5
-21475.7
-21485.5
-21475.7
-21483.9
-21473.4
-21484
-21479.7
-21467
-21471.8
-21477.1
-21470.3
-21474.8
-21481.2
-21467
-21467.1
-21465.7
-21465
-21464
-21467.7
-21468.8
-21469.1
-21480.5
-21464.8
-21473.4
-21473.7
-21464
-21464.6
-21466.8
-21465.3
-21463.8
-21470.9
-21469.5
-21465.8
-21465.2
-21463.9
-21470.9
-21469.4
-21465.8
-21474.7
-21467.2
-21464.6
-21464.5
-21470.8
-21470.8
-21466.7
-21478.5
-21476.4
-21466.3
-21470.6
-21474
-21480.3
-21468.9
-21478.3
-21466.2
-21476.2
-21470.2
-21474
-21468.8
-21479.9
-21481.2
-21473.5
-21484.3
-21473.3
-21482.9
-21471.4
-21482.6
-21479.1
-21476.5
-21466.7
-21470.7
-21474.4
-21480.4
-21469.5
-21476.6
-21468.4
-21465.3
-21465.5
-21471.8
-21472
-21467.9
-21481.9
-21473.8
-21484.6
-21475
-21483.1
-21472.3
-21483.3
-21479.4
-21466.9
-21477
-21471.6
-21474.6
-21469.9
-21480.9
-21464.4
-21465.2
-21467.5
-21464.3
-21465.2
-21467.3
-21465.5
-21464.3
-21471.3
-21469.8
-21466
-21465.6
-21464.1
-21471.4
-21469.9
-21466.1
-21463.8
-21463.5
-21465.6
-21465.4
-21464.2
-21465.8
-21466.6
-21464.9
-21464.7
-21463.8
-21463.5
-21465.4
-21465.6
-21464.2
-21463.7
-21466.6
-21465.8
-21464.8
-21464.6
-21463.7
-21463.7
-21465.2
-21470.8
-21463.8
-21465.7
-21469.3
-21465.1
-21470.8
-21463.5
-21465.7
-21469.3
-21463.9
-21464.5
-21466.7
-21464
-21464.6
-21466.8
-21467.7
-21480.4
-21468.8
-21469
-21473.4
-21473.6
-21464.8
-21481.3
-21473.3
-21484.3
-21473.5
-21482.7
-21471.3
-21482.9
-21474.7
-21464.4
-21464.6
-21467.1
-21466.7
-21470.7
-21470.8
-21478.5
-21470.5
-21466.4
-21476.4
-21469
-21480.3
-21474.1
-21479.3
-21471.4
-21476.9
-21466.8
-21480.8
-21469.8
-21474.6
-21479.2
-21470.7
-21466.7
-21476.5
-21469.4
-21480.4
-21474.5
-21476.6
-21465.4
-21465.3
-21468.3
-21467.8
-21472
-21471.9
-21465.6
-21471.4
-21464.5
-21466.1
-21469.9
-21464.3
-21465.1
-21467.4
-21468.2
-21481
-21470.2
-21470
-21474.3
-21474.1
-21465.6
-21464.3
-21465.1
-21467.4
-21463.4
-21465.2
-21465.2
-21463.8
-21463.3
-21481.1
-21473.1
-21483.9
-21473
-21482.5
-21471.1
-21482.5
-21474.6
-21464.3
-21467.2
-21464.5
-21470.7
-21466.6
-21470.8
-21478.4
-21470
-21466.2
-21476.2
-21468.8
-21479.9
-21474
-21479.7
-21477.1
-21471.9
-21467.1
-21481.2
-21474.8
-21470.4
-21482.5
-21475.7
-21485.5
-21475.7
-21483.9
-21473.5
-21483.9
-21477
-21465.6
-21468.4
-21465.6
-21472.3
-21468.3
-21472.1
-21479.7
-21471.8
-21467
-21477.1
-21470.4
-21481.2
-21474.8
-21467.1
-21467
-21465.8
-21465
-21464
-21465.2
-21465.1
-21463.7
-21463.2
-21463.2
-21478.3
-21470.2
-21476.2
-21466.2
-21480
-21468.7
-21473.8
-21478.4
-21470.1
-21476.1
-21466.3
-21479.9
-21468.7
-21474.2
-21474.5
-21464.2
-21464.5
-21467.1
-21466.6
-21470.7
-21470.9
-21482.5
-21485.5
-21475.7
-21475.7
-21484
-21484
-21473.4
-21479.8
-21471.9
-21477.1
-21467.1
-21481.3
-21470.4
-21474.8
-21479.7
-21471.9
-21477.1
-21467.1
-21481.2
-21470.4
-21474.8
-21477
-21465.6
-21465.7
-21468.5
-21468.3
-21472.2
-21472.2
-21465.1
-21464.1
-21465
-21464
-21465.2
-21470.9
-21464
-21465.7
-21469.5
-21463.8
-21464.5
-21466.6
-21467.7
-21480.5
-21468.9
-21469
-21473.4
-21473.6
-21464.7
-21464.1
-21464.6
-21466.8
-21478.5
-21476.2
-21470.1
-21466.3
-21479.9
-21474.1
-21468.9
-21481.2
-21484.3
-21473.3
-21473.5
-21482.7
-21482.8
-21471.2
-21474.8
-21464.6
-21467.2
-21464.5
-21471
-21466.8
-21470.7
-21478.4
-21470.5
-21476.4
-21466.2
-21480.2
-21468.9
-21473.9
-21481.8
-21484.5
-21475
-21473.7
-21483.3
-21483
-21472.1
-21479.4
-21477
-21471.5
-21466.8
-21480.9
-21474.7
-21469.9
-21479.2
-21470.7
-21476.5
-21466.8
-21480.4
-21469.5
-21474.4
-21476.6
-21465.5
-21468.3
-21465.4
-21472
-21468
-21471.9
-21465.6
-21471.4
-21464.3
-21466.1
-21469.8
-21465.6
-21471.4
-21464.3
-21466
-21469.9
-21468.3
-21481.2
-21470.3
-21470.1
-21474.5
-21474.1
-21465.7
-21464.5
-21465.2
-21467.4
-21464.3
-21465.1
-21467.3
-21465.4
-21465.6
-21463.9
-21463.6
-21464.7
-21463.6
-21463.8
-21465
-21465
-21465.2
-21465.4
-21464.1
-21471.1
-21469.6
-21465.9
-21467.7
-21469
-21480.5
-21469
-21473.6
-21464.8
-21473.6
-21464.1
-21464.9
-21467
-21471.2
-21463.7
-21465.4
-21465.9
-21469.6
-21464.4
-21465.1
-21467.3
-21480.9
-21469.5
-21473.9
-21468.1
-21469.6
-21474.2
-21465.2
-21464.3
-21471.2
-21469.8
-21465.4
-21465.9
-21465
-21467.2
-21464.3
-21465.5
-21465.9
-21466
-21464.3
-21467.7
-21469.1
-21480.5
-21469.1
-21473.7
-21464.8
-21473.5
-21465.2
-21463.9
-21470.9
-21469.5
-21465.7
-21464
-21464.8
-21466.9
-21464
-21465.2
-21470.9
-21469.5
-21465.7
-21465.1
-21465
-21467.5
-21476.1
-21468
-21471.6
-21471.5
-21470.7
-21476.6
-21466.6
-21480.5
-21469.2
-21478.9
-21474.3
-21466.4
-21470.4
-21469.1
-21478.8
-21476.3
-21474.1
-21480.2
-21464.3
-21465
-21467.4
-21465.5
-21464.3
-21471.4
-21469.9
-21466.1
-21465.1
-21467.3
-21464.4
-21464.3
-21471.4
-21469.9
-21465.6
-21466.1
-21463.9
-21464.5
-21466.9
-21467.6
-21480.4
-21469
-21469
-21473.6
-21473.5
-21464.8
-21464
-21465.2
-21470.9
-21465.7
-21469.5
-21464
-21464.7
-21467
-21470.4
-21466.5
-21469.1
-21478.8
-21476.3
-21480.2
-21474.1
-21465.1
-21465.2
-21467.6
-21476.2
-21468.1
-21471.6
-21471.7
-21470.7
-21476.5
-21466.5
-21480.4
-21469.1
-21478.8
-21474.2
-21465.6
-21471.5
-21464.4
-21470
-21466.1
-21480.8
-21469.4
-21474.1
-21468.2
-21469.5
-21474.1
-21465.2
-21464.5
-21465.3
-21467.4
-21464.4
-21471.3
-21469.8
-21465.5
-21466
-21465.1
-21467.4
-21464.4
-21465
-21464.9
-21465.1
-21464.2
-21464.6
-21466.8
-21465.3
-21471
-21463.8
-21469.4
-21465.9
-21464.2
-21464.9
-21467.1
-21471.1
-21464
-21465.3
-21469.6
-21465.9
-21480.9
-21469.5
-21474.2
-21468.1
-21469.6
-21474
-21465.2
-21465.5
-21471.1
-21464.2
-21469.7
-21466
-21464.4
-21465.1
-21467.2
-21464.2
-21471.2
-21469.7
-21465.5
-21466
-21465.1
-21467.3
-21464.4
-21475.4
-21475
-21484.9
-21473
-21483.7
-21482.2
-21483.4
-21500
-21499.7
-21505.3
-21499.7
-21505.1
-21504.9
-21510.4
-21494.4
-21505.6
-21500.2
-21505.3
-21499.9
-21510.7
-21505.5
-21505.2
-21494.3
-21499.8
-21505.2
-21510.5
-21499.9
-21505.2
-21500.1
-21500
-21494.6
-21510.7
-21505.5
-21505.4
-21500.2
-21483.5
-21485.8
-21474.3
-21485.9
-21479.3
-21489.7
-21479.4
-21505.1
-21505
-21510.4
-21494.3
-21499.9
-21499.7
-21505.1
-21500.1
-21510.7
-21505.5
-21500.2
-21494.6
-21505.5
-21500.1
-21510.5
-21499.8
-21505.1
-21500
-21505.2
-21494.4
-21499.8
-21505.6
-21505.4
-21500.3
-21505.5
-21500.2
-21500
-21494.6
-21470.7
-21479.1
-21479.1
-21483.9
-21471.7
-21477.7
-21477.6
-21483.8
-21479.1
-21477.6
-21470.7
-21479.2
-21477.6
-21471.7
-21483.6
-21479
-21477.5
-21470.6
-21479
-21477.4
-21471.6
-21475.1
-21475.5
-21473.2
-21482.3
-21484.9
-21483.4
-21483.7
-21475
-21475.4
-21473.1
-21482.2
-21484.9
-21483.4
-21483.6
-21475.4
-21475
-21473.1
-21482.2
-21484.9
-21483.6
-21483.4
-21478.9
-21470.4
-21478.9
-21483.5
-21471.5
-21477.4
-21477.1
-21479
-21483.7
-21477.5
-21470.6
-21479
-21471.5
-21477.5
-21470.4
-21478.9
-21483.4
-21478.8
-21477.4
-21471.4
-21477.1
-21473.7
-21473.5
-21484.5
-21471.5
-21483.1
-21481.6
-21483
-21479.2
-21483.8
-21477.6
-21470.6
-21479.2
-21471.8
-21477.6
-21470.3
-21478.9
-21478.7
-21483.4
-21471.4
-21477.3
-21477
-21479.2
-21470.7
-21479.2
-21483.8
-21471.8
-21477.7
-21477.6
-21470.4
-21478.9
-21483.5
-21479
-21477.3
-21471.6
-21477.2
-21470.6
-21479
-21483.7
-21479
-21477.6
-21471.6
-21477.5
-21470.2
-21483.3
-21478.7
-21478.6
-21477.2
-21477
-21471.3
-21483.5
-21474.4
-21485.8
-21486
-21479.4
-21479.5
-21489.8
-21470.7
-21483.8
-21479.1
-21479.1
-21477.7
-21477.6
-21471.7
-21483.4
-21474.3
-21485.8
-21485.8
-21479.3
-21479.3
-21489.7
-21483.5
-21485.8
-21474.3
-21485.8
-21479.3
-21489.7
-21479.4
-21470.3
-21483.4
-21478.8
-21478.8
-21477.2
-21477.2
-21471.4
-21470.7
-21483.9
-21479.1
-21479.2
-21477.7
-21477.6
-21471.7
-21470.2
-21478.7
-21478.6
-21483.3
-21471.2
-21477
-21477.1
-21483.4
-21485.7
-21474.3
-21486
-21479.2
-21489.7
-21479.5
-21470.7
-21479.2
-21479.1
-21483.8
-21471.8
-21477.8
-21477.6
-21483.4
-21485.8
-21474.2
-21485.9
-21479.3
-21489.7
-21479.4
-21483.4
-21485.7
-21485.9
-21474.4
-21489.3
-21479.3
-21479.5
-21470.3
-21478.7
-21478.8
-21483.3
-21471.4
-21477.1
-21477.2
-21483.5
-21485.8
-21485.9
-21474.2
-21489.7
-21479.4
-21479.4
-21478.9
-21470.4
-21478.9
-21483.5
-21477.3
-21471.5
-21477.3
-21483.7
-21479
-21477.4
-21470.5
-21478.9
-21477.5
-21471.5
-21470.3
-21483.4
-21478.7
-21478.7
-21477.2
-21477.1
-21471.3
-21473.7
-21484.5
-21473.4
-21483.1
-21471.4
-21481.5
-21482.8
-21483.8
-21479.1
-21477.6
-21470.8
-21479.2
-21477.6
-21471.8
-21470.2
-21478.7
-21483.3
-21478.7
-21477.2
-21471.3
-21477.1
-21473.6
-21484.5
-21473.3
-21483
-21471.3
-21481.4
-21482.8
-21478.9
-21470.4
-21483.4
-21478.9
-21477.2
-21477.2
-21471.5
-21453.8
-21438.9
-21426.2
-21454.2
-21439.1
-21426.4
-21454.2
-21439.1
-21426.4
-21454.7
-21439.7
-21426.8
-21454.5
-21439.5
-21426.6
-21454.4
-21439.4
-21426.7
-21454.7
-21439.7
-21426.9
-21454.4
-21439.4
-21426.6
-21454.5
-21439.5
-21426.7
-21454.8
-21439.8
-21426.9
-21454.6
-21439.6
-21426.6
-21454.3
-21439.3
-21426.5
-21454.5
-21439.5
-21426.7
-21454.9
-21439.8
-21426.9
-21454.6
-21439.6
-21426.6
-21454.8
-21439.8
-21426.9
-21453.5
-21438.5
-21425.8
-21453.7
-21438.7
-21425.9
-21454.5
-21439.5
-21426.6
-21454.4
-21439.4
-21426.6
-21454.4
-21439.4
-21426.6
-21454
-21439
-21426.2
-21454.2
-21439.1
-21426.3
-21454.4
-21439.3
-21426.5
-21454.4
-21439.4
-21426.5
-21454.4
-21439.3
-21426.5
-21454.3
-21439.2
-21426.4
-21454.4
-21439.4
-21426.5
-21454.3
-21439.2
-21426.5
-21454.5
-21439.4
-21426.6
-21454.4
-21439.3
-21426.6
-21454.4
-21439.3
-21426.6
-21454.4
-21439.3
-21426.6
-21454.2
-21439.2
-21426.3
-21454.2
-21439.2
-21426.3
-21454.4
-21439.4
-21426.5
-21454.2
-21439.2
-21426.3
-21454.3
-21439.3
-21426.4
-21454.4
-21439.4
-21426.6
-21454.2
-21439.2
-21426.3
-21454.4
-21439.4
-21426.5
-21454.3
-21439.2
-21426.4
-21454.5
-21439.5
-21426.6
-21454.4
-21439.4
-21426.6
-21454.3
-21439.3
-21426.5
-21454.6
-21439.6
-21426.7
-21454.1
-21439.1
-21426.3
-21454.2
-21439.1
-21426.3
-21454.9
-21439.9
-21426.9
-21454.7
-21439.7
-21426.9
-21454.6
-21439.6
-21426.8
-21454.7
-21439.7
-21426.9
-21454.2
-21439.2
-21426.4
-21454.3
-21439.2
-21426.4
-21454.4
-21439.3
-21426.6
-21454.3
-21439.2
-21426.5
-21454.6
-21439.6
-21426.8
-21454.7
-21439.7
-21426.8
-21454.3
-21439.3
-21426.5
-21454.3
-21439.3
-21426.6
-21454.6
-21439.5
-21426.7
-21454.4
-21439.4
-21426.6
-21454.6
-21439.5
-21426.7
-21454.4
-21439.3
-21426.5
-21454.5
-21439.4
-21426.6
-21454.3
-21439.2
-21426.4
-21454.1
-21439
-21426.2
-21454.5
-21439.5
-21426.7
-21454.4
-21439.5
-21426.7
-21454.5
-21439.4
-21426.7
-21454
-21438.9
-21426.1
-21455.2
-21440.1
-21427.2
-21455
-21440
-21427.1
-21454.8
-21439.7
-21426.9
-21454
-21438.9
-21426
-21454.5
-21439.4
-21426.7
-21454.7
-21439.6
-21426.8
-21455
-21439.9
-21427.1
-21454.8
-21439.8
-21426.9
-21453.7
-21438.7
-21426
-21454
-21439
-21426.3
-21454.2
-21439.1
-21426.3
-21454.7
-21439.7
-21426.8
-21454.5
-21439.5
-21426.6
-21454.5
-21439.4
-21426.6
-21454.2
-21439.1
-21426.4
-21455.1
-21440
-21427.1
-21454.7
-21439.7
-21426.9
-21454.6
-21439.6
-21426.8
-21454.3
-21439.3
-21426.6
-21454.5
-21439.5
-21426.7
-21454.4
-21439.4
-21426.5
-21454.5
-21439.5
-21426.6
-21454.4
-21439.3
-21426.5
-21454.5
-21439.4
-21426.6
-21454.2
-21439.1
-21426.3
-21453.8
-21438.7
-21426
-21454.5
-21439.4
-21426.7
-21454.4
-21439.3
-21426.6
-21454.5
-21439.5
-21426.8
-21454.6
-21439.5
-21426.8
-21454
-21438.9
-21426.1
-21454.2
-21439.2
-21426.5
-21454.6
-21439.5
-21426.7
-21455
-21439.9
-21427
-21454.8
-21439.7
-21426.9
-21453.9
-21438.8
-21426
-21455.2
-21440.1
-21427.2
-21455.1
-21440
-21427.1
-21454.4
-21439.3
-21426.7
-21454.6
-21439.5
-21426.8
-21454.8
-21439.7
-21426.9
-21454.1
-21439.1
-21426.3
-21454.3
-21439.2
-21426.4
-21454.7
-21439.7
-21426.8
-21455
-21439.9
-21427
-21455
-21440
-21427.1
-21454.4
-21439.3
-21426.6
-21454.1
-21439.1
-21426.5
-21454.4
-21439.3
-21426.6
-21454.7
-21439.7
-21426.9
-21454.5
-21439.5
-21426.7
-21454.4
-21439.4
-21426.5
-21454.3
-21439.3
-21426.5
-21453.8
-21438.8
-21426.1
-21454.1
-21439.1
-21426.3
-21454.3
-21439.3
-21426.5
-21454.6
-21439.6
-21426.7
-21454.1
-21439
-21426.2
-21454.1
-21439.1
-21426.3
-21454.4
-21439.3
-21426.5
-21454.4
-21439.4
-21426.6
-21454.5
-21439.4
-21426.7
-21454.6
-21439.6
-21426.8
-21454.8
-21439.7
-21426.9
-21454.1
-21439.1
-21426.3
-21454.3
-21439.2
-21426.4
-21454.2
-21439.1
-21426.3
-21454.8
-21439.8
-21426.9
-21454.5
-21439.5
-21426.7
-21454.3
-21439.3
-21426.5
-21454.3
-21439.3
-21426.5
-21454.3
-21439.3
-21426.5
-21454.5
-21439.4
-21426.6
-21454.6
-21439.5
-21426.7
-21454.5
-21439.5
-21426.7
-21453.9
-21438.9
-21426.2
-21454.1
-21439
-21426.3
-21454.3
-21439.2
-21426.4
-21453.2
-21438.3
-21425.7
-21453.6
-21438.6
-21425.9
-21454.2
-21439.2
-21426.4
-21454.2
-21439.2
-21426.5
-21454.1
-21439.1
-21426.4
-21454.3
-21439.3
-21426.5
-21454.4
-21439.3
-21426.5
-21453.8
-21438.8
-21426.1
-21454.3
-21439.2
-21426.4
-21453.1
-21438.2
-21425.6
-21453.9
-21438.9
-21426.1
-21453.7
-21438.7
-21426
-21454.1
-21439
-21426.3
-21454.1
-21439.1
-21426.2
-21454.1
-21439.1
-21426.3
-21454.3
-21439.3
-21426.5
-21454.1
-21439.1
-21426.2
-21454
-21439.1
-21426.3
-21454.1
-21439
-21426.3
-21453.6
-21438.6
-21425.9
-21454.1
-21439
-21426.2
-21454.8
-21439.7
-21426.8
-21454.8
-21439.7
-21426.8
-21454.9
-21439.8
-21426.9
-21454.6
-21439.6
-21426.8
-21454.8
-21439.7
-21426.9
-21454.7
-21439.6
-21426.8
-21453.7
-21438.7
-21426
-21454.5
-21439.5
-21426.6
-21454.1
-21439.1
-21426.3
-21453.1
-21438.3
-21425.6
-21453.9
-21439
-21426.2
-21453.9
-21438.9
-21426
-21454
-21439
-21426.2
-21453.9
-21438.9
-21426
-21454.3
-21439.2
-21426.4
-21453.5
-21438.6
-21425.9
-21454.1
-21439
-21426.3
-21454.7
-21439.6
-21426.7
-21454.7
-21439.6
-21426.8
-21454.7
-21439.6
-21426.8
-21455.1
-21439.9
-21427.1
-21454.6
-21439.5
-21426.7
-21454.6
-21439.5
-21426.7
-21454.4
-21439.3
-21426.6
-21454.6
-21439.6
-21426.8
-21455
-21439.9
-21427
-21454.4
-21439.4
-21426.6
-21454.3
-21439.3
-21426.6
-21454.8
-21439.7
-21426.9
-21454.6
-21439.6
-21426.8
-21454.7
-21439.6
-21426.8
-21454.9
-21439.9
-21427.1
-21454.3
-21439.2
-21426.4
-21454.3
-21439.1
-21426.4
-21454.2
-21439.1
-21426.4
-21454.5
-21439.4
-21426.6
-21454.8
-21439.6
-21426.8
-21454.2
-21439.2
-21426.5
-21454.2
-21439.2
-21426.5
-21454.5
-21439.4
-21426.7
-21454.6
-21439.6
-21426.7
-21454.7
-21439.6
-21426.8
-21454.8
-21439.7
-21426.9
-21454.6
-21439.5
-21426.7
-21454.5
-21439.5
-21426.7
-21454.2
-21439.2
-21426.5
-21454.7
-21439.6
-21426.8
-21454.8
-21439.8
-21427
-21454.9
-21439.9
-21427.1
-21455.4
-21440.3
-21427.4
-21454.6
-21439.5
-21426.7
-21454.6
-21439.6
-21426.8
-21454.5
-21439.4
-21426.6
-21454.9
-21439.7
-21426.9
-21455
-21439.8
-21427
-21454.1
-21439.1
-21426.3
-21454.3
-21439.2
-21426.5
-21454.5
-21439.4
-21426.6
-21454.3
-21439.3
-21426.5
-21454.8
-21439.8
-21426.9
-21454.3
-21439.3
-21426.5
-21454.7
-21439.7
-21426.7
-21454.3
-21439.3
-21426.5
-21454.4
-21439.4
-21426.6
-21454.1
-21439
-21426.3
-21454.1
-21439.1
-21426.3
-21454
-21438.9
-21426.2
-21454.3
-21439.2
-21426.5
-21454.4
-21439.3
-21426.5
-21454.9
-21439.8
-21427
-21454.9
-21439.8
-21426.9
-21454.6
-21439.5
-21426.7
-21453.9
-21438.9
-21426.2
-21454.5
-21439.4
-21426.6
-21455
-21439.9
-21427
-21454.8
-21439.8
-21426.9
-21454.6
-21439.6
-21426.8
-21454.3
-21439.3
-21426.5
-21453.9
-21438.9
-21426.2
-21454
-21439
-21426.3
-21454.8
-21439.8
-21427
-21454.6
-21439.5
-21426.6
-21454.9
-21439.8
-21426.9
-21454.4
-21439.4
-21426.6
-21454.4
-21439.4
-21426.6
-21454.7
-21439.7
-21426.8
-21454.6
-21439.6
-21426.8
-21454.5
-21439.4
-21426.5
-21454.4
-21439.4
-21426.5
-21453.8
-21438.7
-21426
-21453.5
-21438.5
-21425.9
-21454.1
-21439
-21426.2
-21454.5
-21439.5
-21426.7
-21453.5
-21438.5
-21425.9
-21454
-21439
-21426.3
-21454.3
-21439.3
-21426.5
-21454.3
-21439.3
-21426.5
-21454.6
-21439.6
-21426.8
-21454.1
-21439
-21426.3
-21454.1
-21439
-21426.3
-21454.1
-21439
-21426.3
-21454.4
-21439.3
-21426.5
-21454.4
-21439.3
-21426.5
-21454.6
-21439.6
-21426.8
-21454.7
-21439.6
-21426.8
-21454.4
-21439.3
-21426.5
-21454.4
-21439.4
-21426.6
-21454.5
-21439.4
-21426.6
-21454.6
-21439.6
-21426.8
-21454.1
-21439
-21426.3
-21454
-21438.9
-21426.2
-21453.9
-21438.9
-21426.2
-21454.3
-21439.2
-21426.5
-21454.3
-21439.1
-21426.4
-21455
-21439.9
-21427.1
-21454.8
-21439.7
-21426.9
-21454.9
-21439.7
-21426.9
-21454.2
-21439.2
-21426.4
-21454.4
-21439.3
-21426.5
-21454
-21438.9
-21426.2
-21453.8
-21438.8
-21426.2
-21454.4
-21439.4
-21426.5
-21454.5
-21439.4
-21426.6
-21454.7
-21439.6
-21426.8
-21454.6
-21439.5
-21426.7
-21454.7
-21439.6
-21426.8
-21455.1
-21440
-21427.2
-21455.1
-21440
-21427.2
-21455.1
-21440
-21427.1
-21455.3
-21440.2
-21427.3
-21455
-21439.9
-21427.1
-21455.2
-21440.1
-21427.2
-21455
-21439.9
-21427.1
-21454.6
-21439.4
-21426.7
-21454.6
-21439.5
-21426.7
-21453.5
-21438.5
-21425.8
-21453.7
-21438.7
-21426
-21454
-21439
-21426.2
-21453.9
-21439
-21426.1
-21454.2
-21439.2
-21426.5
-21453.3
-21438.4
-21425.8
-21453.9
-21438.9
-21426.2
-21454.9
-21439.7
-21426.9
-21454.8
-21439.7
-21426.9
-21454.8
-21439.7
-21426.9
-21454.6
-21439.5
-21426.7
-21454.8
-21439.7
-21426.9
-21454.6
-21439.5
-21426.7
-21454.4
-21439.3
-21426.5
-21454.4
-21439.3
-21426.5
-21454.2
-21439.1
-21426.4
-21454.7
-21439.5
-21426.7
-21454.4
-21439.3
-21426.5
-21454.5
-21439.5
-21426.6
-21454.2
-21439.1
-21426.4
-21454.2
-21439.1
-21426.4
-21454.1
-21439.1
-21426.3
-21454.4
-21439.3
-21426.6
-21454.4
-21439.4
-21426.6
-21454
-21438.9
-21426.2
-21454
-21439
-21426.3
-21454.4
-21439.3
-21426.5
-21454.6
-21439.6
-21426.7
-21454.9
-21439.8
-21427
-21455
-21439.8
-21427
-21454.6
-21439.5
-21426.7
-21454.7
-21439.6
-21426.8
-21454.5
-21439.4
-21426.6
-21454.6
-21439.6
-21426.8
-21454.4
-21439.3
-21426.6
-21454.5
-21439.4
-21426.7
-21454.5
-21439.4
-21426.7
-21454.5
-21439.4
-21426.6
-21454.5
-21439.4
-21426.6
-21454.8
-21439.6
-21426.8
-21454.9
-21439.8
-21426.9
-21455.1
-21440
-21427.1
-21455.1
-21439.9
-21427.1
-21455.1
-21439.9
-21427.1
-21455.1
-21440
-21427.1
-21455.1
-21440
-21427.2
-21455
-21439.9
-21427.1
-21454.5
-21439.3
-21426.6
-21454.3
-21439.2
-21426.4
-21454.2
-21439.1
-21426.4
-21454.2
-21439.1
-21426.3
-21454.5
-21439.4
-21426.6
-21453.9
-21438.9
-21426.2
-21454.4
-21439.4
-21426.5
-21454.1
-21439
-21426.3
-21454.2
-21439.1
-21426.3
-21454.2
-21439.1
-21426.3
-21454.5
-21439.4
-21426.6
-21454.4
-21439.4
-21426.5
-21453.9
-21438.8
-21426.1
-21454.3
-21439.3
-21426.5
-21454.6
-21439.6
-21426.8
-21454.6
-21439.6
-21426.8
-21454.9
-21439.8
-21427
-21455
-21439.9
-21427
-21454.8
-21439.6
-21426.8
-21454.6
-21439.5
-21426.8
-21454.6
-21439.5
-21426.8
-21455
-21439.9
-21427
-21454.8
-21439.8
-21426.9
-21454.4
-21439.4
-21426.7
-21454.5
-21439.4
-21426.7
-21454.4
-21439.3
-21426.5
-21453.9
-21438.9
-21426.1
-21454.2
-21439.1
-21426.3
-21454.2
-21439.1
-21426.4
-21454.2
-21439.1
-21426.3
-21454.1
-21439
-21426.2
-21454.5
-21439.4
-21426.6
-21454.9
-21439.8
-21426.9
-21454.4
-21439.4
-21426.5
-21454
-21438.9
-21426.2
-21453.8
-21438.7
-21426.1
-21454
-21438.9
-21426.2
-21453.9
-21438.9
-21426.2
-21454
-21438.9
-21426.2
-21454.5
-21439.4
-21426.6
-21454.4
-21439.3
-21426.5
-21454.9
-21439.8
-21426.9
-21454.9
-21439.8
-21426.9
-21454.6
-21439.5
-21426.7
-21454.6
-21439.5
-21426.7
-21454.7
-21439.6
-21426.8
-21454.5
-21439.4
-21426.7
-21455
-21439.8
-21427
-21454.7
-21439.7
-21426.9
-21454.4
-21439.3
-21426.6
-21454.5
-21439.4
-21426.7
-21454.3
-21439.3
-21426.6
-21454.8
-21439.7
-21426.9
-21455
-21439.9
-21427.1
-21454.6
-21439.6
-21426.8
-21454.6
-21439.5
-21426.7
-21454.4
-21439.3
-21426.6
-21454.8
-21439.7
-21426.9
-21455
-21439.8
-21427
-21455
-21439.9
-21427.1
-21454.8
-21439.7
-21426.9
-21455
-21439.9
-21427.1
-21455.1
-21439.9
-21427.1
-21454.8
-21439.7
-21426.9
-21454.9
-21439.8
-21426.9
-21454.7
-21439.6
-21426.8
-21454.5
-21439.5
-21426.6
-21454.6
-21439.5
-21426.7
-21453.9
-21438.9
-21426.2
-21454.7
-21439.7
-21426.9
-21454.6
-21439.4
-21426.6
-21454.3
-21439.1
-21426.4
-21454.3
-21439.2
-21426.4
-21454.2
-21439.1
-21426.4
-21454.6
-21439.4
-21426.6
-21454.6
-21439.6
-21426.7
-21454.3
-21439.2
-21426.5
-21454.1
-21439.1
-21426.4
-21454.6
-21439.5
-21426.7
-21454.7
-21439.6
-21426.8
-21454.4
-21439.3
-21426.6
-21454.9
-21439.8
-21426.9
-21454.8
-21439.6
-21426.9
-21454.9
-21439.8
-21427
-21454.8
-21439.7
-21426.9
-21454.3
-21439.3
-21426.5
-21454.3
-21439.2
-21426.5
-21454.1
-21439.1
-21426.4
-21454.5
-21439.4
-21426.7
-21454.6
-21439.5
-21426.7
-21454.4
-21439.3
-21426.6
-21454.8
-21439.6
-21426.8
-21454.9
-21439.8
-21427
-21455.2
-21440.1
-21427.2
-21455
-21439.9
-21427.1
-21455.1
-21440
-21427.1
-21455.1
-21440
-21427.1
-21455
-21439.9
-21427.1
-21455.2
-21440
-21427.2
-21454.6
-21439.4
-21426.7
-21454.6
-21439.5
-21426.7
-21453.6
-21438.7
-21426
-21453.8
-21438.8
-21426.2
-21454.2
-21439.1
-21426.3
-21453.3
-21438.4
-21425.7
-21454.1
-21439.2
-21426.3
-21453.9
-21438.9
-21426.1
-21454
-21439
-21426.3
-21454.7
-21439.6
-21426.8
-21454.3
-21439.4
-21426.5
-21454.4
-21439.4
-21426.6
-21454.3
-21439.3
-21426.5
-21454.1
-21439
-21426.3
-21454.2
-21439.1
-21426.4
-21454.1
-21439.1
-21426.3
-21454.5
-21439.4
-21426.6
-21454.1
-21439
-21426.3
-21454.2
-21439.1
-21426.3
-21454.2
-21439.1
-21426.3
-21454.4
-21439.3
-21426.5
-21454.3
-21439.3
-21426.5
-21454.1
-21439
-21426.3
-21454.4
-21439.3
-21426.5
-21453.8
-21438.7
-21426
-21455
-21439.9
-21427
-21454.6
-21439.5
-21426.7
-21454.6
-21439.5
-21426.7
-21454.3
-21439.3
-21426.6
-21455
-21439.8
-21427
-21454.7
-21439.6
-21426.8
-21454.7
-21439.6
-21426.8
-21454.3
-21439.3
-21426.5
-21454.7
-21439.7
-21426.9
-21454.8
-21439.7
-21426.9
-21454.4
-21439.3
-21426.6
-21454.3
-21439.3
-21426.6
-21453.6
-21438.6
-21425.9
-21452.9
-21438
-21425.4
-21454
-21438.9
-21426.1
-21453.3
-21438.3
-21425.6
-21453.7
-21438.7
-21425.9
-21453.8
-21438.8
-21425.9
-21455.1
-21440.1
-21427.2
-21454.9
-21439.9
-21427
-21454.3
-21439.3
-21426.5
-21454.5
-21439.5
-21426.7
-21454.6
-21439.6
-21426.8
-21454.7
-21439.7
-21426.9
-21453.1
-21438.2
-21425.5
-21454
-21439
-21426.1
-21453.8
-21438.8
-21425.9
-21453.8
-21438.8
-21425.9
-21454.1
-21439
-21426.2
-21453.9
-21438.9
-21426
-21452.7
-21437.9
-21425.3
-21455
-21439.9
-21427.1
-21454.9
-21439.9
-21427.1
-21454.9
-21439.8
-21427
-21455.1
-21440.1
-21427.2
-21454.9
-21439.9
-21427
-21454.6
-21439.6
-21426.8
-21454.7
-21439.7
-21426.8
-21454.4
-21439.4
-21426.6
-21454.6
-21439.4
-21426.6
-21454.2
-21439.1
-21426.4
-21454.2
-21439.1
-21426.4
-21454.1
-21439
-21426.3
-21454.5
-21439.4
-21426.6
-21454.4
-21439.4
-21426.5
-21454.5
-21439.4
-21426.6
-21453.8
-21438.7
-21426
-21454.7
-21439.6
-21426.7
-21454.3
-21439.3
-21426.5
-21454.1
-21439
-21426.3
-21453.9
-21438.9
-21426.2
-21454.6
-21439.6
-21426.8
-21455.1
-21440
-21427.1
-21454.6
-21439.5
-21426.7
-21454.9
-21439.9
-21426.9
-21454.5
-21439.5
-21426.8
-21454.8
-21439.7
-21426.8
-21454.8
-21439.7
-21426.9
-21454.9
-21439.8
-21427
-21454.8
-21439.8
-21426.9
-21454.6
-21439.5
-21426.8
-21454.6
-21439.5
-21426.8
-21454.5
-21439.4
-21426.6
-21454.9
-21439.8
-21427
-21454.4
-21439.3
-21426.6
-21454.6
-21439.5
-21426.7
-21454.4
-21439.3
-21426.6
-21454.8
-21439.7
-21426.9
-21454.7
-21439.7
-21426.8
-21454.7
-21439.7
-21426.8
-21454.4
-21439.4
-21426.6
-21454.4
-21439.4
-21426.7
-21454.8
-21439.7
-21426.9
-21454.8
-21439.8
-21426.9
-21454.6
-21439.6
-21426.8
-21454.1
-21439.1
-21426.4
-21453.9
-21438.9
-21426.3
-21454.7
-21439.7
-21426.9
-21454.5
-21439.4
-21426.6
-21453.7
-21438.8
-21426.1
-21454.2
-21439.1
-21426.3
-21453.5
-21438.5
-21425.9
-21454.2
-21439.2
-21426.4
-21453.9
-21439
-21426.2
-21454.3
-21439.3
-21426.5
-21454.3
-21439.3
-21426.5
-21454
-21439
-21426.3
-21453.3
-21438.4
-21425.8
-21454.1
-21439.1
-21426.3
-21453.9
-21439
-21426.2
-21454.1
-21439.2
-21426.3
-21454.5
-21439.4
-21426.6
-21453.4
-21438.5
-21425.9
-21454.5
-21439.4
-21426.6
-21454.4
-21439.4
-21426.5
-21454.3
-21439.3
-21426.4
-21454.5
-21439.4
-21426.6
-21454.1
-21439.1
-21426.3
-21454.2
-21439.2
-21426.4
-21453.5
-21438.6
-21426
-21454.4
-21439.4
-21426.6
-21454.4
-21439.4
-21426.5
-21453.9
-21438.8
-21426.1
-21454
-21438.9
-21426.2
-21454.3
-21439.2
-21426.4
-21453.5
-21438.4
-21425.8
-21453.8
-21438.7
-21426
-21454.1
-21439
-21426.2
-21454.1
-21439
-21426.3
-21454
-21438.9
-21426.2
-21454.4
-21439.3
-21426.5
-21454.5
-21439.4
-21426.6
-21454.1
-21439
-21426.2
-21454.3
-21439.2
-21426.4
-21454
-21438.9
-21426.2
-21454.5
-21439.4
-21426.6
-21454.4
-21439.2
-21426.5
-21454.6
-21439.5
-21426.7
-21454.7
-21439.6
-21426.7
-21454.7
-21439.6
-21426.8
-21454.8
-21439.8
-21426.9
-21454.6
-21439.5
-21426.8
-21454.9
-21439.7
-21426.9
-21454.5
-21439.5
-21426.8
-21454.5
-21439.4
-21426.6
-21454.5
-21439.4
-21426.7
-21454.3
-21439.2
-21426.5
-21454.8
-21439.7
-21426.9
-21454.9
-21439.8
-21426.9
-21454.5
-21439.4
-21426.7
-21454.4
-21439.3
-21426.6
-21454.3
-21439.2
-21426.5
-21454.9
-21439.7
-21426.9
-21454.9
-21439.7
-21427
-21453.1
-21438.2
-21425.6
-21454.1
-21439.1
-21426.2
-21453.8
-21438.8
-21425.9
-21453.8
-21438.8
-21425.9
-21454.1
-21439
-21426.2
-21454
-21438.9
-21426.1
-21453.1
-21438.1
-21425.5
-21454.8
-21439.8
-21427
-21454.8
-21439.7
-21426.9
-21454.8
-21439.7
-21426.9
-21455.1
-21440
-21427.1
-21454.9
-21439.9
-21427
-21454.7
-21439.7
-21426.8
-21454.6
-21439.6
-21426.8
-21454.2
-21439.3
-21426.5
-21453.7
-21438.7
-21425.9
-21453.6
-21438.6
-21425.8
-21454.1
-21439
-21426.2
-21454.2
-21439.1
-21426.3
-21453
-21438.1
-21425.4
-21454.1
-21439
-21426.1
-21453.1
-21438.1
-21425.5
-21454
-21438.9
-21426.1
-21454.1
-21439.1
-21426.3
-21454.8
-21439.7
-21426.8
-21455.1
-21440.1
-21427.2
-21455
-21440
-21427.1
-21454.9
-21439.8
-21427
-21454.7
-21439.6
-21426.9
-21454.9
-21439.9
-21427
-21455
-21439.9
-21427
-21455.1
-21440
-21427.1
-21454.4
-21439.4
-21426.6
-21454.4
-21439.4
-21426.6
-21454.3
-21439.3
-21426.5
-21454.1
-21439.1
-21426.4
-21454.3
-21439.3
-21426.5
-21454.1
-21439
-21426.3
-21454.3
-21439.2
-21426.4
-21454
-21439
-21426.3
-21453.9
-21438.8
-21426.1
-21453.9
-21438.8
-21426.1
-21453.9
-21438.8
-21426.1
-21454.3
-21439.2
-21426.4
-21454.5
-21439.4
-21426.6
-21454.5
-21439.4
-21426.6
-21454.2
-21439.1
-21426.4
-21454.4
-21439.3
-21426.5
-21454.1
-21439
-21426.2
-21454.5
-21439.4
-21426.6
-21454.6
-21439.4
-21426.7
-21454.4
-21439.3
-21426.6
-21454.4
-21439.4
-21426.6
-21454.4
-21439.3
-21426.5
-21454.9
-21439.9
-21427
-21454.6
-21439.6
-21426.7
-21455.1
-21440
-21427.1
-21454.7
-21439.7
-21426.8
-21455.2
-21440.2
-21427.3
-21455.6
-21440.5
-21427.5
-21454.9
-21439.8
-21426.9
-21454.7
-21439.7
-21426.9
-21454.7
-21439.7
-21426.9
-21454.7
-21439.6
-21426.8
-21455
-21440
-21427.1
-21454.8
-21439.8
-21427
-21454.8
-21439.7
-21426.9
-21454.4
-21439.4
-21426.7
-21454.6
-21439.5
-21426.7
-21454.8
-21439.8
-21427
-21454.8
-21439.7
-21426.9
-21454.7
-21439.7
-21426.8
-21454.4
-21439.3
-21426.6
-21454.6
-21439.5
-21426.7
-21454.7
-21439.7
-21426.9
-21455
-21439.9
-21427.1
-21454.8
-21439.7
-21426.9
-21454.7
-21439.6
-21426.8
-21454.8
-21439.7
-21426.9
-21454.6
-21439.5
-21426.7
-21455
-21439.9
-21427.1
-21454.9
-21439.8
-21427
-21454.5
-21439.5
-21426.7
-21454.4
-21439.3
-21426.6
-21454.4
-21439.3
-21426.6
-21454.8
-21439.7
-21426.9
-21455
-21439.9
-21427
-21454
-21439
-21426.2
-21454.2
-21439.2
-21426.4
-21454.4
-21439.4
-21426.6
-21454.3
-21439.2
-21426.4
-21453.5
-21438.6
-21425.9
-21454
-21439
-21426.2
-21454.1
-21439.1
-21426.4
-21454.6
-21439.5
-21426.7
-21453.6
-21438.6
-21426
-21454.8
-21439.6
-21426.8
-21454.7
-21439.6
-21426.8
-21454.8
-21439.7
-21426.9
-21454.8
-21439.7
-21426.9
-21454.8
-21439.7
-21426.9
-21454.9
-21439.8
-21426.9
-21454.8
-21439.7
-21426.8
-21454.6
-21439.6
-21426.7
-21454.6
-21439.5
-21426.7
-21454.1
-21439.1
-21426.4
-21454.7
-21439.6
-21426.8
-21454.7
-21439.6
-21426.7
-21454.2
-21439.1
-21426.4
-21454.3
-21439.2
-21426.5
-21454.2
-21439.1
-21426.3
-21454.6
-21439.4
-21426.6
-21453.6
-21438.6
-21426
-21453.3
-21438.4
-21425.8
-21454.5
-21439.5
-21426.6
-21454.5
-21439.4
-21426.6
-21454.6
-21439.5
-21426.8
-21454.4
-21439.3
-21426.6
-21455
-21439.9
-21427
-21454.7
-21439.6
-21426.8
-21455.1
-21439.9
-21427.1
-21454.4
-21439.3
-21426.6
-21454.5
-21439.4
-21426.6
-21454.2
-21439.1
-21426.4
-21454.6
-21439.6
-21426.7
-21454.6
-21439.5
-21426.7
-21454.7
-21439.6
-21426.8
-21454.5
-21439.4
-21426.6
-21454.5
-21439.4
-21426.6
-21454.4
-21439.3
-21426.5
-21455.1
-21440
-21427.1
-21455.1
-21439.9
-21427.1
-21455
-21439.9
-21427.1
-21455.1
-21440
-21427.2
-21455.2
-21440.1
-21427.2
-21455.1
-21439.9
-21427.1
-21454.6
-21439.5
-21426.7
-21454.5
-21439.4
-21426.6
-21454.3
-21439.3
-21426.4
-21454.4
-21439.3
-21426.5
-21453.9
-21438.9
-21426.1
-21454.5
-21439.4
-21426.6
-21454.1
-21439
-21426.2
-21454.1
-21439
-21426.3
-21453.9
-21438.9
-21426.2
-21454.5
-21439.3
-21426.5
-21454.1
-21439.1
-21426.3
-21453.9
-21438.9
-21426.2
-21454.3
-21439.3
-21426.5
-21454.5
-21439.3
-21426.6
-21454.4
-21439.3
-21426.5
-21454.1
-21439
-21426.4
-21454.7
-21439.6
-21426.8
-21454.4
-21439.5
-21426.7
-21454.5
-21439.5
-21426.7
-21454.3
-21439.3
-21426.6
-21454.2
-21439.2
-21426.5
-21455
-21439.9
-21427.1
-21454.8
-21439.7
-21426.9
-21454.6
-21439.5
-21426.7
-21454.4
-21439.4
-21426.6
-21454.3
-21439.2
-21426.5
-21454.4
-21439.4
-21426.7
-21454.3
-21439.2
-21426.6
-21454.7
-21439.7
-21426.8
-21454.7
-21439.7
-21426.8
-21455
-21440
-21427.1
-21454.1
-21439
-21426.3
-21454.1
-21439
-21426.3
-21454.1
-21439.1
-21426.3
-21454.2
-21439.1
-21426.4
-21454.5
-21439.4
-21426.6
-21454.7
-21439.6
-21426.7
-21454.1
-21439
-21426.3
-21454.4
-21439.2
-21426.4
-21454
-21439
-21426.3
-21454.3
-21439.3
-21426.5
-21454.3
-21439.1
-21426.4
-21454.3
-21439.1
-21426.4
-21454.2
-21439.1
-21426.3
-21454.4
-21439.2
-21426.5
-21454.4
-21439.3
-21426.5
-21454.7
-21439.6
-21426.7
-21454.9
-21439.9
-21427
-21454.8
-21439.7
-21426.9
-21454.5
-21439.4
-21426.7
-21454.4
-21439.3
-21426.6
-21454.9
-21439.8
-21427
-21455
-21439.9
-21427.1
-21454.8
-21439.7
-21426.9
-21454.7
-21439.7
-21426.9
-21454.8
-21439.6
-21426.9
-21454.6
-21439.5
-21426.7
-21455.1
-21439.9
-21427.1
-21455
-21439.9
-21427.1
-21454.5
-21439.4
-21426.7
-21455
-21439.8
-21427
-21454.6
-21439.6
-21426.8
-21454.7
-21439.6
-21426.8
-21454.9
-21439.9
-21427
-21454.7
-21439.6
-21426.8
-21454.8
-21439.7
-21426.9
-21454.5
-21439.4
-21426.7
-21454.6
-21439.5
-21426.8
-21454.4
-21439.3
-21426.6
-21454.7
-21439.6
-21426.8
-21454.7
-21439.6
-21426.8
-21454.6
-21439.5
-21426.7
-21454.7
-21439.6
-21426.8
-21454.7
-21439.6
-21426.7
-21454.8
-21439.7
-21426.9
-21454.8
-21439.7
-21426.9
-21454.9
-21439.7
-21426.9
-21454.4
-21439.3
-21426.6
-21454.4
-21439.3
-21426.6
-21454.4
-21439.3
-21426.5
-21454.5
-21439.4
-21426.6
-21454.5
-21439.5
-21426.6
-21454.6
-21439.6
-21426.7
-21453.8
-21438.8
-21426.1
-21453.8
-21438.8
-21426.1
-21454.8
-21439.7
-21426.9
-21454.4
-21439.3
-21426.5
-21454.4
-21439.3
-21426.6
-21454.3
-21439.2
-21426.5
-21454.7
-21439.6
-21426.7
-21454.1
-21439
-21426.3
-21454
-21439
-21426.3
-21454.5
-21439.5
-21426.6
-21454.6
-21439.5
-21426.7
-21454.7
-21439.7
-21426.9
-21454.9
-21439.8
-21427
-21455.1
-21439.9
-21427.1
-21454.7
-21439.6
-21426.8
-21454.8
-21439.7
-21426.8
-21454.3
-21439.3
-21426.5
-21454.3
-21439.2
-21426.5
-21454.8
-21439.8
-21427
-21454.6
-21439.5
-21426.7
-21454.5
-21439.4
-21426.7
-21454.4
-21439.3
-21426.6
-21454.9
-21439.7
-21426.9
-21454.9
-21439.7
-21426.9
-21454.3
-21439.2
-21426.5
-21454.6
-21439.5
-21426.7
-21454.6
-21439.6
-21426.8
-21454.7
-21439.6
-21426.8
-21454.8
-21439.7
-21426.9
-21454.9
-21439.8
-21426.9
-21454.8
-21439.7
-21426.9
-21454.6
-21439.5
-21426.7
-21454.5
-21439.4
-21426.7
-21454.4
-21439.3
-21426.6
-21454.3
-21439.2
-21426.5
-21454.8
-21439.7
-21426.9
-21454.1
-21439
-21426.3
-21454.5
-21439.4
-21426.6
-21454.6
-21439.5
-21426.8
-21455
-21440
-21427.1
-21454.6
-21439.5
-21426.7
-21454.4
-21439.3
-21426.6
-21454.8
-21439.7
-21426.9
-21454.8
-21439.8
-21426.9
-21454.4
-21439.3
-21426.6
-21454.6
-21439.4
-21426.7
-21454.2
-21439.2
-21426.5
-21454.9
-21439.8
-21427
-21454.5
-21439.4
-21426.6
-21454.6
-21439.5
-21426.7
-21454.8
-21439.8
-21426.9
-21454.1
-21439.1
-21426.4
-21455.1
-21440
-21427.1
-21454.7
-21439.6
-21426.8
-21454.7
-21439.7
-21426.9
-21454.4
-21439.4
-21426.5
-21453.8
-21438.8
-21426.1
-21454.3
-21439.4
-21426.6
-21454.6
-21439.6
-21426.7
-21454.7
-21439.5
-21426.7
-21454.5
-21439.5
-21426.8
-21454.5
-21439.5
-21426.7
-21453.9
-21438.8
-21426.2
-21454.8
-21439.7
-21426.8
-21454.4
-21439.3
-21426.5
-21454.8
-21439.8
-21426.9
-21454.1
-21439
-21426.2
-21454.6
-21439.6
-21426.8
-21454.4
-21439.4
-21426.6
-21453.8
-21438.8
-21426
-21453.8
-21438.8
-21426.2
-21455
-21439.9
-21427.1
-21454.7
-21439.6
-21426.8
-21454
-21439
-21426.4
-21454.9
-21439.9
-21427
-21454.4
-21439.3
-21426.6
-21454.8
-21439.8
-21426.9
-21454.4
-21439.4
-21426.6
-21455
-21440
-21427
-21454.5
-21439.4
-21426.6
-21454
-21439
-21426.4
-21454.5
-21439.5
-21426.7
-21453.4
-21438.4
-21425.8
-21454.5
-21439.4
-21426.5
-21453.8
-21438.7
-21426.1
-21455.1
-21440
-21427.1
-21454.7
-21439.6
-21426.8
-21455.2
-21440.1
-21427.2
-21454.5
-21439.4
-21426.6
-21454
-21439
-21426.3
-21454.9
-21439.8
-21426.9
-21454.3
-21439.3
-21426.5
-21454.5
-21439.5
-21426.6
-21453.6
-21438.6
-21426
-21453.8
-21438.8
-21426.1
-21454.9
-21439.9
-21427
-21454.2
-21439.2
-21426.4
-21454
-21439
-21426.2
-21454.2
-21439.2
-21426.4
-21454.1
-21439.1
-21426.3
-21454.4
-21439.4
-21426.6
-21454.3
-21439.3
-21426.5
-21453.9
-21439
-21426.2
-21454.4
-21439.4
-21426.7
-21454
-21439
-21426.2
-21453.7
-21438.7
-21426
-21453.7
-21438.8
-21426.1
-21454.9
-21439.9
-21427
-21454.1
-21439.1
-21426.3
-21454.1
-21439.2
-21426.4
-21454.3
-21439.3
-21426.5
-21454.4
-21439.4
-21426.6
-21454.5
-21439.4
-21426.6
-21454.7
-21439.6
-21426.8
-21454.7
-21439.6
-21426.8
-21454.5
-21439.4
-21426.6
-21454.8
-21439.6
-21426.8
-21453.8
-21438.8
-21426.1
-21454.5
-21439.4
-21426.6
-21454.5
-21439.4
-21426.6
-21454.4
-21439.3
-21426.6
-21454.8
-21439.7
-21426.9
-21454
-21439
-21426.2
-21454.1
-21439
-21426.3
-21454.5
-21439.4
-21426.6
-21454.5
-21439.4
-21426.6
-21454.7
-21439.6
-21426.8
-21454.7
-21439.6
-21426.8
-21454.8
-21439.7
-21426.9
-21454.7
-21439.6
-21426.8
-21454.8
-21439.7
-21426.9
-21454.4
-21439.3
-21426.5
-21454.8
-21439.6
-21426.8
-21454.1
-21439.1
-21426.3
-21454.7
-21439.7
-21426.8
-21453.9
-21438.9
-21426.2
-21454.6
-21439.6
-21426.7
-21453.9
-21438.9
-21426.1
-21454.3
-21439.2
-21426.5
-21454.2
-21439.2
-21426.5
-21454.7
-21439.7
-21426.8
-21454.5
-21439.3
-21426.5
-21454.4
-21439.4
-21426.6
-21453.9
-21438.9
-21426.1
-21454.8
-21439.7
-21426.9
-21454.6
-21439.5
-21426.7
-21454.5
-21439.4
-21426.7
-21455
-21439.9
-21427
-21454.7
-21439.7
-21426.7
-21453.7
-21438.7
-21425.9
-21454.5
-21439.4
-21426.5
-21453.7
-21438.6
-21425.9
-21454.8
-21439.7
-21426.9
-21454.7
-21439.6
-21426.8
-21453.7
-21438.7
-21425.9
-21454.6
-21439.5
-21426.5
-21453.4
-21438.4
-21425.7
-21454.7
-21439.6
-21426.7
-21454.9
-21439.9
-21427
-21454.6
-21439.5
-21426.7
-21454.5
-21439.4
-21426.7
-21453.5
-21438.6
-21425.8
-21454.7
-21439.6
-21426.8
-21455
-21439.9
-21427
-21454.6
-21439.5
-21426.7
-21454.6
-21439.5
-21426.7
-21455
-21439.9
-21427
-21454.9
-21439.8
-21426.9
-21454.1
-21439.1
-21426.3
-21453.9
-21438.9
-21426.1
-21454.6
-21439.5
-21426.6
-21454
-21439
-21426.2
-21453.7
-21438.7
-21426
-21454.8
-21439.8
-21426.9
-21454
-21439
-21426.3
-21454.7
-21439.7
-21426.8
-21454.3
-21439.2
-21426.4
-21454.9
-21439.9
-21427
-21453.8
-21438.8
-21426.2
-21454.2
-21439.1
-21426.5
-21453.6
-21438.6
-21425.9
-21454.5
-21439.5
-21426.7
-21454.7
-21439.6
-21426.8
-21454.5
-21439.4
-21426.6
-21454.7
-21439.6
-21426.8
-21454.9
-21439.9
-21427
-21454.9
-21439.8
-21426.9
-21454.6
-21439.5
-21426.7
-21454.9
-21439.8
-21427
-21453.8
-21438.7
-21426
-21454.4
-21439.3
-21426.4
-21453.6
-21438.5
-21425.8
-21454.5
-21439.4
-21426.6
-21455.2
-21440.2
-21427.2
-21454.6
-21439.5
-21426.7
-21454.5
-21439.5
-21426.7
-21454.6
-21439.5
-21426.6
-21453.5
-21438.5
-21425.8
-21454.3
-21439.3
-21426.4
-21453.6
-21438.5
-21425.8
-21454.1
-21439
-21426.3
-21454.3
-21439.2
-21426.5
-21454.7
-21439.7
-21426.8
-21454.7
-21439.6
-21426.8
-21454.7
-21439.6
-21426.8
-21454.4
-21439.3
-21426.5
-21454.6
-21439.5
-21426.7
-21454.6
-21439.5
-21426.7
-21455
-21439.9
-21427
-21454.7
-21439.6
-21426.8
-21454.9
-21439.9
-21427
-21454.9
-21439.8
-21427
-21454
-21439
-21426.2
-21454.4
-21439.3
-21426.5
-21454.2
-21439.2
-21426.4
-21454.1
-21439.1
-21426.4
-21454.2
-21439.1
-21426.4
-21454.5
-21439.4
-21426.6
-21454.7
-21439.6
-21426.8
-21454.6
-21439.5
-21426.7
-21453.9
-21438.9
-21426.1
-21454.1
-21439
-21426.3
-21454.5
-21439.4
-21426.6
-21454.8
-21439.7
-21426.8
-21454.8
-21439.7
-21426.9
-21454.5
-21439.4
-21426.6
-21454.1
-21439
-21426.3
-21454.4
-21439.3
-21426.5
-21454.9
-21439.8
-21427
-21454.8
-21439.7
-21426.9
-21454.6
-21439.5
-21426.7
-21454.6
-21439.5
-21426.7
-21454.8
-21439.7
-21426.9
-21454.8
-21439.6
-21426.8
-21454.5
-21439.5
-21426.7
-21454.3
-21439.3
-21426.5
-21454.9
-21439.8
-21427
-21453.6
-21438.7
-21426
-21454
-21439
-21426.3
-21454.6
-21439.6
-21426.7
-21454.9
-21439.9
-21427
-21454.2
-21439.1
-21426.4
-21455.3
-21440.2
-21427.2
-21453.8
-21438.8
-21426.1
-21454.2
-21439.2
-21426.4
-21454.8
-21439.7
-21426.9
-21454.6
-21439.6
-21426.8
-21454.2
-21439.1
-21426.4
-21455
-21439.9
-21427
-21453.9
-21438.9
-21426.2
-21454.4
-21439.3
-21426.5
-21454.8
-21439.9
-21427
-21454.7
-21439.6
-21426.8
-21454.8
-21439.7
-21426.9
-21454.4
-21439.3
-21426.5
-21455
-21440
-21427.1
-21453.8
-21438.9
-21426.2
-21454.4
-21439.3
-21426.5
-21455
-21440
-21427.1
-21453.9
-21438.9
-21426.2
-21454.3
-21439.2
-21426.5
-21454.8
-21439.9
-21427
-21453.6
-21438.6
-21426
-21454.1
-21439.1
-21426.3
-21454.7
-21439.8
-21426.9
-21454.8
-21439.7
-21426.9
-21454.8
-21439.7
-21426.9
-21455.1
-21440
-21427.1
-21454.4
-21439.4
-21426.7
-21454.4
-21439.4
-21426.6
-21455
-21440
-21427.1
-21454.7
-21439.6
-21426.8
-21454.4
-21439.4
-21426.6
-21455.1
-21440.1
-21427.1
-21454.5
-21439.5
-21426.7
-21454.7
-21439.7
-21426.8
-21455.4
-21440.2
-21427.2
-21453.9
-21439
-21426.2
-21453.9
-21438.9
-21426.1
-21453.5
-21438.6
-21426
-21454.5
-21439.4
-21426.5
-21454.9
-21439.9
-21427
-21453.5
-21438.6
-21425.9
-21454.3
-21439.3
-21426.4
-21455
-21439.9
-21427
-21454.7
-21439.7
-21426.8
-21454.7
-21439.6
-21426.8
-21454.9
-21439.8
-21426.9
-21454.9
-21439.8
-21426.9
-21454.2
-21439.1
-21426.4
-21455.4
-21440.3
-21427.3
-21454.6
-21439.6
-21426.7
-21454.4
-21439.3
-21426.5
-21455.3
-21440.1
-21427.1
-21453.7
-21438.7
-21426
-21453.8
-21438.8
-21426.1
-21454.4
-21439.4
-21426.6
-21454.5
-21439.5
-21426.7
-21454.9
-21439.8
-21427
-21454.7
-21439.7
-21426.8
-21455.1
-21440
-21427.1
-21454.6
-21439.5
-21426.7
-21454.6
-21439.6
-21426.8
-21454.7
-21439.6
-21426.8
-21454.7
-21439.6
-21426.8
-21455.1
-21440
-21427.1
-21454.5
-21439.4
-21426.6
-21454.9
-21439.8
-21427
-21454.4
-21439.3
-21426.5
-21454.5
-21439.4
-21426.5
-21454.5
-21439.4
-21426.6
-21454.4
-21439.4
-21426.6
-21455
-21440
-21427.1
-21454.8
-21439.7
-21426.8
-21454.6
-21439.5
-21426.6
-21454.2
-21439.1
-21426.4
-21454.5
-21439.4
-21426.6
-21454.7
-21439.6
-21426.8
-21455
-21439.8
-21427
-21455.1
-21439.9
-21427.1
-21455.1
-21440
-21427.1
-21455.2
-21440.1
-21427.2
-21454.9
-21439.8
-21426.9
-21454.6
-21439.5
-21426.7
-21454.8
-21439.7
-21426.9
-21454.8
-21439.7
-21426.9
-21454.8
-21439.8
-21427
-21454.9
-21439.9
-21427
-21454.1
-21439.1
-21426.4
-21454.1
-21439.1
-21426.4
-21454
-21439
-21426.3
-21454.3
-21439.2
-21426.5
-21454.9
-21439.9
-21427
-21454.8
-21439.7
-21426.8
-21454.4
-21439.3
-21426.5
-21454
-21438.9
-21426.2
-21454.4
-21439.3
-21426.5
-21454.4
-21439.4
-21426.6
-21454.3
-21439.3
-21426.6
-21454.8
-21439.8
-21426.9
-21454.9
-21439.9
-21427
-21455.3
-21440.2
-21427.3
-21454.9
-21439.8
-21426.9
-21454.5
-21439.4
-21426.5
-21454.3
-21439.2
-21426.4
-21454.4
-21439.4
-21426.6
-21454.4
-21439.4
-21426.5
-21455
-21440
-21427.1
-21454.1
-21439.1
-21426.4
-21454.5
-21439.5
-21426.7
-21455
-21440
-21427.1
-21454.4
-21439.4
-21426.6
-21454.5
-21439.4
-21426.5
-21454.5
-21439.4
-21426.7
-21454.5
-21439.5
-21426.7
-21455.1
-21440
-21427.1
-21454.3
-21439.3
-21426.5
-21454.1
-21439.2
-21426.4
-21454.2
-21439.2
-21426.5
-21454.8
-21439.8
-21426.9
-21454.6
-21439.5
-21426.7
-21454.3
-21439.3
-21426.5
-21454.5
-21439.4
-21426.6
-21454.6
-21439.6
-21426.8
-21454.8
-21439.7
-21426.9
-21454.9
-21439.7
-21426.9
-21455
-21439.9
-21427
-21454.5
-21439.4
-21426.7
-21455
-21439.9
-21426.9
-21454.6
-21439.5
-21426.7
-21454.3
-21439.2
-21426.4
-21454.5
-21439.4
-21426.6
-21454.4
-21439.3
-21426.5
-21454.2
-21439.2
-21426.5
-21454.4
-21439.3
-21426.5
-21454.5
-21439.4
-21426.6
-21454.8
-21439.7
-21426.8
-21454.8
-21439.6
-21426.9
-21455.1
-21440
-21427.2
-21455
-21439.9
-21427.1
-21454.4
-21439.3
-21426.6
-21454.4
-21439.4
-21426.7
-21454.2
-21439.2
-21426.5
-21454.2
-21439.2
-21426.5
-21454
-21439
-21426.3
-21453.7
-21438.7
-21426.1
-21454.2
-21439.1
-21426.5
-21453.8
-21438.8
-21426.1
-21454.1
-21439.1
-21426.4
-21453.7
-21438.8
-21426.1
-21454.5
-21439.5
-21426.7
-21454.6
-21439.5
-21426.7
-21455.2
-21440.1
-21427.2
-21454.9
-21439.9
-21427
-21455.2
-21440.2
-21427.2
-21453.8
-21438.8
-21426.2
-21453.9
-21438.9
-21426.3
-21454.3
-21439.3
-21426.6
-21454.8
-21439.6
-21426.8
-21454.6
-21439.4
-21426.7
-21454.6
-21439.4
-21426.7
-21454.8
-21439.7
-21426.8
-21454.6
-21439.5
-21426.7
-21454.5
-21439.4
-21426.7
-21454.8
-21439.7
-21426.9
-21454.6
-21439.5
-21426.7
-21454.5
-21439.4
-21426.6
-21454.8
-21439.7
-21426.8
-21454.8
-21439.6
-21426.8
-21454.7
-21439.6
-21426.7
-21454.6
-21439.5
-21426.7
-21454.6
-21439.6
-21426.7
-21454.7
-21439.6
-21426.8
-21454.7
-21439.7
-21426.9
-21454.9
-21439.8
-21426.9
-21454.5
-21439.4
-21426.6
-21454.7
-21439.6
-21426.8
-21454.6
-21439.6
-21426.8
-21454.9
-21439.8
-21426.9
-21454.1
-21439.1
-21426.3
-21454.5
-21439.4
-21426.6
-21454.7
-21439.7
-21426.8
-21454.7
-21439.7
-21426.8
-21454.9
-21439.9
-21427
-21454.8
-21439.7
-21426.9
-21454.8
-21439.7
-21426.9
-21455.2
-21440.1
-21427.2
-21455
-21439.9
-21427
-21454.8
-21439.7
-21426.9
-21455.3
-21440.1
-21427.3
-21455.1
-21440
-21427.1
-21454.5
-21439.3
-21426.6
-21454.6
-21439.4
-21426.7
-21455.1
-21439.9
-21427.1
-21455
-21439.9
-21427
-21454.9
-21439.8
-21427
-21453.6
-21438.6
-21426
-21455
-21439.9
-21426.9
-21454.5
-21439.3
-21426.5
-21454.6
-21439.5
-21426.7
-21454.4
-21439.4
-21426.5
-21454.5
-21439.4
-21426.6
-21454.5
-21439.5
-21426.7
-21454.5
-21439.5
-21426.7
-21454.6
-21439.6
-21426.7
-21454.6
-21439.6
-21426.7
-21453.9
-21438.8
-21426.1
-21454.6
-21439.5
-21426.6
-21454.7
-21439.6
-21426.7
-21455.1
-21440
-21427.1
-21454.8
-21439.7
-21426.9
-21454.8
-21439.8
-21427
-21455.1
-21440
-21427.1
-21454.8
-21439.7
-21426.9
-21454.9
-21439.8
-21427
-21454.9
-21439.8
-21427
-21453.7
-21438.7
-21426
-21454.7
-21439.6
-21426.7
-21454.8
-21439.7
-21426.8
-21454.6
-21439.5
-21426.6
-21454.6
-21439.5
-21426.7
-21454.6
-21439.5
-21426.6
-21454.5
-21439.5
-21426.6
-21454.2
-21439.1
-21426.4
-21454.6
-21439.5
-21426.7
-21454.8
-21439.7
-21426.9
-21454.9
-21439.9
-21427.1
-21455.2
-21440.1
-21427.2
-21454.9
-21439.8
-21427
-21454.9
-21439.8
-21427
-21455.1
-21440.1
-21427.1
-21455
-21439.9
-21427
-21455.1
-21439.9
-21427
-21454.6
-21439.5
-21426.7
-21454.5
-21439.3
-21426.6
-21454.8
-21439.7
-21426.8
-21454.5
-21439.4
-21426.6
-21454.6
-21439.5
-21426.7
-21454.7
-21439.6
-21426.8
-21454.7
-21439.6
-21426.8
-21454.8
-21439.7
-21426.9
-21454.8
-21439.8
-21426.9
-21454.4
-21439.3
-21426.5
-21454.5
-21439.4
-21426.6
-21454.7
-21439.7
-21426.9
-21455.1
-21440
-21427.1
-21455
-21439.9
-21427
-21454.7
-21439.6
-21426.8
-21454.7
-21439.7
-21426.9
-21454.8
-21439.8
-21426.9
-21455
-21440
-21427
-21454.7
-21439.6
-21426.8
-21454.7
-21439.6
-21426.8
-21455
-21439.8
-21427
-21455
-21439.9
-21427
-21453.9
-21438.9
-21426.2
-21454.8
-21439.8
-21426.9
-21454.1
-21439
-21426.3
-21455
-21439.9
-21427
-21454.7
-21439.6
-21426.8
-21454.1
-21439
-21426.3
-21455
-21439.9
-21427
-21453.7
-21438.7
-21426
-21454.7
-21439.6
-21426.8
-21454.6
-21439.6
-21426.8
-21454.7
-21439.7
-21426.9
-21454.2
-21439.1
-21426.4
-21454.9
-21439.8
-21427
-21454.3
-21439.3
-21426.5
-21453.9
-21438.9
-21426.2
-21454.2
-21439.1
-21426.4
-21454.7
-21439.7
-21426.8
-21454.2
-21439.2
-21426.5
-21453.6
-21438.6
-21426
-21455.1
-21440.1
-21427.1
-21454.4
-21439.3
-21426.5
-21454.6
-21439.5
-21426.6
-21454.8
-21439.7
-21426.8
-21454.1
-21439
-21426.2
-21454.5
-21439.4
-21426.6
-21454.5
-21439.4
-21426.5
-21454.5
-21439.4
-21426.5
-21454.4
-21439.4
-21426.6
-21454.5
-21439.4
-21426.6
-21454.5
-21439.4
-21426.6
-21454.5
-21439.4
-21426.5
-21455.3
-21440.2
-21427.2
-21454.7
-21439.6
-21426.8
-21454.9
-21439.8
-21426.9
-21454.7
-21439.7
-21426.9
-21454.6
-21439.6
-21426.8
-21454.8
-21439.8
-21427
-21454.8
-21439.8
-21427
-21454.6
-21439.5
-21426.6
-21453.9
-21438.9
-21426.1
-21454.8
-21439.8
-21426.8
-21454.4
-21439.4
-21426.5
-21454.1
-21439.1
-21426.3
-21454.9
-21439.8
-21426.9
-21453.5
-21438.5
-21425.8
-21453.8
-21438.8
-21426.2
-21454.4
-21439.4
-21426.6
-21453.9
-21439
-21426.3
-21454.2
-21439.1
-21426.4
-21454.3
-21439.3
-21426.5
-21454.1
-21439
-21426.2
-21454.2
-21439.2
-21426.5
-21454.1
-21439.1
-21426.4
-21454.5
-21439.4
-21426.6
-21453.7
-21438.7
-21425.9
-21454.5
-21439.4
-21426.5
-21454.7
-21439.6
-21426.7
-21454.4
-21439.3
-21426.6
-21454.4
-21439.5
-21426.6
-21454
-21439.1
-21426.4
-21454.2
-21439.2
-21426.5
-21453.5
-21438.5
-21425.8
-21454.8
-21439.8
-21426.9
-21454.3
-21439.2
-21426.4
-21454.5
-21439.4
-21426.6
-21454.5
-21439.4
-21426.5
-21454.5
-21439.4
-21426.6
-21454.5
-21439.5
-21426.7
-21454.5
-21439.4
-21426.6
-21455.2
-21440.1
-21427.2
-21454.6
-21439.5
-21426.8
-21455.1
-21440
-21427.1
-21454.3
-21439.2
-21426.5
-21454.8
-21439.7
-21426.9
-21455
-21439.9
-21427
-21454.6
-21439.6
-21426.7
-21454.4
-21439.4
-21426.6
-21454.1
-21439.1
-21426.3
-21454.2
-21439.2
-21426.4
-21454.2
-21439.2
-21426.4
-21453.6
-21438.7
-21426.1
-21454.2
-21439.2
-21426.4
-21453.9
-21438.8
-21426.1
-21454.7
-21439.7
-21426.8
-21454
-21439
-21426.3
-21454.3
-21439.2
-21426.5
-21454.3
-21439.3
-21426.6
-21454.7
-21439.7
-21426.9
-21454.7
-21439.7
-21426.8
-21455.1
-21440.1
-21427.1
-21454.2
-21439.2
-21426.4
-21453.7
-21438.7
-21426.1
-21454.2
-21439.1
-21426.3
-21454.7
-21439.7
-21426.8
-21455
-21439.9
-21427.1
-21455.1
-21440.1
-21427.1
-21454.7
-21439.7
-21426.8
-21454.6
-21439.6
-21426.8
-21454.9
-21439.8
-21427
-21453.2
-21438.2
-21425.6
-21454.4
-21439.4
-21426.5
-21454.5
-21439.4
-21426.5
-21454.6
-21439.6
-21426.7
-21454.4
-21439.3
-21426.5
-21454.6
-21439.5
-21426.6
-21454.7
-21439.7
-21426.8
-21454.3
-21439.2
-21426.4
-21454.6
-21439.5
-21426.6
-21454.8
-21439.7
-21426.9
-21454.9
-21439.9
-21427
-21454.9
-21439.8
-21427
-21454.9
-21440
-21427
-21454.9
-21439.8
-21426.9
-21455.2
-21440.2
-21427.2
-21455
-21439.9
-21427
-21454
-21439
-21426.2
-21453.8
-21438.8
-21426
-21454.1
-21439
-21426.3
-21454.1
-21439.1
-21426.4
-21454.5
-21439.5
-21426.7
-21454.4
-21439.4
-21426.5
-21454.8
-21439.7
-21426.8
-21454.3
-21439.4
-21426.6
-21454.4
-21439.3
-21426.6
-21454
-21439
-21426.3
-21454.4
-21439.3
-21426.6
-21453.6
-21438.6
-21425.9
-21454.5
-21439.5
-21426.6
-21454.8
-21439.8
-21426.8
-21454.5
-21439.5
-21426.6
-21454.9
-21439.9
-21426.9
-21454
-21439
-21426.3
-21454.2
-21439.2
-21426.5
-21454.6
-21439.6
-21426.7
-21454.1
-21439.1
-21426.4
-21454.5
-21439.5
-21426.7
-21453.9
-21439
-21426.3
-21454.4
-21439.4
-21426.6
-21454.3
-21439.3
-21426.4
-21454.5
-21439.4
-21426.6
-21454.5
-21439.5
-21426.6
-21454.6
-21439.6
-21426.6
-21454.5
-21439.4
-21426.5
-21454.8
-21439.8
-21426.9
-21454.7
-21439.6
-21426.8
-21454.9
-21439.8
-21427
-21454.9
-21439.8
-21427
-21455.1
-21440
-21427.1
-21455.2
-21440.1
-21427.2
-21454
-21439
-21426.3
-21453.5
-21438.6
-21426
-21454
-21439
-21426.3
-21453.9
-21438.9
-21426.3
-21454.6
-21439.5
-21426.7
-21454.5
-21439.4
-21426.6
-21454.6
-21439.5
-21426.7
-21454.6
-21439.5
-21426.7
-21454.8
-21439.6
-21426.8
-21454.7
-21439.5
-21426.7
-21454.7
-21439.7
-21426.8
-21454.5
-21439.5
-21426.6
-21454.7
-21439.6
-21426.8
-21454.8
-21439.7
-21426.8
-21453.9
-21438.9
-21426.2
-21454.5
-21439.4
-21426.6
-21454.7
-21439.7
-21426.8
-21455
-21439.9
-21427
-21454.9
-21439.8
-21427
-21454.6
-21439.5
-21426.7
-21454.6
-21439.6
-21426.8
-21454.8
-21439.7
-21426.9
-21455
-21439.9
-21427
-21454.7
-21439.5
-21426.8
-21454.8
-21439.7
-21426.9
-21455
-21439.8
-21427
-21453.7
-21438.7
-21426
-21454.5
-21439.4
-21426.5
-21454.8
-21439.7
-21426.8
-21454.3
-21439.2
-21426.4
-21454.5
-21439.4
-21426.6
-21454.4
-21439.3
-21426.5
-21454.5
-21439.4
-21426.6
-21454.5
-21439.5
-21426.6
-21455.2
-21440.1
-21427.1
-21454.7
-21439.6
-21426.8
-21454.7
-21439.7
-21426.9
-21455
-21439.9
-21427
-21454.4
-21439.3
-21426.6
-21454.9
-21439.8
-21427
-21455.1
-21440
-21427
-21454.5
-21439.4
-21426.6
-21454.3
-21439.3
-21426.5
-21454.4
-21439.4
-21426.6
-21454.5
-21439.4
-21426.6
-21454.9
-21439.8
-21426.8
-21454.7
-21439.5
-21426.7
-21455
-21439.9
-21427.1
-21455
-21440
-21427.1
-21454.7
-21439.7
-21426.9
-21455.3
-21440.2
-21427.2
-21454.7
-21439.5
-21426.7
-21454.7
-21439.6
-21426.8
-21454.6
-21439.6
-21426.7
-21453.9
-21438.8
-21426.2
-21454.6
-21439.6
-21426.8
-21454.9
-21439.8
-21426.9
-21454.1
-21439
-21426.3
-21454.6
-21439.5
-21426.7
-21454.7
-21439.6
-21426.8
-21455
-21439.9
-21427
-21454.7
-21439.6
-21426.8
-21455.1
-21440
-21427.1
)
;

boundaryField
{
    sphere_to_oil
    {
        type            calculated;
        value           nonuniform List<scalar> 
1536
(
-21425.8
-21425.9
-21425.9
-21426.2
-21426
-21426.2
-21426.3
-21426.1
-21426.1
-21426.3
-21426
-21425.9
-21426.2
-21426.4
-21426
-21426.4
-21425.4
-21425.5
-21426.1
-21426.1
-21426.1
-21425.7
-21425.8
-21425.9
-21426
-21425.9
-21425.9
-21426
-21426
-21426.1
-21426.1
-21426.1
-21426.1
-21425.8
-21425.8
-21426
-21425.8
-21425.9
-21426
-21425.8
-21426
-21425.8
-21426.1
-21426.1
-21426
-21426.2
-21425.8
-21425.8
-21426.4
-21426.3
-21426.3
-21426.4
-21425.8
-21425.9
-21426.1
-21426
-21426.3
-21426.3
-21426
-21426.1
-21426.2
-21426.1
-21426.2
-21425.9
-21426.1
-21425.9
-21425.7
-21426.2
-21426.2
-21426.2
-21425.5
-21426.6
-21426.5
-21426.4
-21425.5
-21426.2
-21426.3
-21426.5
-21426.4
-21425.5
-21425.8
-21425.8
-21426.3
-21426
-21426.1
-21426
-21426.4
-21426.3
-21426.3
-21426.1
-21426.2
-21426
-21426.1
-21425.9
-21426
-21425.8
-21425.5
-21426.1
-21426.1
-21426.3
-21426.3
-21425.5
-21426.1
-21426.2
-21426.4
-21426.4
-21425.5
-21426.6
-21426.5
-21426.2
-21426.3
-21426.3
-21425.8
-21425.9
-21426.3
-21426.4
-21426.5
-21426.1
-21426
-21426.1
-21426.3
-21426.2
-21426
-21426
-21425.7
-21425.8
-21426
-21426.2
-21425.7
-21425.8
-21425.9
-21426.2
-21426.2
-21426.3
-21426.3
-21425.8
-21425.9
-21425.8
-21426.4
-21426.2
-21426
-21426
-21426
-21426.1
-21426.2
-21426.2
-21425.7
-21425.8
-21425.8
-21425.3
-21425.4
-21425.9
-21426
-21425.9
-21426
-21426
-21425.6
-21425.9
-21425.2
-21425.6
-21425.5
-21425.8
-21425.8
-21425.8
-21425.9
-21425.7
-21425.8
-21425.8
-21425.5
-21425.7
-21426.2
-21426.2
-21426.3
-21426.2
-21426.3
-21426.3
-21425.6
-21426
-21425.7
-21425.2
-21425.7
-21425.6
-21425.7
-21425.6
-21425.9
-21425.5
-21425.8
-21426.2
-21426.2
-21426.3
-21426.5
-21426.2
-21426.2
-21426.1
-21426.2
-21426.4
-21426.1
-21426.1
-21426.3
-21426.3
-21426.3
-21426.5
-21425.9
-21425.9
-21425.9
-21426
-21426.2
-21426
-21426
-21426.1
-21426.2
-21426.3
-21426.3
-21426.2
-21426.2
-21426
-21426.2
-21426.4
-21426.5
-21426.7
-21426.2
-21426.2
-21426.1
-21426.3
-21426.4
-21425.8
-21425.9
-21426
-21426
-21426.3
-21425.9
-21426.1
-21426.1
-21426.1
-21425.8
-21425.8
-21425.7
-21426
-21426
-21426.4
-21426.4
-21426.1
-21425.7
-21426.1
-21426.3
-21426.4
-21426.3
-21426
-21425.8
-21425.9
-21426.5
-21426
-21426.2
-21426.1
-21426.1
-21426.3
-21426.2
-21426
-21426
-21425.5
-21425.4
-21425.7
-21426.1
-21425.4
-21425.7
-21425.9
-21426
-21426.2
-21425.8
-21425.8
-21425.8
-21426
-21426
-21426.2
-21426.2
-21426.1
-21426.1
-21426.1
-21426.3
-21425.7
-21425.7
-21425.7
-21426
-21425.9
-21426.5
-21426.3
-21426.4
-21425.9
-21426
-21425.7
-21425.7
-21425.9
-21426
-21426.3
-21426.2
-21426.2
-21426.6
-21426.6
-21426.6
-21426.7
-21426.6
-21426.6
-21426.5
-21426.2
-21426.2
-21425.4
-21425.6
-21425.7
-21425.7
-21425.9
-21425.4
-21425.7
-21426.3
-21426.3
-21426.3
-21426.2
-21426.3
-21426.2
-21426
-21426
-21425.9
-21426.1
-21426
-21426.1
-21425.9
-21425.9
-21425.8
-21426.1
-21426.1
-21425.8
-21425.8
-21426
-21426.2
-21426.4
-21426.5
-21426.2
-21426.3
-21426.1
-21426.3
-21426.1
-21426.1
-21426.2
-21426.1
-21426.1
-21426.3
-21426.4
-21426.6
-21426.6
-21426.6
-21426.6
-21426.6
-21426.5
-21426.2
-21425.9
-21425.9
-21425.8
-21426
-21425.7
-21426
-21425.8
-21425.8
-21425.8
-21426.1
-21426
-21425.6
-21426
-21426.3
-21426.3
-21426.5
-21426.5
-21426.3
-21426.3
-21426.2
-21426.5
-21426.4
-21426.2
-21426.2
-21426
-21425.7
-21425.8
-21425.8
-21425.8
-21425.7
-21426.1
-21426.3
-21425.9
-21425.7
-21425.6
-21425.7
-21425.7
-21425.7
-21426
-21426
-21426.4
-21426.4
-21426.2
-21426.2
-21426.3
-21426.2
-21426.4
-21426.3
-21426.1
-21426.2
-21426.1
-21426.4
-21426.5
-21426.3
-21426.2
-21426.1
-21426.3
-21426.4
-21426.5
-21426.3
-21426.5
-21426.5
-21426.3
-21426.4
-21426.2
-21426.1
-21426.1
-21425.7
-21426.3
-21426.1
-21425.9
-21425.9
-21425.9
-21426.1
-21426.2
-21426
-21425.9
-21426.2
-21426.3
-21426.1
-21426.4
-21426.3
-21426.4
-21426.3
-21426
-21426
-21425.9
-21426.2
-21426.2
-21426.1
-21426.3
-21426.4
-21426.6
-21426.6
-21426.6
-21426.6
-21426.5
-21426.6
-21426.2
-21426.2
-21425.6
-21425.7
-21425.7
-21425.3
-21425.8
-21425.6
-21425.8
-21426.2
-21426
-21426
-21425.9
-21425.8
-21425.9
-21425.8
-21426.1
-21425.8
-21425.8
-21425.8
-21426
-21426
-21425.8
-21425.9
-21425.5
-21426.4
-21426.2
-21426.2
-21426.1
-21426.4
-21426.3
-21426.3
-21426
-21426.4
-21426.4
-21426.1
-21426.1
-21425.4
-21425
-21425.6
-21425.2
-21425.4
-21425.4
-21426.6
-21426.4
-21426
-21426.2
-21426.2
-21426.3
-21425.1
-21425.6
-21425.4
-21425.4
-21425.6
-21425.5
-21424.9
-21426.5
-21426.5
-21426.4
-21426.6
-21426.5
-21426.3
-21426.3
-21426.1
-21426.1
-21425.8
-21425.8
-21425.8
-21426.1
-21425.9
-21426
-21425.5
-21426.2
-21426
-21425.7
-21425.7
-21426.3
-21426.5
-21426.1
-21426.3
-21426.2
-21426.3
-21426.3
-21426.4
-21426.4
-21426.2
-21426.2
-21426.1
-21426.4
-21426.1
-21426.2
-21426.1
-21426.3
-21426.3
-21426.3
-21426.1
-21426.2
-21426.4
-21426.4
-21426.3
-21425.9
-21425.8
-21426.4
-21426
-21425.7
-21425.8
-21425.4
-21425.9
-21425.7
-21426
-21425.9
-21425.8
-21425.3
-21425.7
-21425.7
-21425.8
-21426.1
-21425.5
-21426
-21426
-21425.9
-21426.1
-21425.8
-21425.9
-21425.5
-21426
-21426
-21425.6
-21425.7
-21425.8
-21425.3
-21425.5
-21425.7
-21425.8
-21425.7
-21426
-21426.1
-21425.7
-21425.9
-21425.7
-21426
-21426
-21426.1
-21426.2
-21426.2
-21426.4
-21426.2
-21426.4
-21426.2
-21426.1
-21426.1
-21426
-21426.3
-21426.4
-21426.1
-21426.1
-21426
-21426.3
-21426.4
-21425.2
-21425.6
-21425.4
-21425.4
-21425.7
-21425.5
-21425.1
-21426.4
-21426.4
-21426.3
-21426.5
-21426.5
-21426.3
-21426.2
-21426
-21425.4
-21425.3
-21425.7
-21425.7
-21425
-21425.5
-21425.1
-21425.6
-21425.8
-21426.2
-21426.6
-21426.6
-21426.5
-21426.3
-21426.5
-21426.5
-21426.5
-21426.1
-21426.1
-21426.1
-21425.9
-21425.9
-21425.8
-21425.9
-21425.8
-21425.6
-21425.6
-21425.6
-21425.9
-21426
-21426.1
-21425.9
-21425.9
-21425.7
-21426.1
-21426.2
-21426.1
-21426.1
-21426
-21426.5
-21426.2
-21426.5
-21426.3
-21426.7
-21426.8
-21426.4
-21426.3
-21426.3
-21426.3
-21426.5
-21426.4
-21426.4
-21426.2
-21426.2
-21426.4
-21426.4
-21426.3
-21426.1
-21426.2
-21426.4
-21426.5
-21426.4
-21426.3
-21426.3
-21426.2
-21426.5
-21426.5
-21426.2
-21426.1
-21426.1
-21426.3
-21426.5
-21425.7
-21425.9
-21426
-21425.9
-21425.5
-21425.8
-21425.9
-21426.1
-21425.6
-21426.3
-21426.2
-21426.3
-21426.3
-21426.3
-21426.4
-21426.3
-21426.1
-21426.1
-21425.9
-21426.3
-21426.2
-21425.9
-21425.9
-21425.8
-21426.1
-21425.5
-21425.4
-21426.1
-21426.1
-21426.2
-21426.1
-21426.4
-21426.3
-21426.5
-21426.1
-21426.1
-21425.9
-21426.2
-21426.2
-21426.3
-21426.1
-21426.1
-21426.1
-21426.6
-21426.6
-21426.5
-21426.6
-21426.6
-21426.5
-21426.2
-21426
-21425.9
-21425.9
-21425.6
-21426
-21425.7
-21425.8
-21425.7
-21426
-21425.8
-21425.7
-21425.9
-21426.1
-21426
-21425.9
-21426.3
-21426.1
-21426.2
-21426.1
-21426
-21426.5
-21426.3
-21426.2
-21426.1
-21426
-21426.1
-21426.1
-21426.3
-21426.3
-21426.5
-21425.8
-21425.8
-21425.8
-21425.9
-21426.1
-21426.2
-21425.8
-21425.9
-21425.8
-21426
-21425.9
-21425.9
-21425.8
-21426
-21426
-21426.2
-21426.5
-21426.4
-21426.2
-21426.1
-21426.5
-21426.5
-21426.4
-21426.3
-21426.3
-21426.2
-21426.5
-21426.5
-21426.2
-21426.4
-21426.3
-21426.3
-21426.5
-21426.3
-21426.4
-21426.2
-21426.2
-21426.1
-21426.2
-21426.3
-21426.2
-21426.2
-21426.2
-21426.3
-21426.3
-21426.3
-21426
-21426
-21426
-21426.1
-21426.1
-21426.2
-21425.7
-21425.7
-21426.3
-21426
-21426
-21426
-21426.2
-21425.8
-21425.8
-21426.1
-21426.1
-21426.3
-21426.4
-21426.5
-21426.3
-21426.3
-21426
-21426
-21426.4
-21426.2
-21426.2
-21426.1
-21426.4
-21426.4
-21426
-21426.1
-21426.2
-21426.3
-21426.4
-21426.4
-21426.4
-21426.2
-21426.1
-21426.1
-21426
-21426.3
-21425.8
-21426.1
-21426.2
-21426.5
-21426.2
-21426.1
-21426.3
-21426.3
-21426
-21426.1
-21426.1
-21426.4
-21426.1
-21426.1
-21426.3
-21425.9
-21426.5
-21426.3
-21426.4
-21426
-21425.6
-21426.1
-21426.2
-21426.2
-21426.3
-21426.2
-21425.7
-21426.2
-21426
-21426.3
-21425.7
-21426.3
-21426.1
-21425.6
-21425.8
-21426.5
-21426.2
-21425.9
-21426.4
-21426
-21426.3
-21426.1
-21426.4
-21426
-21425.9
-21426.1
-21425.4
-21426
-21425.6
-21426.5
-21426.2
-21426.5
-21426
-21425.9
-21426.3
-21425.9
-21426.1
-21425.5
-21425.7
-21426.4
-21425.9
-21425.8
-21425.9
-21425.8
-21426.1
-21426
-21425.7
-21426.2
-21425.7
-21425.5
-21425.7
-21426.4
-21425.8
-21425.9
-21426
-21426.1
-21426.1
-21426.3
-21426.2
-21426.1
-21426.3
-21425.6
-21426.1
-21426.1
-21426.1
-21426.4
-21425.7
-21425.8
-21426.1
-21426.1
-21426.3
-21426.3
-21426.4
-21426.2
-21426.3
-21426.1
-21426.3
-21425.8
-21426.2
-21425.7
-21426.1
-21425.6
-21426
-21426
-21426.2
-21426
-21426.1
-21425.6
-21426.3
-21426.2
-21426.2
-21426.5
-21426.1
-21425.4
-21425.9
-21425.4
-21426.3
-21426.3
-21425.4
-21425.9
-21425.2
-21426.1
-21426.4
-21426.1
-21426.2
-21425.3
-21426.2
-21426.4
-21426.2
-21426.2
-21426.5
-21426.4
-21425.8
-21425.6
-21426.1
-21425.7
-21425.5
-21426.3
-21425.8
-21426.2
-21425.9
-21426.4
-21425.7
-21426
-21425.4
-21426.1
-21426.2
-21426.1
-21426.2
-21426.4
-21426.4
-21426.2
-21426.4
-21425.5
-21425.9
-21425.3
-21426
-21426.6
-21426.1
-21426.2
-21425.9
-21425.3
-21425.9
-21425.3
-21425.8
-21426
-21426.3
-21426.3
-21426.2
-21426
-21426.2
-21426.2
-21426.4
-21426.2
-21426.5
-21426.4
-21425.8
-21426
-21425.9
-21425.9
-21425.8
-21426.1
-21426.3
-21426.2
-21425.6
-21425.8
-21426
-21426.3
-21426.3
-21426.1
-21425.8
-21426
-21426.5
-21426.3
-21426.2
-21426.2
-21426.3
-21426.3
-21426.1
-21426
-21426.4
-21425.5
-21425.7
-21426.2
-21426.4
-21425.9
-21426.6
-21425.6
-21425.9
-21426.3
-21426.2
-21425.9
-21426.4
-21425.8
-21426
-21426.4
-21426.3
-21426.3
-21426
-21426.4
-21425.7
-21426
-21426.5
-21425.7
-21426
-21426.4
-21425.5
-21425.8
-21426.3
-21426.4
-21426.3
-21426.5
-21426.1
-21426.1
-21426.5
-21426.3
-21426
-21426.5
-21426.1
-21426.2
-21426.6
-21425.7
-21425.6
-21425.5
-21426
-21426.5
-21425.5
-21425.9
-21426.4
-21426.3
-21426.2
-21426.3
-21426.3
-21425.9
-21426.7
-21426.2
-21425.9
-21426.4
-21425.6
-21425.6
-21426.1
-21426.2
-21426.4
-21426.3
-21426.5
-21426.2
-21426.2
-21426.3
-21426.3
-21426.5
-21426.1
-21426.4
-21425.9
-21426
-21426.1
-21426.1
-21426.5
-21426.2
-21426.1
-21425.8
-21426.1
-21426.3
-21426.5
-21426.5
-21426.6
-21426.6
-21426.3
-21426.2
-21426.3
-21426.4
-21426.4
-21426.4
-21425.9
-21425.9
-21425.9
-21426
-21426.5
-21426.2
-21426
-21425.7
-21426
-21426.1
-21426.1
-21426.4
-21426.5
-21426.6
-21426.3
-21426
-21425.9
-21426
-21426
-21426.5
-21426
-21426.2
-21426.5
-21426.1
-21426
-21426.2
-21426.2
-21426.5
-21426
-21425.9
-21426
-21426.3
-21426.1
-21425.9
-21426.1
-21426.2
-21426.3
-21426.4
-21426.5
-21426.2
-21426.3
-21426.1
-21425.8
-21426
-21425.9
-21426.1
-21426
-21426.1
-21426.2
-21426.4
-21426.6
-21426.5
-21426.1
-21426.2
-21426
-21426
-21425.8
-21425.6
-21426
-21425.6
-21425.8
-21425.6
-21426.2
-21426.2
-21426.5
-21426.4
-21426.6
-21425.7
-21425.8
-21426.1
-21426.3
-21426.1
-21426.1
-21426.3
-21426.2
-21426.1
-21426.3
-21426.2
-21426.1
-21426.3
-21426.3
-21426.2
-21426.1
-21426.2
-21426.3
-21426.3
-21426.3
-21426.1
-21426.2
-21426.2
-21426.3
-21425.9
-21426.1
-21426.3
-21426.2
-21426.4
-21426.4
-21426.3
-21426.6
-21426.4
-21426.4
-21426.7
-21426.5
-21426.1
-21426.2
-21426.6
-21426.5
-21426.4
-21425.5
-21426.3
-21425.9
-21426.1
-21426
-21426
-21426.1
-21426.1
-21426.1
-21426.1
-21425.6
-21426.1
-21426.1
-21426.6
-21426.4
-21426.5
-21426.5
-21426.3
-21426.4
-21426.5
-21425.5
-21426.1
-21426.2
-21426.1
-21426.1
-21426.1
-21426.1
-21425.9
-21426.1
-21426.4
-21426.5
-21426.6
-21426.4
-21426.4
-21426.6
-21426.5
-21426.5
-21426.2
-21426.1
-21426.3
-21426.1
-21426.2
-21426.2
-21426.2
-21426.3
-21426.3
-21426
-21426.1
-21426.3
-21426.5
-21426.4
-21426.3
-21426.3
-21426.4
-21426.4
-21426.2
-21426.3
-21426.4
-21426.5
-21425.7
-21426.3
-21425.8
-21426.4
-21426.2
-21425.7
-21426.3
-21425.6
-21426.2
-21426.3
-21426.3
-21425.9
-21426.4
-21426
-21425.7
-21425.9
-21426.3
-21426
-21425.5
-21426.5
-21426
-21426.1
-21426.2
-21425.7
-21426.1
-21426
-21426
-21426
-21426
-21426
-21426
-21426.6
-21426.2
-21426.4
-21426.3
-21426.3
-21426.4
-21426.4
-21426.1
-21425.6
-21426.2
-21426
-21425.7
-21426.2
-21425.3
-21425.8
-21426.1
-21425.8
-21425.9
-21426
-21425.6
-21425.9
-21425.9
-21426.1
-21425.4
-21425.9
-21426
-21426.1
-21426.1
-21425.9
-21426
-21425.4
-21426.3
-21425.9
-21426.1
-21426
-21426
-21426.1
-21426
-21426.6
-21426.2
-21426.5
-21426
-21426.4
-21426.4
-21426.1
-21426
-21425.8
-21425.9
-21425.9
-21425.6
-21425.9
-21425.6
-21426.1
-21425.8
-21426
-21426.1
-21426.3
-21426.3
-21426.5
-21425.9
-21425.6
-21425.8
-21426.3
-21426.5
-21426.5
-21426.3
-21426.3
-21426.4
-21425.2
-21426
-21425.9
-21426.1
-21425.9
-21426.1
-21426.2
-21425.9
-21426.1
-21426.4
-21426.5
-21426.4
-21426.4
-21426.4
-21426.6
-21426.5
-21425.6
-21425.5
-21425.8
-21425.9
-21426.1
-21426
-21426.1
-21426.1
-21426.1
-21425.9
-21426
-21425.4
-21426
-21426.2
-21426.1
-21426.2
-21425.8
-21425.9
-21426.2
-21426
-21426.2
-21425.8
-21426.1
-21425.9
-21426.1
-21426.1
-21426.1
-21426
-21426.3
-21426.2
-21426.4
-21426.4
-21426.6
-21426.6
-21425.8
-21425.6
-21425.8
-21425.8
-21426.1
-21426.1
-21426.2
-21426.2
-21426.2
-21426.1
-21426.2
-21426.1
-21426.3
-21426.2
-21425.6
-21426
-21426.2
-21426.4
-21426.4
-21426.2
-21426.3
-21426.3
-21426.4
-21426.3
-21426.4
-21426.4
-21425.6
-21426
-21426.2
-21425.9
-21426
-21425.9
-21426.1
-21426.1
-21426.5
-21426.2
-21426.4
-21426.4
-21426.1
-21426.4
-21426.4
-21426
-21425.9
-21426
-21426
-21426.2
-21426.1
-21426.5
-21426.5
-21426.4
-21426.6
-21426.2
-21426.2
-21426.1
-21425.7
-21426.2
-21426.3
-21425.8
-21426.2
-21426.3
-21426.4
-21426.3
-21426.5
)
;
    }
}


// ************************************************************************* //
