/*--------------------------------*- C++ -*----------------------------------*\
| =========                 |                                                 |
| \\      /  F ield         | OpenFOAM: The Open Source CFD Toolbox           |
|  \\    /   O peration     | Version:  v1912                                 |
|   \\  /    A nd           | Website:  www.openfoam.com                      |
|    \\/     M anipulation  |                                                 |
\*---------------------------------------------------------------------------*/
FoamFile
{
    version     2.0;
    format      ascii;
    class       volScalarField;
    location    "186/sphere";
    object      ddt0((betavSolid*thermo:rho),h);
}
// * * * * * * * * * * * * * * * * * * * * * * * * * * * * * * * * * * * * * //

dimensions      [1 -1 -3 0 0 0 0];


internalField   nonuniform List<scalar> 
6600
(
-903407
-903565
-903549
-903905
-903460
-903455
-903560
-904605
-904826
-904186
-903545
-904820
-905039
-904428
-904097
-904420
-903911
-903545
-903891
-903461
-903546
-904813
-905037
-904430
-903859
-905033
-905249
-904650
-903560
-903429
-904413
-904631
-904248
-903533
-903451
-904162
-904430
-903870
-903438
-904411
-904639
-904246
-903843
-904238
-903658
-903539
-903541
-903539
-903524
-903541
-903416
-903906
-903579
-904426
-904194
-904643
-904440
-904192
-904639
-904427
-903566
-903416
-903904
-903575
-904430
-904423
-904190
-903904
-903571
-903571
-903418
-903522
-903522
-903517
-903507
-903465
-903508
-903520
-903469
-903506
-903517
-903466
-903525
-903615
-903451
-903449
-903851
-904237
-903450
-903454
-904239
-903872
-903661
-903443
-903848
-903439
-904233
-903555
-903550
-903884
-904177
-904422
-904416
-904630
-903524
-903699
-903652
-904021
-903912
-903829
-904069
-903459
-903868
-904248
-903461
-903444
-903441
-904232
-903851
-903884
-903404
-903563
-904419
-904627
-904179
-904418
-903579
-903575
-903417
-904639
-904438
-904427
-904197
-904248
-903461
-903874
-903614
-903448
-903846
-904237
-903451
-904241
-903871
-903454
-903660
-903523
-903533
-903843
-903442
-903436
-904228
-903553
-904098
-904414
-903548
-903876
-904415
-904622
-903418
-904424
-904192
-903890
-903570
-904630
-904429
-903912
-903456
-904246
-903457
-903507
-904095
-903547
-904406
-903543
-904409
-903860
-904610
-903420
-904433
-903581
-904427
-903577
-904648
-903929
-903560
-903507
-904407
-904096
-903860
-904618
-903545
-904417
-903575
-904194
-903426
-904646
-903930
-904435
-903578
-903560
-903845
-903430
-904232
-903440
-904416
-903555
-904410
-904622
-903546
-903877
-904190
-903560
-903417
-904632
-904431
-903890
-903576
-904247
-903461
-903456
-903524
-903534
-903525
-903534
-903439
-903430
-904229
-903841
-903878
-904408
-904621
-903557
-904095
-904419
-903571
-904630
-904428
-903560
-903417
-904425
-904191
-904247
-903458
-903910
-903507
-904407
-903860
-904610
-904092
-903543
-904414
-903580
-904647
-903930
-904189
-903422
-904431
-903577
-903560
-903505
-904617
-903545
-904407
-903541
-904418
-904097
-903930
-904439
-903580
-904433
-903580
-904194
-903425
-904230
-903442
-903843
-904619
-903545
-903876
-904092
-904414
-903555
-904433
-903889
-903573
-904420
-904191
-903563
-903415
-903462
-903455
-903914
-903524
-903609
-903446
-903843
-904237
-903443
-904239
-903871
-903453
-903659
-903849
-903436
-904229
-903444
-904417
-904405
-904623
-903405
-903561
-903550
-903882
-904245
-903456
-903461
-904228
-903842
-903442
-904626
-904167
-904415
-903553
-903881
-903406
-903560
-903462
-903867
-903457
-903609
-904235
-903447
-903449
-903868
-903454
-903453
-903431
-903397
-903390
-903424
-903401
-903448
-903406
-903441
-903405
-903441
-903404
-903435
-903400
-903382
-903389
-903472
-903466
-903410
-903516
-903505
-903461
-903444
-903402
-903431
-903400
-903471
-903468
-903575
-903917
-903585
-903727
-903727
-903525
-903718
-903656
-904026
-903926
-903830
-904086
-903520
-903699
-903649
-904018
-903912
-903828
-904069
-903470
-903470
-903574
-903915
-903579
-903726
-903724
-903528
-903712
-903657
-904023
-903921
-903831
-904080
-903708
-903526
-903654
-904022
-903918
-904078
-903832
-903704
-903523
-903652
-904019
-903913
-904070
-903828
-903470
-903469
-903573
-903916
-903584
-903730
-903729
-903403
-903384
-903472
-903463
-903404
-903471
-903461
-903403
-903400
-903458
-903455
-903554
-903893
-903569
-903716
-903713
-903455
-903541
-903424
-903658
-903992
-903506
-903895
-903611
-904046
-903810
-903425
-903706
-903470
-903496
-903642
-903416
-903445
-903532
-903420
-903469
-903695
-903638
-903488
-903830
-903436
-903541
-903431
-903679
-903517
-903685
-904009
-903519
-903904
-903669
-903827
-903626
-904056
-903427
-903455
-903543
-903828
-903534
-903425
-903430
-903671
-903678
-903514
-903973
-903888
-903492
-903655
-903796
-904038
-903595
-903446
-903409
-903410
-903430
-903517
-903577
-903660
-903651
-904082
-903477
-903820
-903807
-903404
-903974
-903659
-903887
-903493
-904039
-903599
-903795
-904113
-903842
-904219
-903793
-904171
-903736
-904161
-903475
-903704
-903416
-903495
-903645
-903972
-903887
-903654
-903496
-904038
-903795
-903596
-903453
-903415
-904079
-904192
-903766
-903763
-904137
-904134
-903683
-903530
-903528
-903478
-903459
-903681
-903400
-903479
-903621
-903385
-903509
-903478
-903438
-903411
-903433
-903521
-903468
-903421
-903689
-903633
-903484
-903410
-903434
-903524
-904076
-903630
-903813
-903572
-903629
-903804
-903457
-903456
-903678
-903410
-903627
-903475
-903560
-904063
-903608
-903606
-903793
-903791
-903445
-903467
-903490
-903489
-903425
-903386
-903464
-903470
-903403
-903393
-903457
-903453
-903452
-903419
-903444
-903535
-903419
-903689
-903464
-903484
-903633
-903413
-903438
-903521
-903462
-903407
-903688
-903486
-903623
-903561
-903618
-903604
-904066
-903447
-903803
-903784
-903414
-903693
-903638
-903467
-903486
-903455
-903541
-903426
-903467
-903421
-903693
-903486
-903638
-903424
-903455
-903541
-903631
-904076
-903810
-903573
-903630
-903458
-903805
-903470
-903488
-903486
-903423
-903415
-903444
-903534
-903410
-903462
-903691
-903634
-903484
-903412
-903432
-903515
-903559
-903614
-903602
-904064
-903445
-903800
-903781
-903461
-903401
-903686
-903483
-903623
-903668
-903509
-903902
-903615
-904056
-903997
-903816
-903506
-903658
-903611
-903995
-903896
-903814
-904048
-903419
-903705
-903641
-903469
-903496
-903630
-904074
-903807
-903571
-903624
-903457
-903806
-903427
-903457
-903543
-903472
-903428
-903702
-903492
-903644
-903460
-903407
-903690
-903483
-903631
-903412
-903446
-903531
-903459
-903682
-903400
-903480
-903618
-903408
-903429
-903514
-903556
-903619
-904064
-903603
-903798
-903446
-903780
-903780
-903787
-904217
-904097
-903700
-904153
-904159
-903892
-903457
-903458
-903569
-903555
-903709
-903715
-903676
-903996
-903514
-903906
-903616
-904059
-903816
-903715
-903529
-903928
-903655
-904085
-904027
-903839
-903707
-903528
-903657
-904024
-903918
-904074
-903833
-903471
-903467
-903575
-903919
-903583
-903733
-903728
-903427
-903458
-903546
-903472
-903701
-903422
-903493
-903641
-903576
-903633
-904079
-903634
-903815
-903457
-903808
-903427
-903456
-903543
-903464
-903457
-903453
-903465
-903410
-903692
-903633
-903487
-903558
-903619
-904062
-903603
-903796
-903439
-903781
-903415
-903435
-903520
-903465
-903691
-903415
-903487
-903628
-903426
-903456
-903542
-903570
-903631
-904075
-903630
-903812
-903454
-903802
-903472
-903695
-903419
-903489
-903641
-903424
-903454
-903538
-903470
-903491
-903489
-903425
-903393
-903389
-903467
-903459
-903401
-903407
-903478
-903510
-903443
-903438
-903401
-903411
-903436
-903525
-903411
-903433
-903518
-903555
-903607
-903602
-904058
-903443
-903791
-903780
-903458
-903409
-903682
-903626
-903477
-903458
-903402
-903678
-903620
-903477
-903976
-903503
-903895
-903662
-903800
-903601
-904045
-903979
-903504
-903655
-903892
-903600
-903812
-904040
-904085
-903777
-903771
-904208
-903689
-904149
-904144
-903908
-903466
-903586
-903467
-903726
-903564
-903725
-904114
-903792
-903842
-904219
-903734
-904161
-904171
-904013
-903520
-903701
-903918
-903640
-903831
-904072
-903579
-903655
-903653
-904084
-903476
-903815
-903815
-903427
-903459
-903546
-903469
-903420
-903699
-903641
-903488
-903471
-903422
-903699
-903641
-903490
-903375
-903382
-903453
-903454
-903395
-903971
-903496
-903889
-903652
-903796
-903595
-904035
-903973
-903494
-903886
-903651
-903799
-903595
-904037
-904079
-903763
-903767
-904192
-903684
-904135
-904138
-903921
-903587
-903473
-903472
-903732
-903732
-903577
-904031
-903532
-903926
-903722
-903838
-903663
-904090
-904027
-903526
-903924
-903717
-903834
-903655
-904086
-904136
-903868
-903868
-904256
-903775
-904195
-904194
-903450
-903407
-903452
-903404
-903527
-903528
-903474
-903384
-903457
-903454
-903402
-903377
-903834
-903427
-903535
-903427
-903673
-903511
-903680
-904082
-903770
-904192
-903765
-904139
-903689
-904137
-903975
-903496
-903656
-903890
-903594
-903803
-904038
-904028
-903924
-903528
-903716
-903835
-904086
-903659
-903923
-903477
-903591
-903474
-903731
-903579
-903734
-904136
-903868
-904256
-903870
-904194
-903779
-904195
-904028
-903527
-903718
-903925
-903658
-903834
-904087
-903528
-903529
-903477
-903449
-903408
-903556
-903600
-903612
-904060
-903443
-903780
-903790
-903412
-903435
-903522
-903461
-903400
-903683
-903626
-903482
-903459
-903407
-903682
-903623
-903479
-903830
-903535
-903432
-903429
-903679
-903678
-903515
-903980
-903897
-903502
-903667
-903805
-904049
-903604
-903974
-903498
-903889
-903652
-903802
-903598
-904036
-904088
-903785
-904208
-903773
-904153
-903699
-904143
-904005
-903903
-903515
-903674
-903819
-904057
-903625
-903904
-903584
-903461
-903467
-903718
-903725
-903562
-904114
-903794
-904218
-903843
-904163
-903734
-904171
-904014
-903522
-903921
-903708
-903828
-903643
-904075
-903427
-903460
-903547
-903424
-903456
-903540
-903470
-903424
-903699
-903639
-903489
-903473
-903414
-903702
-903641
-903491
-903403
-903391
-903472
-903463
-903416
-903479
-903511
-903446
-903438
-903401
-903389
-903463
-903471
-903416
-903396
-903510
-903479
-903442
-903434
-903398
-903397
-903458
-903680
-903404
-903476
-903620
-903455
-903679
-903392
-903477
-903619
-903409
-903432
-903517
-903410
-903435
-903519
-903555
-904058
-903599
-903607
-903779
-903788
-903442
-904089
-903776
-904209
-903783
-904146
-903698
-904152
-903830
-903427
-903433
-903535
-903515
-903674
-903680
-903981
-903666
-903504
-903899
-903605
-904049
-903807
-904011
-903701
-903919
-903518
-904072
-903638
-903825
-904006
-903673
-903518
-903902
-903622
-904057
-903821
-903905
-903466
-903462
-903581
-903560
-903725
-903721
-903474
-903700
-903429
-903492
-903642
-903424
-903454
-903542
-903576
-904080
-903655
-903648
-903815
-903806
-903475
-903423
-903455
-903543
-903385
-903455
-903454
-903402
-903380
-904082
-903768
-904192
-903764
-904139
-903689
-904136
-903828
-903422
-903535
-903429
-903674
-903510
-903680
-903975
-903647
-903498
-903888
-903596
-904034
-903804
-904029
-903925
-903721
-903530
-904087
-903837
-903661
-904136
-903870
-904255
-903869
-904194
-903781
-904194
-903921
-903474
-903584
-903471
-903735
-903579
-903730
-904028
-903718
-903527
-903924
-903660
-904086
-903834
-903529
-903528
-903478
-903448
-903410
-903453
-903451
-903396
-903376
-903378
-903971
-903651
-903889
-903495
-904037
-903594
-903797
-903974
-903647
-903887
-903500
-904033
-903595
-903811
-903825
-903419
-903431
-903535
-903510
-903673
-903683
-904137
-904256
-903871
-903870
-904196
-904195
-903780
-904030
-903721
-903926
-903530
-904089
-903660
-903833
-904029
-903720
-903927
-903530
-904088
-903661
-903835
-903922
-903473
-903476
-903589
-903578
-903733
-903732
-903451
-903411
-903450
-903408
-903456
-903682
-903412
-903479
-903628
-903405
-903430
-903514
-903556
-904059
-903602
-903609
-903780
-903790
-903440
-903413
-903434
-903522
-903980
-903889
-903650
-903502
-904037
-903809
-903601
-904087
-904207
-903774
-903781
-904144
-904150
-903693
-903835
-903435
-903535
-903431
-903685
-903520
-903675
-903977
-903664
-903896
-903498
-904047
-903602
-903799
-904111
-904217
-903841
-903790
-904170
-904159
-903729
-904014
-903920
-903705
-903520
-904074
-903831
-903641
-904006
-903671
-903903
-903521
-904056
-903624
-903821
-903907
-903467
-903580
-903465
-903726
-903565
-903719
-903473
-903700
-903423
-903491
-903639
-903472
-903700
-903420
-903490
-903641
-903580
-904086
-903660
-903650
-903822
-903808
-903478
-903430
-903458
-903546
-903423
-903455
-903541
-903463
-903471
-903406
-903395
-903436
-903395
-903400
-903449
-903451
-903458
-903465
-903414
-903690
-903630
-903487
-903556
-903608
-904060
-903608
-903790
-903442
-903789
-903415
-903444
-903530
-903692
-903399
-903465
-903486
-903632
-903425
-903454
-903540
-904074
-903626
-903800
-903570
-903632
-903812
-903457
-903421
-903695
-903638
-903467
-903487
-903448
-903538
-903422
-903468
-903487
-903489
-903424
-903556
-903610
-904061
-903610
-903792
-903442
-903786
-903456
-903406
-903681
-903625
-903477
-903410
-903441
-903526
-903410
-903458
-903683
-903626
-903479
-903455
-903451
-903548
-903888
-903567
-903709
-903707
-903673
-903905
-903513
-904059
-903615
-903996
-903814
-903505
-903662
-903609
-903990
-903893
-903809
-904045
-903421
-903452
-903543
-903469
-903422
-903700
-903642
-903493
-903455
-903541
-903425
-903421
-903700
-903641
-903472
-903494
-903409
-903432
-903525
-903553
-904058
-903608
-903607
-903789
-903786
-903442
-903411
-903457
-903682
-903477
-903625
-903413
-903439
-903528
-903660
-903510
-903612
-903990
-903894
-904046
-903809
-903454
-903457
-903550
-903888
-903571
-903709
-903712
-903671
-903903
-903508
-904056
-903611
-903992
-903812
-903475
-903705
-903424
-903646
-903495
-904073
-903624
-903807
-903574
-903628
-903806
-903459
-903429
-903460
-903544
-903427
-903696
-903639
-903469
-903489
-903452
-903542
-903425
-903452
-903447
-903456
-903418
-903435
-903520
-903462
-903686
-903402
-903623
-903485
-903418
-903447
-903532
-903688
-903409
-903462
-903629
-903484
-904073
-903628
-903810
-903571
-903630
-903802
-903458
-903469
-903690
-903419
-903634
-903488
-903424
-903454
-903538
-903419
-903691
-903635
-903468
-903487
-903453
-903541
-903424
-903857
-903842
-904232
-903764
-904184
-904126
-904174
-904826
-904817
-905034
-904815
-905028
-905023
-905237
-904608
-905045
-904836
-905034
-904824
-905248
-905043
-905030
-904603
-904818
-905033
-905238
-904823
-905030
-904831
-904825
-904615
-905248
-905043
-905040
-904835
-904177
-904269
-903816
-904273
-904014
-904423
-904017
-905027
-905022
-905235
-904601
-904822
-904815
-905027
-904829
-905248
-905044
-904833
-904614
-905043
-904831
-905238
-904819
-905026
-904825
-905032
-904606
-904818
-905047
-905040
-904838
-905044
-904834
-904825
-904615
-903674
-904006
-904006
-904194
-903712
-903950
-903947
-904187
-904003
-903944
-903672
-904008
-903946
-903714
-904182
-903999
-903941
-903669
-903998
-903938
-903710
-903845
-903860
-903772
-904129
-904233
-904174
-904185
-903843
-903857
-903768
-904125
-904230
-904173
-904182
-903856
-903843
-903768
-904124
-904230
-904181
-904172
-903996
-903662
-903996
-904177
-903706
-903937
-903927
-903999
-904185
-903942
-903668
-903999
-903707
-903941
-903661
-903996
-904175
-903992
-903937
-903703
-903926
-903790
-903782
-904218
-903705
-904160
-904102
-904155
-904008
-904189
-903945
-903671
-904008
-903716
-903945
-903658
-903995
-903991
-904174
-903701
-903934
-903923
-904009
-903675
-904008
-904191
-903716
-903948
-903946
-903663
-903997
-904176
-903999
-903935
-903708
-903931
-903672
-904000
-904185
-904002
-903944
-903711
-903942
-903655
-904169
-903990
-903987
-903929
-903922
-903697
-904179
-903821
-904270
-904276
-904015
-904023
-904426
-903673
-904190
-904006
-904004
-903948
-903947
-903713
-904175
-903817
-904270
-904269
-904012
-904015
-904423
-904178
-904269
-903816
-904269
-904014
-904423
-904016
-903660
-904173
-903992
-903992
-903928
-903929
-903702
-903672
-904192
-904005
-904006
-903949
-903945
-903711
-903654
-903989
-903987
-904169
-903696
-903923
-903925
-904175
-904265
-903815
-904274
-904010
-904422
-904019
-903675
-904010
-904004
-904191
-903716
-903951
-903944
-904173
-904270
-903812
-904271
-904012
-904420
-904016
-904176
-904269
-904275
-903819
-904424
-904012
-904022
-903657
-903990
-903991
-904170
-903700
-903925
-903929
-904177
-904271
-904273
-903814
-904423
-904017
-904016
-903998
-903663
-903997
-904176
-903933
-903707
-903932
-904184
-904000
-903939
-903668
-903997
-903941
-903707
-903657
-904172
-903990
-903989
-903930
-903927
-903697
-903791
-904215
-903779
-904161
-903702
-904098
-904150
-904188
-904005
-903947
-903676
-904006
-903945
-903716
-903655
-903988
-904170
-903988
-903928
-903696
-903926
-903788
-904214
-903773
-904157
-903696
-904093
-904148
-903996
-903660
-904175
-903995
-903930
-903931
-903706
-903013
-902424
-901930
-903027
-902434
-901935
-903028
-902435
-901935
-903045
-902451
-901941
-903036
-902443
-901933
-903031
-902442
-901943
-903045
-902453
-901949
-903032
-902442
-901940
-903037
-902445
-901942
-903048
-902456
-901947
-903040
-902447
-901936
-903029
-902437
-901929
-903035
-902444
-901941
-903051
-902457
-901950
-903040
-902446
-901933
-903046
-902453
-901948
-902997
-902408
-901909
-903004
-902414
-901915
-903034
-902440
-901933
-903033
-902443
-901940
-903033
-902441
-901939
-903018
-902427
-901923
-903025
-902431
-901927
-903029
-902435
-901929
-903030
-902436
-901930
-903028
-902435
-901929
-903024
-902431
-901924
-903031
-902437
-901929
-903029
-902436
-901937
-903037
-902444
-901942
-903032
-902439
-901940
-903033
-902440
-901941
-903034
-902440
-901941
-903022
-902428
-901920
-903022
-902428
-901921
-903030
-902437
-901930
-903022
-902429
-901921
-903027
-902433
-901924
-903032
-902439
-901931
-903022
-902429
-901922
-903030
-902437
-901930
-903025
-902431
-901923
-903038
-902444
-901940
-903034
-902441
-901938
-903030
-902438
-901937
-903042
-902448
-901943
-903021
-902429
-901929
-903024
-902432
-901930
-903050
-902458
-901945
-903046
-902453
-901949
-903040
-902450
-901949
-903045
-902453
-901950
-903026
-902433
-901931
-903030
-902437
-901932
-903034
-902440
-901941
-903027
-902434
-901938
-903038
-902448
-901946
-903045
-902452
-901948
-903029
-902437
-901936
-903029
-902439
-901937
-903039
-902446
-901942
-903032
-902442
-901939
-903040
-902447
-901944
-903028
-902435
-901926
-903033
-902440
-901934
-903030
-902436
-901932
-903020
-902427
-901923
-903037
-902445
-901943
-903033
-902444
-901943
-903035
-902444
-901943
-903013
-902418
-901909
-903062
-902468
-901960
-903057
-902463
-901955
-903045
-902453
-901948
-903012
-902417
-901908
-903036
-902445
-901949
-903044
-902450
-901951
-903055
-902462
-901955
-903046
-902454
-901949
-903006
-902415
-901916
-903017
-902426
-901925
-903024
-902431
-901929
-903045
-902453
-901943
-903035
-902443
-901933
-903037
-902443
-901943
-903024
-902433
-901937
-903059
-902464
-901953
-903042
-902452
-901949
-903042
-902449
-901947
-903028
-902439
-901938
-903037
-902446
-901943
-903029
-902435
-901927
-903033
-902440
-901933
-903029
-902435
-901927
-903033
-902440
-901933
-903026
-902432
-901929
-903008
-902417
-901917
-903038
-902444
-901944
-903034
-902441
-901941
-903037
-902447
-901945
-903039
-902447
-901946
-903013
-902418
-901909
-903026
-902436
-901942
-903040
-902447
-901946
-903054
-902461
-901953
-903045
-902453
-901948
-903008
-902414
-901906
-903062
-902469
-901960
-903060
-902466
-901958
-903032
-902441
-901947
-903041
-902448
-901949
-903048
-902454
-901952
-903022
-902431
-901927
-903029
-902435
-901931
-903045
-902453
-901944
-903054
-902459
-901950
-903054
-902462
-901952
-903035
-902442
-901944
-903024
-902433
-901939
-903034
-902441
-901942
-903045
-902453
-901950
-903038
-902446
-901943
-903031
-902437
-901928
-903029
-902438
-901937
-903008
-902420
-901923
-903023
-902432
-901931
-903028
-902438
-901935
-903042
-902448
-901942
-903020
-902427
-901925
-903019
-902430
-901928
-903031
-902438
-901933
-903031
-902442
-901941
-903035
-902444
-901943
-903042
-902451
-901947
-903047
-902454
-901950
-903019
-902429
-901929
-903029
-902435
-901933
-903024
-902431
-901932
-903048
-902456
-901950
-903037
-902445
-901945
-903028
-902438
-901935
-903030
-902438
-901936
-903027
-902437
-901936
-903035
-902442
-901938
-903041
-902448
-901944
-903038
-902445
-901942
-903011
-902421
-901918
-903018
-902426
-901930
-903027
-902432
-901930
-902985
-902398
-901905
-902998
-902409
-901909
-903024
-902431
-901933
-903024
-902433
-901930
-903019
-902429
-901926
-903025
-902435
-901929
-903032
-902438
-901937
-903005
-902416
-901916
-903025
-902432
-901933
-902980
-902394
-901903
-903011
-902420
-901923
-903002
-902413
-901915
-903017
-902426
-901931
-903016
-902426
-901916
-903017
-902426
-901917
-903027
-902434
-901927
-903019
-902426
-901918
-903016
-902427
-901926
-903021
-902427
-901929
-902997
-902409
-901910
-903017
-902424
-901926
-903047
-902452
-901948
-903047
-902453
-901949
-903051
-902456
-901951
-903042
-902449
-901948
-903049
-902455
-901953
-903045
-902451
-901949
-903001
-902413
-901918
-903035
-902442
-901940
-903019
-902428
-901927
-902981
-902395
-901902
-903012
-902422
-901915
-903008
-902417
-901908
-903015
-902424
-901916
-903009
-902418
-901909
-903025
-902432
-901933
-902995
-902407
-901914
-903018
-902426
-901930
-903046
-902451
-901947
-903047
-902453
-901947
-903044
-902450
-901951
-903059
-902464
-901959
-903040
-902447
-901947
-903042
-902448
-901947
-903032
-902440
-901942
-903041
-902450
-901942
-903055
-902462
-901951
-903033
-902441
-901943
-903029
-902439
-901941
-903049
-902455
-901951
-903040
-902450
-901947
-903044
-902452
-901948
-903052
-902460
-901957
-903030
-902436
-901936
-903028
-902433
-901935
-903025
-902432
-901932
-903038
-902443
-901941
-903049
-902453
-901949
-903026
-902435
-901937
-903025
-902435
-901937
-903038
-902444
-901944
-903039
-902449
-901944
-903043
-902451
-901947
-903047
-902455
-901951
-903042
-902448
-901947
-903037
-902446
-901946
-903025
-902435
-901941
-903043
-902450
-901949
-903049
-902457
-901951
-903052
-902461
-901954
-903071
-902476
-901964
-903042
-902447
-901947
-903042
-902449
-901948
-903035
-902443
-901942
-903052
-902456
-901953
-903055
-902459
-901955
-903023
-902430
-901934
-903027
-902436
-901938
-903038
-902444
-901942
-903030
-902439
-901940
-903048
-902456
-901949
-903029
-902438
-901934
-903044
-902450
-901939
-903027
-902437
-901934
-903033
-902440
-901941
-903022
-902429
-901931
-903024
-902430
-901932
-903018
-902426
-901927
-903032
-902439
-901939
-903033
-902440
-901942
-903053
-902461
-901954
-903051
-902459
-901953
-903039
-902444
-901941
-903011
-902420
-901923
-903035
-902443
-901938
-903055
-902461
-901951
-903050
-902459
-901949
-903041
-902449
-901948
-903028
-902437
-901938
-903012
-902423
-901929
-903018
-902427
-901935
-903048
-902457
-901954
-903038
-902445
-901935
-903050
-902456
-901943
-903031
-902441
-901938
-903032
-902440
-901942
-903041
-902450
-901943
-903040
-902448
-901941
-903035
-902442
-901933
-903034
-902441
-901935
-903008
-902416
-901919
-902999
-902409
-901915
-903021
-902427
-901925
-903038
-902445
-901941
-902995
-902407
-901911
-903017
-902425
-901928
-903027
-902435
-901929
-903026
-902435
-901924
-903040
-902447
-901946
-903023
-902430
-901934
-903024
-902431
-901933
-903023
-902430
-901930
-903034
-902440
-901940
-903034
-902440
-901942
-903042
-902451
-901944
-903044
-902451
-901946
-903031
-902438
-901940
-903034
-902442
-901943
-903037
-902443
-901945
-903042
-902450
-901947
-903022
-902429
-901930
-903018
-902426
-901929
-903016
-902424
-901925
-903032
-902438
-901939
-903028
-902435
-901939
-903058
-902463
-901959
-903050
-902456
-901952
-903051
-902457
-901953
-903026
-902435
-901930
-903034
-902441
-901935
-903015
-902423
-901926
-903011
-902420
-901925
-903033
-902440
-901938
-903035
-902442
-901938
-903047
-902453
-901949
-903042
-902448
-901946
-903045
-902451
-901947
-903062
-902467
-901964
-903062
-902467
-901963
-903061
-902466
-901961
-903069
-902475
-901966
-903058
-902464
-901959
-903064
-902469
-901962
-903058
-902463
-901957
-903041
-902446
-901950
-903041
-902447
-901949
-902994
-902405
-901910
-903004
-902413
-901921
-903014
-902424
-901914
-903011
-902421
-901912
-903024
-902434
-901934
-902987
-902400
-901908
-903013
-902421
-901927
-903053
-902458
-901954
-903049
-902455
-901952
-903051
-902457
-901953
-903042
-902449
-901949
-903050
-902456
-901952
-903043
-902450
-901949
-903034
-902441
-901940
-903034
-902439
-901940
-903026
-902434
-901934
-903044
-902449
-901945
-903031
-902438
-901937
-903037
-902445
-901941
-903025
-902433
-901934
-903025
-902432
-901934
-903024
-902431
-901932
-903035
-902442
-901943
-903033
-902442
-901936
-903016
-902424
-901929
-903017
-902426
-901931
-903031
-902438
-901938
-903040
-902449
-901942
-903054
-902458
-901954
-903056
-902460
-901957
-903041
-902447
-901946
-903046
-902450
-901948
-903035
-902442
-901941
-903042
-902451
-901944
-903031
-902438
-901940
-903037
-902443
-901946
-903038
-902445
-901946
-903036
-902442
-901944
-903035
-902442
-901941
-903048
-902453
-901950
-903053
-902458
-901954
-903062
-902467
-901960
-903060
-902465
-901963
-903059
-902464
-901962
-903061
-902467
-901960
-903062
-902468
-901961
-903059
-902465
-901958
-903036
-902442
-901947
-903030
-902436
-901938
-903027
-902433
-901935
-903025
-902432
-901932
-903038
-902444
-901942
-903015
-902423
-901927
-903033
-902442
-901936
-903024
-902431
-901934
-903025
-902432
-901933
-903025
-902432
-901931
-903039
-902444
-901943
-903034
-902442
-901935
-903014
-902422
-901924
-903029
-902437
-901939
-903041
-902451
-901946
-903041
-902450
-901947
-903051
-902459
-901956
-903056
-902462
-901957
-903048
-902453
-901952
-903042
-902449
-901950
-903042
-902449
-901947
-903057
-902461
-901957
-903048
-902457
-901950
-903034
-902442
-901945
-903034
-902443
-901946
-903032
-902440
-901934
-903014
-902422
-901925
-903024
-902430
-901931
-903027
-902433
-901934
-903025
-902432
-901935
-903020
-902428
-901928
-903038
-902443
-901943
-903055
-902459
-901952
-903033
-902441
-901933
-903017
-902424
-901924
-903009
-902417
-901924
-903018
-902426
-901927
-903016
-902424
-901930
-903017
-902425
-901926
-903038
-902444
-901942
-903033
-902440
-901942
-903054
-902460
-901955
-903051
-902457
-901953
-903039
-902446
-901946
-903040
-902447
-901948
-903044
-902450
-901949
-903037
-902444
-901944
-903056
-902461
-901956
-903044
-902453
-901947
-903030
-902439
-901941
-903037
-902444
-901947
-903028
-902438
-901940
-903048
-902454
-901952
-903059
-902464
-901959
-903042
-902449
-901948
-903042
-902447
-901947
-903034
-902441
-901942
-903049
-902454
-901952
-903055
-902459
-901956
-903058
-902464
-901959
-903050
-902455
-901953
-903058
-902464
-901960
-903060
-902466
-901959
-903050
-902456
-901952
-903054
-902460
-901954
-903045
-902451
-901948
-903037
-902446
-901939
-903041
-902448
-901943
-903013
-902422
-901928
-903046
-902454
-901950
-903040
-902445
-901941
-903028
-902434
-901935
-903027
-902435
-901936
-903025
-902433
-901933
-903041
-902446
-901943
-903041
-902449
-901943
-903029
-902436
-901937
-903021
-902431
-901934
-903039
-902447
-901946
-903046
-902451
-901950
-903032
-902440
-901941
-903053
-902458
-901955
-903048
-902454
-901951
-903052
-902458
-901956
-903047
-902456
-901948
-903029
-902437
-901939
-903030
-902437
-901940
-903020
-902430
-901935
-903039
-902444
-901945
-903040
-902447
-901946
-903032
-902440
-901941
-903048
-902452
-901950
-903054
-902459
-901955
-903065
-902470
-901965
-903059
-902464
-901961
-903061
-902467
-901961
-903061
-902466
-901960
-903059
-902465
-901959
-903064
-902469
-901961
-903040
-902445
-901950
-903042
-902447
-901950
-903001
-902412
-901916
-903010
-902418
-901924
-903022
-902429
-901927
-902989
-902400
-901906
-903019
-902429
-901920
-903009
-902419
-901911
-903016
-902426
-901926
-903043
-902448
-901945
-903028
-902437
-901928
-903031
-902439
-901934
-903025
-902435
-901929
-903023
-902429
-901933
-903024
-902432
-901935
-903024
-902431
-901931
-903037
-902444
-901944
-903024
-902430
-901933
-903025
-902431
-901933
-903025
-902432
-901931
-903035
-902441
-901941
-903030
-902440
-901934
-903020
-902428
-901930
-903032
-902440
-901932
-903009
-902417
-901920
-903056
-902462
-901954
-903041
-902447
-901947
-903039
-902446
-901947
-903030
-902438
-901940
-903056
-902461
-901957
-903043
-902452
-901945
-903044
-902451
-901947
-903030
-902438
-901939
-903046
-902454
-901951
-903046
-902456
-901948
-903031
-902439
-901941
-903028
-902437
-901940
-903001
-902410
-901913
-902971
-902385
-901894
-903014
-902420
-901921
-902987
-902398
-901902
-903003
-902411
-901901
-903004
-902413
-901904
-903058
-902467
-901955
-903049
-902459
-901948
-903026
-902436
-901934
-903034
-902443
-901939
-903038
-902447
-901941
-903043
-902451
-901944
-902979
-902391
-901898
-903016
-902422
-901919
-903006
-902414
-901903
-903004
-902412
-901901
-903016
-902423
-901922
-903011
-902418
-901914
-902966
-902380
-901889
-903055
-902463
-901958
-903053
-902461
-901957
-903054
-902460
-901957
-903061
-902468
-901958
-903050
-902460
-901950
-903040
-902448
-901942
-903042
-902450
-901943
-903029
-902440
-901936
-903040
-902446
-901943
-903027
-902432
-901934
-903025
-902433
-901933
-903021
-902428
-901928
-903039
-902444
-901942
-903032
-902440
-901933
-903036
-902443
-901938
-903008
-902416
-901918
-903042
-902449
-901943
-903030
-902439
-901933
-903020
-902427
-901927
-903013
-902422
-901926
-903041
-902451
-901945
-903058
-902464
-901953
-903038
-902446
-901939
-903051
-902458
-901948
-903038
-902448
-901945
-903049
-902454
-901950
-903047
-902455
-901949
-903049
-902457
-901951
-903048
-902457
-901945
-903042
-902448
-901948
-903040
-902448
-901948
-903035
-902443
-901942
-903053
-902458
-901956
-903035
-902442
-901945
-903041
-902447
-901947
-903033
-902441
-901941
-903050
-902455
-901954
-903043
-902453
-901946
-903046
-902453
-901948
-903033
-902441
-901942
-903034
-902443
-901944
-903047
-902456
-901952
-903050
-902458
-901949
-903042
-902449
-901947
-903022
-902431
-901935
-903012
-902423
-901929
-903044
-902453
-901951
-903034
-902439
-901936
-903005
-902415
-901920
-903023
-902429
-901928
-902996
-902407
-901911
-903021
-902430
-901922
-903012
-902422
-901916
-903025
-902434
-901926
-903027
-902435
-901930
-903014
-902425
-901923
-902989
-902401
-901906
-903017
-902427
-901927
-903012
-902422
-901914
-903020
-902429
-901921
-903034
-902442
-901942
-902993
-902407
-901914
-903035
-902442
-901937
-903030
-902438
-901932
-903025
-902434
-901924
-903036
-902442
-901940
-903018
-902428
-901926
-903025
-902433
-901934
-902997
-902410
-901916
-903033
-902440
-901936
-903033
-902441
-901933
-903015
-902421
-901924
-903017
-902424
-901927
-903028
-902436
-901928
-902996
-902406
-901912
-903009
-902416
-901919
-903021
-902428
-901929
-903020
-902428
-901931
-903017
-902424
-901926
-903036
-902442
-901941
-903038
-902444
-901943
-903021
-902427
-901930
-903030
-902436
-901934
-903018
-902426
-901926
-903038
-902443
-901942
-903032
-902439
-901941
-903042
-902448
-901946
-903043
-902449
-901946
-903045
-902451
-901948
-903048
-902457
-901950
-903039
-902446
-901947
-903051
-902456
-901953
-903037
-902445
-901946
-903036
-902443
-901944
-903039
-902445
-901945
-903028
-902437
-901938
-903050
-902454
-901952
-903052
-902459
-901952
-903035
-902443
-901945
-903034
-902441
-901943
-903029
-902438
-901939
-903051
-902456
-901953
-903054
-902457
-901955
-902982
-902394
-901901
-903021
-902426
-901923
-903005
-902413
-901905
-903005
-902413
-901903
-903019
-902424
-901924
-903017
-902421
-901918
-902980
-902391
-901897
-903048
-902457
-901954
-903046
-902454
-901952
-903049
-902455
-901953
-903059
-902466
-901956
-903051
-902460
-901948
-903041
-902449
-901943
-903039
-902447
-901941
-903025
-902436
-901933
-903001
-902409
-901900
-902998
-902407
-901899
-903018
-902424
-901925
-903022
-902429
-901927
-902975
-902388
-901893
-903017
-902422
-901918
-902979
-902390
-901896
-903014
-902421
-901919
-903022
-902429
-901930
-903047
-902453
-901948
-903059
-902468
-901956
-903056
-902465
-901953
-903051
-902459
-901956
-903044
-902452
-901953
-903052
-902460
-901957
-903056
-902462
-901957
-903058
-902466
-901957
-903029
-902440
-901937
-903033
-902441
-901943
-903026
-902437
-901934
-903020
-902429
-901936
-903029
-902438
-901933
-903020
-902427
-901928
-903028
-902435
-901936
-903018
-902428
-901929
-903014
-902422
-901925
-903014
-902422
-901927
-903012
-902421
-901924
-903031
-902438
-901937
-903036
-902443
-901941
-903039
-902445
-901943
-903027
-902434
-901935
-903035
-902440
-901937
-903020
-902428
-901928
-903037
-902443
-901943
-903040
-902446
-901945
-903031
-902441
-901944
-903034
-902443
-901944
-903032
-902438
-901940
-903051
-902460
-901955
-903039
-902448
-901943
-903057
-902465
-901954
-903042
-902452
-901942
-903063
-902471
-901962
-903080
-902484
-901970
-903052
-902458
-901954
-903045
-902454
-901950
-903044
-902453
-901951
-903044
-902451
-901949
-903055
-902463
-901956
-903049
-902458
-901951
-903049
-902456
-901951
-903034
-902442
-901945
-903039
-902446
-901949
-903050
-902458
-901954
-903047
-902455
-901948
-903045
-902452
-901949
-903031
-902438
-901940
-903040
-902446
-901946
-903045
-902454
-901951
-903057
-902464
-901956
-903049
-902457
-901952
-903044
-902451
-901951
-903048
-902453
-901952
-903040
-902448
-901946
-903058
-902463
-901959
-903054
-902459
-901958
-903039
-902446
-901946
-903033
-902440
-901943
-903032
-902440
-901942
-903050
-902455
-901953
-903058
-902462
-901957
-903013
-902423
-901916
-903023
-902431
-901922
-903030
-902438
-901938
-903026
-902433
-901933
-902996
-902408
-901915
-903013
-902424
-901921
-903020
-902428
-901932
-903037
-902444
-901943
-902999
-902411
-901919
-903048
-902454
-901950
-903046
-902452
-901949
-903051
-902457
-901951
-903051
-902457
-901951
-903051
-902456
-901952
-903055
-902461
-901954
-903050
-902455
-901951
-903041
-902449
-901941
-903041
-902448
-901943
-903023
-902431
-901933
-903045
-902453
-901948
-903046
-902452
-901946
-903027
-902433
-901936
-903031
-902437
-901937
-903024
-902432
-901932
-903041
-902447
-901944
-903003
-902414
-901921
-902992
-902404
-901916
-903037
-902446
-901938
-903036
-902444
-901944
-903041
-902447
-901947
-903032
-902440
-901940
-903057
-902461
-901955
-903046
-902452
-901950
-903059
-902464
-901959
-903033
-902440
-901939
-903037
-902442
-901942
-903023
-902432
-901933
-903041
-902449
-901944
-903040
-902446
-901946
-903047
-902452
-901951
-903038
-902444
-901943
-903037
-902444
-901943
-903031
-902439
-901939
-903061
-902466
-901962
-903060
-902465
-901962
-903058
-902463
-901959
-903062
-902468
-901961
-903065
-902471
-901962
-903059
-902464
-901958
-903042
-902447
-901949
-903038
-902444
-901940
-903029
-902438
-901931
-903033
-902440
-901934
-903015
-902422
-901924
-903035
-902442
-901938
-903021
-902427
-901931
-903022
-902429
-901931
-903016
-902424
-901925
-903036
-902441
-901940
-903023
-902430
-901930
-903013
-902423
-901928
-903031
-902439
-901934
-903036
-902442
-901942
-903031
-902439
-901941
-903020
-902430
-901934
-903045
-902451
-901949
-903034
-902445
-901941
-903038
-902447
-901944
-903029
-902438
-901938
-903025
-902434
-901937
-903055
-902463
-901957
-903050
-902455
-901953
-903042
-902448
-901947
-903034
-902442
-901943
-903028
-902437
-901938
-903033
-902442
-901943
-903027
-902436
-901940
-903043
-902452
-901947
-903045
-902454
-901949
-903057
-902464
-901959
-903021
-902429
-901933
-903023
-902430
-901932
-903024
-902431
-901930
-903027
-902435
-901937
-903040
-902446
-901941
-903046
-902451
-901947
-903020
-902427
-901929
-903031
-902437
-901937
-903017
-902426
-901930
-903031
-902439
-901934
-903028
-902434
-901934
-903028
-902434
-901935
-903024
-902431
-901930
-903033
-902438
-901937
-903036
-902441
-901941
-903045
-902450
-901945
-903053
-902462
-901954
-903047
-902454
-901951
-903036
-902443
-901944
-903033
-902440
-901945
-903051
-902459
-901956
-903058
-902463
-901959
-903050
-902456
-901954
-903046
-902453
-901952
-903047
-902453
-901952
-903040
-902448
-901946
-903060
-902465
-901960
-903058
-902463
-901959
-903035
-902443
-901944
-903055
-902459
-901954
-903042
-902451
-901947
-903044
-902452
-901949
-903051
-902460
-901955
-903046
-902452
-901950
-903050
-902455
-901953
-903038
-902444
-901946
-903042
-902449
-901948
-903033
-902441
-901942
-903045
-902452
-901949
-903046
-902452
-901950
-903041
-902447
-901946
-903045
-902451
-901948
-903044
-902450
-901947
-903050
-902456
-901952
-903050
-902456
-901952
-903053
-902458
-901951
-903035
-902440
-901940
-903034
-902441
-901939
-903032
-902439
-901937
-903039
-902445
-901944
-903037
-902446
-901938
-903042
-902449
-901943
-903011
-902420
-901925
-903008
-902419
-901925
-903049
-902456
-901950
-903033
-902438
-901940
-903034
-902441
-901940
-903029
-902436
-901936
-903046
-902451
-901947
-903020
-902428
-901930
-903017
-902426
-901930
-903035
-902444
-901938
-903039
-902447
-901942
-903045
-902453
-901948
-903054
-902459
-901955
-903059
-902464
-901957
-903043
-902452
-901945
-903047
-902454
-901949
-903030
-902437
-901940
-903028
-902436
-901942
-903050
-902457
-901952
-903041
-902446
-901947
-903038
-902445
-901945
-903034
-902441
-901941
-903052
-902456
-901953
-903052
-902456
-901953
-903028
-902435
-901938
-903040
-902445
-901944
-903040
-902450
-901944
-903045
-902452
-901948
-903048
-902456
-901951
-903053
-902457
-901954
-903049
-902454
-901953
-903041
-902446
-901947
-903036
-902443
-901944
-903031
-902439
-901941
-903029
-902436
-901938
-903047
-902454
-901950
-903022
-902430
-901931
-903038
-902444
-901940
-903043
-902448
-901948
-903059
-902467
-901956
-903040
-902447
-901948
-903034
-902441
-901943
-903049
-902455
-901952
-903049
-902457
-901949
-903035
-902442
-901942
-903039
-902445
-901944
-903026
-902436
-901941
-903051
-902458
-901953
-903034
-902441
-901941
-903040
-902447
-901945
-903048
-902455
-901946
-903021
-902428
-901932
-903057
-902464
-901956
-903044
-902450
-901947
-903042
-902452
-901950
-903032
-902440
-901932
-903009
-902417
-901920
-903029
-902440
-901938
-903043
-902450
-901947
-903043
-902449
-901948
-903036
-902446
-901945
-903038
-902447
-901943
-903013
-902423
-901929
-903047
-902452
-901945
-903031
-902437
-901933
-903048
-902456
-901944
-903018
-902425
-901924
-903038
-902448
-901945
-903033
-902442
-901940
-903008
-902416
-901917
-903011
-902421
-901931
-903056
-902462
-901954
-903043
-902449
-901943
-903019
-902429
-901937
-903052
-902459
-901952
-903030
-902437
-901937
-903048
-902455
-901949
-903033
-902439
-901937
-903056
-902461
-901952
-903035
-902441
-901935
-903020
-902429
-901936
-903036
-902445
-901937
-902992
-902403
-901912
-903034
-902441
-901932
-903007
-902416
-901920
-903058
-902464
-901955
-903044
-902449
-901943
-903062
-902468
-901957
-903035
-902441
-901935
-903017
-902427
-901934
-903049
-902456
-901945
-903028
-902435
-901933
-903036
-902444
-901936
-903000
-902411
-901916
-903009
-902419
-901927
-903051
-902458
-901948
-903025
-902432
-901932
-903014
-902425
-901918
-903022
-902431
-901923
-903018
-902428
-901920
-903033
-902442
-901937
-903027
-902436
-901934
-903014
-902424
-901923
-903031
-902442
-901942
-903016
-902426
-901924
-903005
-902413
-901917
-903009
-902419
-901928
-903052
-902459
-901949
-903019
-902428
-901929
-903021
-902432
-901932
-903028
-902438
-901935
-903032
-902442
-901940
-903038
-902444
-901941
-903046
-902453
-901950
-903043
-902450
-901947
-903037
-902443
-901943
-903047
-902453
-901950
-903009
-902420
-901922
-903040
-902446
-901942
-903038
-902446
-901944
-903033
-902440
-901943
-903049
-902455
-901952
-903015
-902425
-901924
-903022
-902430
-901932
-903038
-902445
-901942
-903036
-902444
-901943
-903046
-902452
-901951
-903044
-902450
-901949
-903049
-902455
-901953
-903043
-902450
-901947
-903047
-902454
-901951
-903032
-902439
-901940
-903047
-902453
-901949
-903020
-902429
-901928
-903044
-902451
-901943
-903013
-902422
-901926
-903040
-902447
-901935
-903012
-902419
-901919
-903026
-902434
-901935
-903026
-902435
-901939
-903045
-902451
-901945
-903033
-902439
-901935
-903033
-902442
-901939
-903011
-902421
-901918
-903048
-902454
-901953
-903041
-902448
-901946
-903038
-902445
-901946
-903056
-902462
-901957
-903045
-902451
-901939
-903004
-902413
-901914
-903034
-902441
-901931
-903003
-902411
-901914
-903046
-902453
-901947
-903043
-902449
-901945
-903002
-902412
-901915
-903037
-902443
-901929
-902990
-902399
-901904
-903043
-902449
-901945
-903053
-902462
-901953
-903039
-902446
-901944
-903036
-902443
-901942
-902997
-902408
-901909
-903044
-902450
-901948
-903055
-902463
-901953
-903041
-902447
-901946
-903040
-902446
-901945
-903056
-902462
-901958
-903051
-902458
-901953
-903020
-902427
-901930
-903012
-902419
-901921
-903038
-902444
-901938
-903018
-902427
-901924
-903003
-902412
-901915
-903048
-902457
-901946
-903017
-902426
-901929
-903045
-902451
-901944
-903028
-902434
-901933
-903050
-902459
-901949
-903009
-902419
-901927
-903024
-902433
-901939
-902999
-902410
-901912
-903039
-902446
-901945
-903047
-902452
-901949
-903036
-902443
-901943
-903044
-902450
-901948
-903055
-902463
-901953
-903052
-902458
-901952
-903040
-902447
-901947
-903054
-902460
-901956
-903007
-902415
-901916
-903029
-902436
-901926
-902999
-902406
-901909
-903034
-902441
-901942
-903066
-902473
-901959
-903039
-902446
-901946
-903037
-902444
-901942
-903037
-902443
-901930
-902993
-902403
-901907
-903028
-902436
-901927
-902999
-902407
-901909
-903019
-902427
-901932
-903029
-902436
-901938
-903046
-902455
-901944
-903042
-902449
-901946
-903043
-902449
-901945
-903034
-902441
-901940
-903042
-902449
-901948
-903039
-902447
-901948
-903055
-902464
-901954
-903044
-902451
-901948
-903054
-902461
-901957
-903053
-902459
-901954
-903014
-902423
-901927
-903032
-902438
-901935
-903022
-902431
-901933
-903022
-902433
-901933
-903026
-902433
-901933
-903038
-902444
-901941
-903044
-902450
-901948
-903041
-902448
-901946
-903011
-902421
-901919
-903024
-902430
-901932
-903039
-902445
-901941
-903047
-902453
-901950
-903049
-902455
-901951
-903037
-902444
-901944
-903020
-902428
-901930
-903034
-902440
-901937
-903054
-902460
-901957
-903048
-902454
-901950
-903041
-902449
-901946
-903043
-902449
-901944
-903049
-902455
-901950
-903047
-902453
-901949
-903036
-902445
-901943
-903029
-902439
-901939
-903052
-902459
-901956
-903001
-902411
-901916
-903017
-902424
-901926
-903039
-902449
-901939
-903052
-902459
-901950
-903022
-902429
-901933
-903064
-902470
-901957
-903008
-902418
-901919
-903024
-902431
-901929
-903046
-902454
-901949
-903040
-902449
-901946
-903022
-902430
-901934
-903055
-902462
-901952
-903011
-902422
-901925
-903030
-902437
-901936
-903049
-902458
-901946
-903043
-902451
-901947
-903047
-902455
-901951
-903031
-902437
-901935
-903057
-902464
-901952
-903008
-902419
-901922
-903029
-902436
-901936
-903056
-902465
-901952
-903012
-902422
-901924
-903027
-902434
-901935
-903049
-902458
-901948
-902999
-902411
-901915
-903021
-902428
-901929
-903045
-902454
-901944
-903047
-902455
-901951
-903046
-902454
-901949
-903058
-902465
-901954
-903035
-902445
-901944
-903032
-902443
-901942
-903058
-902465
-901960
-903042
-902451
-901946
-903032
-902440
-901938
-903059
-902466
-901955
-903036
-902446
-901940
-903041
-902450
-901944
-903065
-902471
-901960
-903011
-902422
-901925
-903010
-902420
-901913
-902998
-902409
-901916
-903033
-902439
-901935
-903051
-902460
-901949
-902997
-902408
-901911
-903028
-902434
-901931
-903053
-902461
-901949
-903044
-902452
-901948
-903043
-902450
-901946
-903051
-902457
-901946
-903050
-902457
-901947
-903020
-902429
-901935
-903071
-902477
-901962
-903040
-902449
-901943
-903028
-902436
-901935
-903059
-902466
-901955
-903001
-902413
-901917
-903005
-902415
-901917
-903034
-902443
-901942
-903037
-902446
-901943
-903052
-902459
-901955
-903043
-902452
-901945
-903058
-902465
-901953
-903039
-902447
-901944
-903042
-902450
-901945
-903044
-902452
-901948
-903043
-902451
-901948
-903060
-902466
-901955
-903036
-902442
-901943
-903053
-902459
-901955
-903032
-902439
-901935
-903036
-902442
-901936
-903036
-902444
-901941
-903035
-902442
-901940
-903056
-902464
-901957
-903050
-902456
-901945
-903040
-902446
-901942
-903026
-902433
-901934
-903040
-902445
-901941
-903044
-902452
-901948
-903056
-902460
-901957
-903060
-902464
-901959
-903060
-902465
-901962
-903063
-902470
-901959
-903052
-902457
-901953
-903041
-902446
-901946
-903049
-902456
-901951
-903046
-902455
-901952
-903049
-902457
-901951
-903051
-902459
-901950
-903020
-902429
-901933
-903019
-902428
-901933
-903017
-902427
-901930
-903026
-902434
-901937
-903050
-902460
-901949
-903046
-902455
-901944
-903034
-902441
-901939
-903016
-902423
-901925
-903034
-902441
-901940
-903031
-902441
-901942
-903029
-902438
-901941
-903047
-902456
-901951
-903051
-902459
-901952
-903066
-902472
-901961
-903051
-902457
-901949
-903036
-902442
-901935
-903030
-902436
-901932
-903034
-902441
-901938
-903034
-902441
-901937
-903058
-902465
-901957
-903021
-902431
-901933
-903037
-902444
-901942
-903054
-902463
-901952
-903029
-902440
-901932
-903034
-902442
-901935
-903034
-902444
-901945
-903037
-902446
-901941
-903058
-902465
-901954
-903028
-902436
-901937
-903020
-902430
-901927
-903024
-902434
-901936
-903050
-902458
-901947
-903043
-902449
-901946
-903031
-902438
-901938
-903040
-902446
-901942
-903041
-902449
-901945
-903050
-902454
-901953
-903053
-902457
-901954
-903058
-902463
-901957
-903039
-902445
-901948
-903054
-902462
-901949
-903042
-902448
-901944
-903029
-902435
-901934
-903038
-902444
-901940
-903032
-902439
-901934
-903025
-902435
-901939
-903034
-902441
-901941
-903037
-902444
-901943
-903049
-902455
-901949
-903048
-902453
-901955
-903061
-902466
-901962
-903058
-902462
-901959
-903032
-902440
-901942
-903033
-902442
-901944
-903025
-902434
-901936
-903026
-902435
-901937
-903016
-902426
-901930
-903007
-902418
-901923
-903023
-902432
-901936
-903009
-902419
-901923
-903020
-902429
-901931
-903003
-902414
-901917
-903038
-902447
-901943
-903039
-902448
-901946
-903062
-902467
-901961
-903052
-902460
-901952
-903064
-902471
-901958
-903010
-902421
-901927
-903015
-902424
-901929
-903028
-902437
-901940
-903049
-902454
-901950
-903042
-902447
-901944
-903042
-902447
-901944
-903048
-902455
-901951
-903042
-902448
-901948
-903039
-902445
-901947
-903050
-902456
-901951
-903044
-902450
-901947
-903040
-902446
-901945
-903049
-902455
-901951
-903049
-902454
-901950
-903045
-902451
-901947
-903040
-902447
-901943
-903043
-902449
-901943
-903045
-902452
-901948
-903046
-902454
-901949
-903052
-902458
-901949
-903038
-902443
-901942
-903046
-902452
-901947
-903042
-902449
-901945
-903052
-902460
-901949
-903022
-902430
-901934
-903039
-902446
-901944
-903045
-902452
-901946
-903045
-902452
-901946
-903054
-902461
-901952
-903050
-902456
-901953
-903047
-902454
-901949
-903064
-902471
-901960
-903055
-902461
-901956
-903050
-902455
-901952
-903067
-902472
-901965
-903061
-902466
-901958
-903035
-902441
-901946
-903040
-902445
-901949
-903060
-902465
-901960
-903058
-902462
-901957
-903055
-902458
-901957
-903003
-902414
-901919
-903056
-902462
-901951
-903036
-902441
-901938
-903044
-902450
-901945
-903035
-902443
-901938
-903036
-902443
-901938
-903038
-902446
-901942
-903038
-902445
-901942
-903042
-902449
-901942
-903040
-902450
-901940
-903014
-902422
-901926
-903041
-902447
-901944
-903044
-902451
-901943
-903058
-902465
-901958
-903048
-902456
-901951
-903049
-902458
-901955
-903059
-902465
-901957
-903047
-902453
-901951
-903052
-902459
-901954
-903051
-902459
-901954
-903004
-902414
-901919
-903044
-902451
-901943
-903048
-902454
-901944
-903040
-902446
-901942
-903044
-902450
-901946
-903040
-902447
-901941
-903038
-902447
-901938
-903026
-902433
-901935
-903041
-902447
-901944
-903048
-902455
-901950
-903053
-902461
-901956
-903065
-902472
-901960
-903052
-902458
-901955
-903050
-902458
-901954
-903061
-902468
-901959
-903056
-902462
-901958
-903060
-902465
-901958
-903042
-902449
-901949
-903036
-902442
-901943
-903050
-902455
-901951
-903038
-902444
-901944
-903042
-902447
-901945
-903044
-902451
-901946
-903044
-902451
-901945
-903047
-902454
-901950
-903048
-902457
-901947
-903033
-902440
-901940
-903036
-902442
-901943
-903046
-902454
-901949
-903059
-902466
-901955
-903056
-902462
-901956
-903043
-902451
-901948
-903046
-902454
-901951
-903049
-902456
-901951
-903058
-902464
-901954
-903046
-902452
-901948
-903046
-902451
-901952
-903055
-902459
-901957
-903059
-902463
-901958
-903013
-902423
-901929
-903047
-902455
-901947
-903018
-902426
-901928
-903054
-902461
-901948
-903042
-902450
-901942
-903018
-902425
-901928
-903053
-902460
-901948
-903004
-902414
-901916
-903044
-902450
-901947
-903040
-902450
-901948
-903044
-902453
-901948
-903023
-902430
-901935
-903050
-902458
-901952
-903025
-902435
-901933
-903010
-902421
-901925
-903023
-902430
-901931
-903042
-902451
-901941
-903024
-902433
-901936
-903003
-902413
-901918
-903062
-902470
-901958
-903033
-902440
-901941
-903041
-902447
-901943
-903049
-902457
-901946
-903020
-902427
-901929
-903040
-902447
-901942
-903037
-902443
-901937
-903037
-902443
-901937
-903034
-902442
-901938
-903036
-902443
-901939
-903036
-902443
-901938
-903035
-902442
-901936
-903066
-902473
-901961
-903043
-902449
-901949
-903051
-902457
-901954
-903044
-902452
-901949
-903041
-902449
-901947
-903048
-902457
-901953
-903049
-902457
-901952
-903038
-902446
-901939
-903012
-902419
-901921
-903047
-902454
-901942
-903031
-902440
-901935
-903020
-902428
-901926
-903049
-902456
-901945
-902996
-902405
-901908
-903007
-902419
-901925
-903033
-902441
-901940
-903012
-902423
-901927
-903022
-902431
-901934
-903026
-902437
-901931
-903018
-902424
-901924
-903026
-902435
-901936
-903020
-902430
-901934
-903034
-902443
-901939
-903001
-902409
-901910
-903033
-902440
-901933
-903041
-902447
-901936
-903032
-902439
-901941
-903031
-902442
-901934
-903017
-902428
-901931
-903024
-902433
-901937
-902997
-902407
-901913
-903050
-902458
-901948
-903027
-902433
-901934
-903037
-902443
-901943
-903034
-902442
-901936
-903036
-902443
-901937
-903038
-902446
-901941
-903035
-902443
-901937
-903065
-902472
-901961
-903040
-902447
-901950
-903059
-902466
-901955
-903027
-902435
-901939
-903047
-902456
-901951
-903054
-902462
-901955
-903040
-902446
-901942
-903032
-902438
-901937
-903016
-902426
-901926
-903024
-902432
-901935
-903023
-902433
-901930
-903001
-902413
-901919
-903025
-902431
-901932
-903012
-902421
-901923
-903044
-902451
-901945
-903015
-902425
-901927
-903027
-902437
-901939
-903030
-902440
-901943
-903045
-902455
-901951
-903043
-902453
-901947
-903061
-902468
-901956
-903024
-902433
-901929
-903004
-902415
-901921
-903022
-902428
-901929
-903044
-902453
-901941
-903054
-902463
-901956
-903061
-902466
-901957
-903045
-902453
-901947
-903040
-902450
-901948
-903050
-902458
-901951
-902986
-902397
-901908
-903035
-902442
-901936
-903035
-902442
-901934
-903042
-902450
-901940
-903032
-902438
-901938
-903042
-902448
-901943
-903046
-902454
-901942
-903030
-902436
-901935
-903042
-902447
-901943
-903049
-902456
-901951
-903053
-902461
-901956
-903050
-902458
-901954
-903054
-902461
-901950
-903054
-902460
-901953
-903066
-902472
-901961
-903055
-902461
-901957
-903016
-902422
-901924
-903006
-902413
-901912
-903019
-902428
-901932
-903021
-902431
-901935
-903036
-902445
-901940
-903031
-902440
-901933
-903046
-902452
-901940
-903029
-902440
-901933
-903032
-902439
-901941
-903014
-902425
-901929
-903030
-902437
-901938
-902999
-902408
-901910
-903036
-902443
-901936
-903047
-902453
-901942
-903034
-902443
-901936
-903051
-902457
-901945
-903017
-902427
-901930
-903023
-902433
-901937
-903039
-902448
-901943
-903019
-902430
-901932
-903035
-902443
-901943
-903012
-902424
-901927
-903032
-902440
-901939
-903030
-902437
-901934
-903034
-902442
-901939
-903037
-902445
-901938
-903041
-902449
-901937
-903036
-902443
-901939
-903050
-902459
-901949
-903045
-902452
-901948
-903052
-902460
-901954
-903050
-902458
-901953
-903060
-902468
-901958
-903064
-902470
-901959
-903013
-902424
-901924
-902998
-902410
-901916
-903016
-902424
-901927
-903015
-902425
-901930
-903042
-902448
-901946
-903037
-902444
-901944
-903042
-902448
-901946
-903044
-902449
-901946
-903048
-902452
-901948
-903045
-902449
-901945
-903046
-902453
-901947
-903039
-902446
-901942
-903044
-902451
-901948
-903049
-902456
-901945
-903016
-902424
-901927
-903038
-902444
-901941
-903045
-902453
-901946
-903055
-902462
-901953
-903053
-902459
-901955
-903040
-902448
-901944
-903042
-902450
-901947
-903048
-902455
-901949
-903055
-902461
-901951
-903045
-902450
-901953
-903049
-902454
-901952
-903056
-902460
-901955
-903006
-902415
-901921
-903035
-902442
-901935
-903050
-902456
-901945
-903029
-902434
-901935
-903038
-902444
-901940
-903031
-902439
-901935
-903036
-902443
-901939
-903038
-902445
-901940
-903064
-902470
-901957
-903045
-902450
-901948
-903046
-902455
-901951
-903056
-902463
-901953
-903031
-902438
-901942
-903051
-902459
-901955
-903058
-902465
-901952
-903037
-902444
-901940
-903031
-902438
-901934
-903033
-902441
-901938
-903037
-902444
-901939
-903051
-902457
-901946
-903043
-902448
-901943
-903054
-902462
-901957
-903058
-902466
-901958
-903045
-902454
-901951
-903066
-902472
-901960
-903044
-902449
-901947
-903047
-902451
-901947
-903041
-902450
-901942
-903013
-902422
-901928
-903041
-902449
-901945
-903052
-902459
-901949
-903021
-902429
-901934
-903040
-902448
-901944
-903044
-902452
-901948
-903056
-902463
-901953
-903043
-902451
-901947
-903059
-902465
-901954
)
;

boundaryField
{
    sphere_to_oil
    {
        type            calculated;
        value           nonuniform List<scalar> 
1536
(
-901906
-901908
-901909
-901911
-901904
-901917
-901922
-901914
-901914
-901918
-901906
-901901
-901914
-901921
-901902
-901920
-901885
-901890
-901904
-901913
-901913
-901897
-901900
-901900
-901902
-901900
-901896
-901901
-901911
-901915
-901915
-901915
-901915
-901893
-901893
-901902
-901894
-901896
-901903
-901895
-901902
-901895
-901913
-901911
-901910
-901916
-901902
-901903
-901916
-901921
-901922
-901922
-901904
-901904
-901915
-901912
-901919
-901921
-901909
-901911
-901915
-901912
-901916
-901899
-901906
-901904
-901896
-901916
-901916
-901917
-901881
-901929
-901925
-901920
-901881
-901923
-901924
-901926
-901920
-901890
-901899
-901902
-901915
-901904
-901917
-901912
-901922
-901921
-901920
-901912
-901916
-901900
-901905
-901899
-901905
-901902
-901891
-901917
-901915
-901919
-901919
-901881
-901917
-901919
-901923
-901920
-901879
-901930
-901927
-901922
-901923
-901925
-901901
-901904
-901915
-901919
-901923
-901918
-901914
-901916
-901922
-901916
-901900
-901910
-901898
-901904
-901908
-901914
-901898
-901902
-901906
-901915
-901917
-901920
-901922
-901903
-901905
-901906
-901923
-901918
-901908
-901909
-901910
-901911
-901916
-901914
-901893
-901904
-901901
-901882
-901885
-901905
-901904
-901900
-901903
-901909
-901891
-901906
-901880
-901897
-901890
-901904
-901891
-901892
-901899
-901890
-901900
-901902
-901887
-901900
-901919
-901920
-901921
-901920
-901924
-901920
-901894
-901911
-901898
-901880
-901890
-901883
-901890
-901884
-901904
-901890
-901903
-901917
-901917
-901924
-901930
-901919
-901921
-901916
-901913
-901919
-901917
-901915
-901923
-901920
-901921
-901928
-901909
-901908
-901906
-901914
-901921
-901911
-901911
-901916
-901917
-901919
-901923
-901918
-901919
-901915
-901920
-901922
-901925
-901931
-901920
-901920
-901916
-901924
-901927
-901908
-901911
-901913
-901913
-901919
-901906
-901908
-901908
-901913
-901905
-901904
-901901
-901912
-901915
-901926
-901925
-901912
-901899
-901910
-901919
-901921
-901921
-901911
-901905
-901910
-901927
-901906
-901911
-901912
-901915
-901915
-901913
-901904
-901907
-901893
-901890
-901897
-901912
-901887
-901900
-901901
-901898
-901917
-901907
-901907
-901905
-901913
-901915
-901917
-901918
-901914
-901916
-901918
-901919
-901904
-901903
-901899
-901911
-901913
-901930
-901924
-901925
-901904
-901907
-901900
-901899
-901909
-901910
-901921
-901918
-901919
-901935
-901934
-901932
-901936
-901932
-901933
-901930
-901924
-901923
-901885
-901896
-901889
-901887
-901907
-901885
-901901
-901925
-901924
-901925
-901921
-901924
-901921
-901912
-901913
-901908
-901917
-901911
-901913
-901908
-901908
-901906
-901916
-901909
-901903
-901906
-901911
-901915
-901925
-901929
-901918
-901921
-901915
-901917
-901913
-901919
-901919
-901918
-901915
-901923
-901926
-901931
-901934
-901934
-901932
-901932
-901930
-901921
-901910
-901909
-901906
-901914
-901901
-901908
-901909
-901906
-901905
-901915
-901907
-901898
-901913
-901919
-901920
-901928
-901929
-901924
-901922
-901920
-901928
-901923
-901919
-901919
-901907
-901900
-901904
-901907
-901909
-901902
-901916
-901923
-901905
-901898
-901899
-901901
-901905
-901900
-901914
-901915
-901926
-901924
-901918
-901921
-901922
-901917
-901928
-901920
-901915
-901920
-901915
-901925
-901931
-901921
-901921
-901917
-901924
-901928
-901930
-901925
-901930
-901929
-901923
-901926
-901921
-901912
-901915
-901903
-901921
-901914
-901909
-901909
-901907
-901915
-901915
-901910
-901909
-901919
-901922
-901915
-901927
-901924
-901929
-901920
-901912
-901914
-901910
-901919
-901919
-901915
-901923
-901927
-901935
-901933
-901932
-901931
-901931
-901932
-901924
-901924
-901892
-901899
-901899
-901883
-901894
-901886
-901901
-901916
-901902
-901906
-901903
-901908
-901909
-901905
-901916
-901907
-901906
-901904
-901914
-901907
-901904
-901905
-901895
-901925
-901920
-901920
-901915
-901928
-901918
-901919
-901913
-901923
-901920
-901915
-901914
-901887
-901872
-901893
-901878
-901876
-901878
-901926
-901920
-901908
-901912
-901913
-901916
-901875
-901890
-901877
-901875
-901894
-901886
-901868
-901929
-901928
-901928
-901927
-901922
-901914
-901915
-901910
-901914
-901908
-901906
-901902
-901915
-901904
-901909
-901892
-901914
-901906
-901901
-901901
-901917
-901922
-901911
-901917
-901919
-901921
-901921
-901922
-901917
-901921
-901921
-901916
-901927
-901919
-901919
-901915
-901925
-901919
-901920
-901916
-901917
-901924
-901920
-901919
-901910
-901905
-901923
-901908
-901896
-901900
-901887
-901897
-901890
-901899
-901902
-901898
-901883
-901899
-901889
-901895
-901913
-901892
-901908
-901904
-901898
-901911
-901900
-901907
-901893
-901907
-901905
-901898
-901901
-901900
-901887
-901893
-901902
-901905
-901900
-901913
-901916
-901903
-901907
-901900
-901915
-901914
-901918
-901918
-901920
-901922
-901920
-901925
-901920
-901916
-901918
-901913
-901924
-901924
-901918
-901917
-901913
-901925
-901927
-901878
-901894
-901879
-901877
-901895
-901890
-901874
-901925
-901923
-901924
-901925
-901920
-901915
-901913
-901907
-901875
-901874
-901896
-901898
-901871
-901888
-901873
-901891
-901903
-901916
-901928
-901925
-901927
-901925
-901928
-901928
-901926
-901911
-901916
-901908
-901911
-901906
-901903
-901908
-901903
-901898
-901901
-901898
-901909
-901913
-901916
-901908
-901909
-901902
-901915
-901918
-901917
-901916
-901912
-901926
-901915
-901922
-901914
-901933
-901936
-901925
-901921
-901923
-901921
-901926
-901923
-901923
-901919
-901922
-901926
-901920
-901921
-901914
-901918
-901924
-901928
-901924
-901923
-901924
-901919
-901930
-901930
-901919
-901918
-901916
-901924
-901928
-901890
-901896
-901910
-901905
-901892
-901896
-901906
-901914
-901896
-901921
-901921
-901922
-901923
-901924
-901925
-901923
-901913
-901915
-901907
-901920
-901917
-901911
-901909
-901906
-901916
-901896
-901893
-901910
-901917
-901920
-901913
-901926
-901923
-901930
-901912
-901914
-901908
-901916
-901919
-901924
-901917
-901916
-901913
-901933
-901933
-901931
-901932
-901933
-901930
-901923
-901912
-901903
-901906
-901898
-901910
-901905
-901904
-901899
-901912
-901903
-901902
-901906
-901916
-901914
-901909
-901922
-901915
-901917
-901912
-901912
-901928
-901925
-901919
-901917
-901912
-901916
-901914
-901920
-901921
-901930
-901906
-901906
-901903
-901911
-901913
-901919
-901903
-901909
-901905
-901906
-901907
-901907
-901904
-901910
-901914
-901916
-901925
-901924
-901918
-901919
-901928
-901930
-901926
-901925
-901925
-901920
-901931
-901931
-901917
-901925
-901920
-901921
-901927
-901923
-901926
-901920
-901920
-901917
-901920
-901921
-901919
-901921
-901919
-901923
-901924
-901922
-901913
-901911
-901910
-901917
-901911
-901915
-901900
-901900
-901922
-901913
-901913
-901910
-901918
-901905
-901904
-901911
-901914
-901920
-901927
-901928
-901918
-901920
-901914
-901916
-901924
-901920
-901918
-901915
-901925
-901926
-901912
-901916
-901916
-901920
-901923
-901925
-901926
-901920
-901917
-901915
-901912
-901922
-901905
-901913
-901920
-901927
-901920
-901917
-901924
-901920
-901914
-901916
-901916
-901923
-901914
-901917
-901917
-901906
-901926
-901919
-901923
-901904
-901894
-901913
-901918
-901919
-901919
-901916
-901904
-901914
-901905
-901913
-901897
-901918
-901913
-901892
-901907
-901923
-901915
-901912
-901922
-901910
-901920
-901910
-901920
-901906
-901912
-901908
-901888
-901904
-901895
-901925
-901914
-901924
-901906
-901909
-901915
-901905
-901907
-901891
-901903
-901918
-901904
-901893
-901897
-901894
-901910
-901908
-901897
-901916
-901898
-901892
-901904
-901919
-901902
-901907
-901909
-901913
-901914
-901922
-901920
-901917
-901923
-901897
-901915
-901916
-901918
-901924
-901898
-901906
-901914
-901915
-901924
-901923
-901925
-901919
-901923
-901914
-901921
-901901
-901914
-901900
-901906
-901892
-901908
-901914
-901915
-901908
-901913
-901892
-901924
-901918
-901920
-901928
-901908
-901888
-901901
-901888
-901919
-901917
-901889
-901899
-901879
-901916
-901922
-901915
-901915
-901884
-901920
-901924
-901918
-901917
-901929
-901925
-901904
-901895
-901910
-901898
-901889
-901916
-901902
-901915
-901906
-901919
-901902
-901913
-901887
-901917
-901920
-901916
-901920
-901923
-901923
-901921
-901927
-901890
-901897
-901883
-901914
-901928
-901917
-901915
-901900
-901882
-901898
-901883
-901905
-901911
-901916
-901919
-901917
-901911
-901920
-901920
-901924
-901920
-901929
-901926
-901901
-901907
-901906
-901907
-901906
-901914
-901921
-901918
-901894
-901907
-901913
-901922
-901923
-901915
-901905
-901910
-901929
-901923
-901918
-901916
-901922
-901922
-901915
-901912
-901926
-901892
-901899
-901911
-901921
-901905
-901924
-901894
-901902
-901920
-901918
-901908
-901920
-901900
-901909
-901918
-901919
-901922
-901907
-901921
-901897
-901909
-901923
-901899
-901909
-901920
-901891
-901902
-901916
-901922
-901920
-901922
-901917
-901915
-901929
-901918
-901909
-901922
-901913
-901914
-901927
-901899
-901888
-901892
-901907
-901920
-901888
-901903
-901920
-901919
-901918
-901916
-901918
-901907
-901929
-901914
-901906
-901922
-901892
-901892
-901915
-901916
-901925
-901917
-901921
-901916
-901917
-901920
-901920
-901925
-901916
-901927
-901908
-901908
-901913
-901912
-901928
-901915
-901914
-901907
-901913
-901919
-901929
-901930
-901934
-901928
-901924
-901918
-901923
-901924
-901923
-901920
-901907
-901907
-901905
-901911
-901921
-901914
-901910
-901899
-901912
-901916
-901914
-901922
-901923
-901928
-901918
-901907
-901904
-901910
-901909
-901928
-901908
-901915
-901924
-901907
-901906
-901919
-901914
-901922
-901908
-901901
-901910
-901918
-901917
-901910
-901914
-901917
-901925
-901926
-901929
-901922
-901918
-901914
-901905
-901912
-901906
-901914
-901914
-901916
-901920
-901928
-901934
-901931
-901916
-901917
-901911
-901910
-901905
-901899
-901911
-901898
-901903
-901892
-901916
-901918
-901930
-901922
-901925
-901902
-901904
-901914
-901921
-901917
-901917
-901923
-901920
-901919
-901922
-901919
-901918
-901922
-901922
-901919
-901915
-901914
-901920
-901920
-901919
-901914
-901919
-901917
-901919
-901908
-901916
-901918
-901917
-901922
-901926
-901920
-901929
-901926
-901924
-901935
-901929
-901920
-901924
-901932
-901929
-901929
-901895
-901920
-901909
-901916
-901910
-901910
-901914
-901914
-901913
-901911
-901900
-901916
-901913
-901928
-901923
-901927
-901927
-901923
-901925
-901926
-901895
-901913
-901914
-901913
-901917
-901912
-901909
-901908
-901916
-901922
-901928
-901930
-901927
-901925
-901929
-901929
-901928
-901921
-901917
-901922
-901917
-901918
-901917
-901917
-901922
-901918
-901912
-901915
-901921
-901925
-901927
-901920
-901923
-901922
-901924
-901920
-901926
-901929
-901930
-901903
-901918
-901901
-901917
-901914
-901901
-901917
-901891
-901917
-901921
-901920
-901909
-901923
-901906
-901900
-901905
-901914
-901910
-901893
-901926
-901913
-901915
-901916
-901902
-901914
-901909
-901909
-901911
-901910
-901909
-901907
-901931
-901921
-901925
-901921
-901919
-901925
-901923
-901910
-901893
-901911
-901907
-901897
-901913
-901882
-901901
-901913
-901902
-901908
-901905
-901895
-901909
-901907
-901910
-901883
-901904
-901905
-901914
-901908
-901906
-901912
-901888
-901918
-901907
-901915
-901906
-901909
-901913
-901909
-901931
-901923
-901925
-901912
-901923
-901925
-901912
-901908
-901900
-901909
-901904
-901896
-901905
-901897
-901913
-901901
-901912
-901917
-901922
-901918
-901924
-901902
-901897
-901903
-901913
-901927
-901925
-901919
-901920
-901922
-901884
-901908
-901905
-901911
-901910
-901914
-901912
-901906
-901915
-901923
-901927
-901925
-901921
-901924
-901930
-901928
-901896
-901886
-901906
-901909
-901912
-901905
-901908
-901907
-901913
-901904
-901911
-901884
-901906
-901910
-901908
-901912
-901903
-901910
-901914
-901908
-901916
-901903
-901913
-901907
-901911
-901910
-901908
-901910
-901919
-901919
-901926
-901924
-901929
-901928
-901899
-901894
-901902
-901905
-901918
-901917
-901919
-901918
-901919
-901918
-901918
-901914
-901919
-901915
-901900
-901912
-901916
-901923
-901926
-901917
-901920
-901920
-901922
-901926
-901925
-901927
-901895
-901907
-901914
-901907
-901912
-901907
-901911
-901911
-901926
-901919
-901923
-901924
-901915
-901926
-901921
-901912
-901907
-901910
-901910
-901916
-901914
-901928
-901929
-901923
-901930
-901919
-901919
-901914
-901903
-901916
-901919
-901908
-901916
-901920
-901924
-901919
-901924
)
;
    }
}


// ************************************************************************* //
