/*--------------------------------*- C++ -*----------------------------------*\
| =========                 |                                                 |
| \\      /  F ield         | OpenFOAM: The Open Source CFD Toolbox           |
|  \\    /   O peration     | Version:  v1912                                 |
|   \\  /    A nd           | Website:  www.openfoam.com                      |
|    \\/     M anipulation  |                                                 |
\*---------------------------------------------------------------------------*/
FoamFile
{
    version     2.0;
    format      ascii;
    class       volScalarField;
    location    "430/sphere";
    object      ddt0((betavSolid*thermo:rho),h);
}
// * * * * * * * * * * * * * * * * * * * * * * * * * * * * * * * * * * * * * //

dimensions      [1 -1 -3 0 0 0 0];


internalField   nonuniform List<scalar> 
6600
(
-45636.8
-45645.3
-45644.5
-45663.7
-45639.7
-45639.4
-45645.1
-45701.4
-45713.4
-45678.8
-45644.3
-45713
-45724.8
-45691.9
-45674
-45691.4
-45664
-45644.2
-45663
-45639.7
-45644.3
-45712.7
-45724.8
-45692
-45661.3
-45724.5
-45736.3
-45703.8
-45645.1
-45638
-45691.1
-45702.9
-45682.2
-45643.7
-45639.2
-45677.6
-45692
-45661.7
-45638.5
-45691
-45703.3
-45682
-45660.3
-45681.6
-45650.3
-45644
-45644.1
-45644
-45643.2
-45644.1
-45637.3
-45663.8
-45646.1
-45691.8
-45679.3
-45703.5
-45692.5
-45679.1
-45703.3
-45691.9
-45645.4
-45637.3
-45663.7
-45645.9
-45692
-45691.6
-45679
-45663.6
-45645.7
-45645.7
-45637.5
-45643.1
-45643.1
-45642.8
-45642.3
-45640
-45642.3
-45643
-45640.2
-45642.2
-45642.8
-45640
-45643.2
-45648
-45639.2
-45639.1
-45660.7
-45681.6
-45639.2
-45639.3
-45681.7
-45661.8
-45650.4
-45638.8
-45660.6
-45638.5
-45681.4
-45644.8
-45644.6
-45662.6
-45678.4
-45691.6
-45691.2
-45702.8
-45643.1
-45652.6
-45650.1
-45670
-45664.1
-45659.6
-45672.6
-45639.6
-45661.7
-45682.2
-45639.7
-45638.8
-45638.6
-45681.3
-45660.7
-45662.6
-45636.6
-45645.2
-45691.4
-45702.6
-45678.4
-45691.4
-45646.1
-45645.9
-45637.4
-45703.3
-45692.4
-45691.8
-45679.4
-45682.2
-45639.7
-45661.9
-45647.9
-45639
-45660.5
-45681.6
-45639.2
-45681.8
-45661.8
-45639.4
-45650.4
-45643.1
-45643.7
-45660.3
-45638.7
-45638.4
-45681.1
-45644.7
-45674.1
-45691.1
-45644.5
-45662.2
-45691.2
-45702.4
-45637.4
-45691.7
-45679.2
-45662.9
-45645.6
-45702.8
-45692
-45664
-45639.5
-45682.1
-45639.5
-45642.3
-45673.9
-45644.4
-45690.7
-45644.2
-45690.9
-45661.3
-45701.7
-45637.5
-45692.2
-45646.2
-45691.8
-45646
-45703.7
-45665
-45645.1
-45642.3
-45690.7
-45673.9
-45661.3
-45702.2
-45644.3
-45691.3
-45645.9
-45679.3
-45637.8
-45703.6
-45665
-45692.3
-45646
-45645.1
-45660.4
-45638.1
-45681.3
-45638.6
-45691.2
-45644.8
-45690.9
-45702.4
-45644.3
-45662.2
-45679
-45645.1
-45637.4
-45702.9
-45692.1
-45662.9
-45645.9
-45682.1
-45639.7
-45639.5
-45643.2
-45643.7
-45643.2
-45643.7
-45638.6
-45638.1
-45681.1
-45660.2
-45662.2
-45690.8
-45702.3
-45644.9
-45673.9
-45691.4
-45645.6
-45702.8
-45691.9
-45645
-45637.3
-45691.7
-45679.1
-45682.1
-45639.6
-45663.9
-45642.3
-45690.8
-45661.3
-45701.7
-45673.7
-45644.2
-45691.2
-45646.1
-45703.7
-45665
-45679
-45637.6
-45692
-45646
-45645.1
-45642.2
-45702.1
-45644.3
-45690.8
-45644.1
-45691.4
-45674
-45665
-45692.5
-45646.2
-45692.2
-45646.1
-45679.2
-45637.8
-45681.2
-45638.7
-45660.3
-45702.2
-45644.3
-45662.2
-45673.7
-45691.1
-45644.8
-45692.2
-45662.9
-45645.8
-45691.4
-45679.1
-45645.2
-45637.3
-45639.8
-45639.4
-45664.1
-45643.2
-45647.7
-45638.9
-45660.3
-45681.6
-45638.7
-45681.7
-45661.8
-45639.3
-45650.4
-45660.6
-45638.4
-45681.1
-45638.8
-45691.3
-45690.6
-45702.4
-45636.7
-45645.1
-45644.6
-45662.5
-45682
-45639.4
-45639.7
-45681.1
-45660.3
-45638.7
-45702.6
-45677.8
-45691.2
-45644.7
-45662.4
-45636.7
-45645.1
-45639.8
-45661.6
-45639.5
-45647.7
-45681.5
-45639
-45639.1
-45661.6
-45639.3
-45639.3
-45638.2
-45636.3
-45636
-45637.8
-45636.6
-45639.1
-45636.8
-45638.7
-45636.8
-45638.7
-45636.7
-45638.3
-45636.5
-45635.5
-45635.9
-45640.4
-45640
-45637
-45642.8
-45642.2
-45639.8
-45638.9
-45636.6
-45638.2
-45636.5
-45640.3
-45640.1
-45645.9
-45664.4
-45646.5
-45654.1
-45654.1
-45643.2
-45653.6
-45650.3
-45670.2
-45664.8
-45659.6
-45673.4
-45642.9
-45652.6
-45649.9
-45669.8
-45664.1
-45659.5
-45672.5
-45640.2
-45640.2
-45645.9
-45664.2
-45646.1
-45654
-45653.9
-45643.3
-45653.3
-45650.3
-45670.1
-45664.6
-45659.7
-45673.1
-45653.1
-45643.3
-45650.1
-45670
-45664.4
-45673
-45659.7
-45652.8
-45643.1
-45650
-45669.8
-45664.1
-45672.6
-45659.6
-45640.2
-45640.2
-45645.8
-45664.3
-45646.4
-45654.3
-45654.2
-45636.6
-45635.6
-45640.4
-45639.9
-45636.7
-45640.3
-45639.8
-45636.7
-45636.5
-45639.5
-45639.4
-45644.8
-45663.1
-45645.6
-45653.5
-45653.3
-45639.3
-45644
-45637.7
-45650.4
-45668.4
-45642.1
-45663.2
-45647.8
-45671.3
-45658.5
-45637.8
-45652.9
-45640.2
-45641.6
-45649.5
-45637.3
-45638.8
-45643.5
-45637.5
-45640.1
-45652.3
-45649.3
-45641.2
-45659.6
-45638.4
-45644
-45638.1
-45651.5
-45642.7
-45651.8
-45669.3
-45642.9
-45663.6
-45651
-45659.5
-45648.6
-45671.8
-45637.8
-45639.3
-45644.1
-45659.5
-45643.6
-45637.8
-45638
-45651
-45651.4
-45642.6
-45667.4
-45662.8
-45641.4
-45650.2
-45657.8
-45670.9
-45647
-45639
-45637
-45636.9
-45638
-45642.7
-45646
-45650.4
-45649.9
-45673.2
-45640.5
-45659
-45658.3
-45636.7
-45667.4
-45650.4
-45662.7
-45641.5
-45670.9
-45647.2
-45657.7
-45674.9
-45660.3
-45680.6
-45657.6
-45678
-45654.6
-45677.5
-45640.4
-45652.8
-45637.3
-45641.6
-45649.6
-45667.3
-45662.7
-45650.2
-45641.6
-45670.9
-45657.7
-45647.1
-45639.3
-45637.3
-45673.1
-45679.2
-45656.3
-45656.1
-45676.2
-45676.1
-45651.7
-45643.5
-45643.4
-45640.7
-45639.6
-45651.6
-45636.5
-45640.7
-45648.4
-45635.7
-45642.4
-45640.7
-45638.5
-45637
-45638.2
-45642.9
-45640.1
-45637.5
-45652
-45649
-45640.9
-45636.9
-45638.2
-45643.1
-45672.9
-45648.8
-45658.7
-45645.7
-45648.7
-45658.2
-45639.4
-45639.4
-45651.4
-45637
-45648.7
-45640.5
-45645
-45672.2
-45647.6
-45647.5
-45657.6
-45657.5
-45638.8
-45640
-45641.2
-45641.2
-45637.7
-45635.7
-45640
-45640.3
-45636.7
-45636.1
-45639.4
-45639.2
-45639.2
-45637.4
-45638.7
-45643.7
-45637.4
-45652
-45639.9
-45641
-45649
-45637.1
-45638.4
-45643
-45639.8
-45636.8
-45652
-45641.1
-45648.5
-45645.1
-45648.2
-45647.4
-45672.3
-45638.9
-45658.1
-45657.1
-45637.2
-45652.2
-45649.3
-45640
-45641.1
-45639.3
-45644
-45637.8
-45640
-45637.6
-45652.2
-45641.1
-45649.3
-45637.7
-45639.3
-45644
-45648.8
-45672.9
-45658.5
-45645.7
-45648.8
-45639.5
-45658.2
-45640.2
-45641.1
-45641
-45637.6
-45637.2
-45638.7
-45643.6
-45637
-45639.8
-45652.1
-45649
-45640.9
-45637
-45638.1
-45642.6
-45645
-45647.9
-45647.3
-45672.3
-45638.8
-45658
-45656.9
-45639.7
-45636.5
-45651.8
-45640.9
-45648.4
-45650.9
-45642.3
-45663.5
-45648
-45671.8
-45668.7
-45658.9
-45642.1
-45650.4
-45647.8
-45668.5
-45663.2
-45658.8
-45671.4
-45637.5
-45652.9
-45649.4
-45640.1
-45641.6
-45648.8
-45672.8
-45658.4
-45645.6
-45648.5
-45639.5
-45658.3
-45637.9
-45639.5
-45644.1
-45640.3
-45637.9
-45652.7
-45641.4
-45649.6
-45639.6
-45636.8
-45652.1
-45640.9
-45648.9
-45637.1
-45638.9
-45643.5
-45639.6
-45651.6
-45636.4
-45640.7
-45648.2
-45636.8
-45637.9
-45642.6
-45644.8
-45648.2
-45672.2
-45647.3
-45657.9
-45638.8
-45656.9
-45657
-45657.4
-45680.5
-45674.1
-45652.6
-45677.1
-45677.4
-45663
-45639.5
-45639.6
-45645.5
-45644.8
-45653.1
-45653.4
-45651.3
-45668.6
-45642.6
-45663.8
-45648.1
-45672
-45658.8
-45653.5
-45643.4
-45664.9
-45650.2
-45673.4
-45670.3
-45660.1
-45653
-45643.4
-45650.3
-45670.1
-45664.4
-45672.8
-45659.8
-45640.3
-45640.1
-45645.9
-45664.5
-45646.3
-45654.4
-45654.2
-45637.9
-45639.4
-45644.2
-45640.3
-45652.7
-45637.6
-45641.4
-45649.4
-45645.9
-45648.9
-45673.1
-45649
-45658.8
-45639.5
-45658.4
-45637.8
-45639.4
-45644.1
-45639.9
-45639.5
-45639.3
-45639.9
-45636.9
-45652.2
-45649
-45641.1
-45644.9
-45648.2
-45672.1
-45647.3
-45657.7
-45638.5
-45657
-45637.2
-45638.3
-45642.9
-45639.9
-45652.1
-45637.3
-45641.1
-45648.7
-45637.8
-45639.3
-45644
-45645.6
-45648.8
-45672.8
-45648.7
-45658.6
-45639.3
-45658.1
-45640.3
-45652.4
-45637.4
-45641.2
-45649.4
-45637.7
-45639.2
-45643.9
-45640.1
-45641.3
-45641.2
-45637.7
-45636.1
-45635.9
-45640.1
-45639.7
-45636.5
-45636.8
-45640.7
-45642.4
-45638.8
-45638.5
-45636.5
-45637
-45638.3
-45643.2
-45637
-45638.1
-45642.8
-45644.8
-45647.6
-45647.3
-45671.9
-45638.7
-45657.5
-45656.9
-45639.5
-45636.9
-45651.6
-45648.6
-45640.6
-45639.5
-45636.5
-45651.4
-45648.3
-45640.6
-45667.5
-45642
-45663.1
-45650.6
-45658
-45647.3
-45671.3
-45667.7
-45642.1
-45650.2
-45663
-45647.2
-45658.7
-45671
-45673.4
-45656.8
-45656.5
-45680
-45652.1
-45676.9
-45676.6
-45663.8
-45640
-45646.5
-45640.1
-45654.1
-45645.3
-45654
-45675
-45657.6
-45660.3
-45680.6
-45654.5
-45677.5
-45678
-45669.5
-45642.9
-45652.7
-45664.4
-45649.4
-45659.7
-45672.7
-45646.1
-45650.1
-45650.1
-45673.3
-45640.5
-45658.8
-45658.8
-45637.9
-45639.6
-45644.3
-45640.2
-45637.5
-45652.5
-45649.4
-45641.2
-45640.3
-45637.6
-45652.6
-45649.4
-45641.3
-45635.2
-45635.5
-45639.4
-45639.4
-45636.2
-45667.2
-45641.6
-45662.8
-45650.1
-45657.8
-45647
-45670.7
-45667.4
-45641.5
-45662.7
-45650
-45658
-45647
-45670.8
-45673.1
-45656.1
-45656.3
-45679.2
-45651.8
-45676.1
-45676.3
-45664.5
-45646.5
-45640.4
-45640.3
-45654.3
-45654.3
-45646
-45670.5
-45643.6
-45664.8
-45653.8
-45660.1
-45650.6
-45673.6
-45670.2
-45643.3
-45664.7
-45653.6
-45659.8
-45650.2
-45673.4
-45676.1
-45661.7
-45661.7
-45682.6
-45656.7
-45679.3
-45679.3
-45639.2
-45636.8
-45639.3
-45636.7
-45643.3
-45643.4
-45640.4
-45635.6
-45639.6
-45639.4
-45636.6
-45635.2
-45659.9
-45637.9
-45643.7
-45637.9
-45651.1
-45642.5
-45651.5
-45673.3
-45656.5
-45679.2
-45656.2
-45676.3
-45652.1
-45676.2
-45667.5
-45641.7
-45650.3
-45662.9
-45647
-45658.2
-45670.9
-45670.3
-45664.7
-45643.3
-45653.5
-45659.9
-45673.4
-45650.4
-45664.6
-45640.6
-45646.7
-45640.4
-45654.3
-45646.1
-45654.4
-45676.1
-45661.7
-45682.6
-45661.8
-45679.3
-45656.9
-45679.3
-45670.3
-45643.3
-45653.6
-45664.7
-45650.4
-45659.8
-45673.5
-45643.3
-45643.4
-45640.6
-45639.1
-45636.9
-45644.8
-45647.2
-45647.8
-45672
-45638.7
-45656.9
-45657.5
-45637.1
-45638.3
-45643
-45639.7
-45636.4
-45651.7
-45648.6
-45640.8
-45639.6
-45636.8
-45651.7
-45648.5
-45640.7
-45659.7
-45643.7
-45638.1
-45638
-45651.5
-45651.4
-45642.6
-45667.7
-45663.3
-45641.9
-45650.9
-45658.3
-45671.5
-45647.5
-45667.4
-45641.7
-45662.8
-45650.1
-45658.1
-45647.2
-45670.8
-45673.6
-45657.2
-45680
-45656.6
-45677.1
-45652.6
-45676.5
-45669.1
-45663.6
-45642.7
-45651.2
-45659
-45671.9
-45648.6
-45663.6
-45646.4
-45639.7
-45640.1
-45653.6
-45654
-45645.2
-45675
-45657.7
-45680.6
-45660.3
-45677.6
-45654.5
-45678
-45669.6
-45643
-45664.6
-45653.1
-45659.5
-45649.6
-45672.9
-45637.9
-45639.6
-45644.3
-45637.7
-45639.4
-45644
-45640.2
-45637.7
-45652.5
-45649.3
-45641.2
-45640.3
-45637.2
-45652.7
-45649.4
-45641.3
-45636.6
-45636
-45640.4
-45639.9
-45637.3
-45640.7
-45642.5
-45638.9
-45638.5
-45636.5
-45635.9
-45639.9
-45640.3
-45637.3
-45636.2
-45642.4
-45640.7
-45638.8
-45638.3
-45636.3
-45636.3
-45639.5
-45651.5
-45636.6
-45640.5
-45648.3
-45639.4
-45651.5
-45636
-45640.5
-45648.3
-45636.9
-45638.1
-45642.7
-45637
-45638.3
-45642.8
-45644.8
-45671.9
-45647.1
-45647.6
-45656.9
-45657.3
-45638.6
-45673.6
-45656.8
-45680.1
-45657.1
-45676.7
-45652.5
-45677
-45659.6
-45637.8
-45638.2
-45643.7
-45642.6
-45651.2
-45651.5
-45667.7
-45650.8
-45642
-45663.3
-45647.5
-45671.5
-45658.3
-45669.4
-45652.7
-45664.4
-45642.8
-45672.7
-45649.3
-45659.4
-45669.1
-45651.2
-45642.8
-45663.5
-45648.4
-45671.9
-45659.1
-45663.7
-45640
-45639.8
-45646.2
-45645
-45653.9
-45653.7
-45640.4
-45652.6
-45638
-45641.4
-45649.5
-45637.7
-45639.3
-45644.1
-45645.9
-45673.1
-45650.2
-45649.8
-45658.8
-45658.3
-45640.4
-45637.6
-45639.4
-45644.1
-45635.7
-45639.5
-45639.4
-45636.6
-45635.4
-45673.2
-45656.3
-45679.2
-45656.1
-45676.3
-45652.1
-45676.1
-45659.5
-45637.6
-45643.7
-45638
-45651.2
-45642.4
-45651.5
-45667.5
-45649.8
-45641.7
-45662.8
-45647.1
-45670.7
-45658.2
-45670.3
-45664.7
-45653.7
-45643.5
-45673.5
-45660
-45650.5
-45676.1
-45661.8
-45682.6
-45661.8
-45679.3
-45657
-45679.3
-45664.5
-45640.4
-45646.3
-45640.2
-45654.5
-45646.1
-45654.2
-45670.3
-45653.6
-45643.3
-45664.7
-45650.4
-45673.5
-45659.8
-45643.4
-45643.4
-45640.7
-45639
-45637
-45639.4
-45639.3
-45636.3
-45635.2
-45635.3
-45667.2
-45650
-45662.8
-45641.6
-45670.8
-45646.9
-45657.9
-45667.4
-45649.8
-45662.7
-45641.9
-45670.6
-45647
-45658.6
-45659.4
-45637.5
-45638.1
-45643.7
-45642.4
-45651.1
-45651.7
-45676.2
-45682.6
-45661.8
-45661.8
-45679.4
-45679.3
-45656.9
-45670.4
-45653.8
-45664.8
-45643.4
-45673.6
-45650.5
-45659.8
-45670.4
-45653.7
-45664.8
-45643.4
-45673.6
-45650.5
-45659.9
-45664.6
-45640.3
-45640.5
-45646.6
-45646
-45654.4
-45654.3
-45639.2
-45637.1
-45639.1
-45636.9
-45639.4
-45651.7
-45637.1
-45640.7
-45648.7
-45636.7
-45638
-45642.6
-45644.8
-45672
-45647.3
-45647.7
-45656.9
-45657.4
-45638.6
-45637.1
-45638.2
-45643
-45667.7
-45662.8
-45649.9
-45641.9
-45670.8
-45658.5
-45647.3
-45673.5
-45680
-45656.7
-45657
-45676.6
-45676.9
-45652.3
-45659.9
-45638.3
-45643.7
-45638.1
-45651.8
-45642.9
-45651.2
-45667.6
-45650.7
-45663.2
-45641.7
-45671.3
-45647.3
-45657.9
-45674.8
-45680.5
-45660.3
-45657.5
-45678
-45677.4
-45654.2
-45669.6
-45664.5
-45652.9
-45642.9
-45672.8
-45659.7
-45649.5
-45669.1
-45651.1
-45663.6
-45643
-45671.8
-45648.6
-45659.1
-45663.8
-45640.1
-45646.2
-45639.9
-45654.1
-45645.4
-45653.7
-45640.3
-45652.6
-45637.7
-45641.3
-45649.3
-45640.3
-45652.6
-45637.5
-45641.3
-45649.4
-45646.1
-45673.4
-45650.4
-45649.9
-45659.2
-45658.4
-45640.6
-45638
-45639.5
-45644.3
-45637.6
-45639.3
-45644
-45639.9
-45640.3
-45636.8
-45636.2
-45638.4
-45636.2
-45636.5
-45639
-45639.1
-45639.5
-45639.9
-45637.1
-45652
-45648.8
-45641.1
-45644.8
-45647.6
-45672
-45647.5
-45657.4
-45638.6
-45657.4
-45637.2
-45638.7
-45643.4
-45652.2
-45636.4
-45639.9
-45641.1
-45648.9
-45637.7
-45639.3
-45644
-45672.8
-45648.6
-45658
-45645.6
-45648.9
-45658.6
-45639.4
-45637.5
-45652.3
-45649.3
-45640
-45641.1
-45638.9
-45643.8
-45637.6
-45640
-45641.1
-45641.2
-45637.7
-45644.8
-45647.7
-45672.1
-45647.7
-45657.5
-45638.6
-45657.2
-45639.4
-45636.8
-45651.6
-45648.6
-45640.6
-45636.9
-45638.5
-45643.2
-45637
-45639.5
-45651.7
-45648.6
-45640.7
-45639.4
-45639.2
-45644.4
-45662.8
-45645.4
-45653.1
-45653
-45651.2
-45663.7
-45642.5
-45672
-45648.1
-45668.6
-45658.8
-45642.1
-45650.6
-45647.7
-45668.3
-45663
-45658.5
-45671.2
-45637.5
-45639.2
-45644.1
-45640.1
-45637.6
-45652.6
-45649.4
-45641.4
-45639.3
-45644
-45637.7
-45637.6
-45652.6
-45649.4
-45640.3
-45641.5
-45636.9
-45638.1
-45643.1
-45644.6
-45671.9
-45647.6
-45647.5
-45657.4
-45657.2
-45638.6
-45637
-45639.5
-45651.6
-45640.6
-45648.6
-45637.1
-45638.5
-45643.3
-45650.5
-45642.4
-45647.9
-45668.3
-45663.1
-45671.3
-45658.5
-45639.3
-45639.5
-45644.5
-45662.8
-45645.7
-45653.1
-45653.2
-45651.1
-45663.6
-45642.2
-45671.8
-45647.8
-45668.4
-45658.7
-45640.4
-45652.9
-45637.7
-45649.7
-45641.5
-45672.7
-45648.5
-45658.3
-45645.8
-45648.7
-45658.3
-45639.6
-45637.9
-45639.6
-45644.2
-45637.9
-45652.4
-45649.3
-45640.1
-45641.2
-45639.2
-45644.1
-45637.7
-45639.2
-45638.9
-45639.4
-45637.4
-45638.3
-45642.9
-45639.8
-45651.9
-45636.5
-45648.4
-45641
-45637.4
-45638.9
-45643.5
-45652
-45636.9
-45639.8
-45648.8
-45640.9
-45672.7
-45648.7
-45658.5
-45645.6
-45648.8
-45658.1
-45639.5
-45640.1
-45652.1
-45637.4
-45649
-45641.1
-45637.7
-45639.2
-45643.8
-45637.4
-45652.2
-45649.1
-45640.1
-45641.1
-45639.2
-45644
-45637.7
-45661.1
-45660.3
-45681.4
-45656.1
-45678.8
-45675.6
-45678.2
-45713.4
-45712.9
-45724.6
-45712.8
-45724.3
-45724
-45735.5
-45701.6
-45725.2
-45713.9
-45724.6
-45713.2
-45736.1
-45725.1
-45724.4
-45701.3
-45712.9
-45724.5
-45735.6
-45713.2
-45724.3
-45713.6
-45713.3
-45702
-45736.1
-45725.1
-45724.9
-45713.8
-45678.3
-45683.3
-45658.8
-45683.5
-45669.5
-45691.6
-45669.7
-45724.2
-45723.9
-45735.4
-45701.2
-45713.2
-45712.7
-45724.2
-45713.5
-45736.1
-45725.1
-45713.7
-45701.9
-45725.1
-45713.6
-45735.6
-45713
-45724.2
-45713.3
-45724.5
-45701.5
-45712.9
-45725.3
-45724.9
-45714
-45725.1
-45713.8
-45713.3
-45702
-45651.2
-45669.1
-45669.1
-45679.3
-45653.2
-45666.1
-45665.9
-45678.9
-45668.9
-45665.7
-45651.1
-45669.2
-45665.9
-45653.3
-45678.6
-45668.7
-45665.6
-45650.9
-45668.7
-45665.4
-45653.1
-45660.5
-45661.3
-45656.6
-45675.8
-45681.4
-45678.2
-45678.8
-45660.4
-45661.1
-45656.3
-45675.6
-45681.3
-45678.1
-45678.6
-45661.1
-45660.4
-45656.3
-45675.5
-45681.2
-45678.6
-45678.1
-45668.6
-45650.6
-45668.6
-45678.3
-45652.9
-45665.4
-45664.9
-45668.7
-45678.8
-45665.7
-45650.9
-45668.8
-45653
-45665.6
-45650.5
-45668.6
-45678.2
-45668.4
-45665.4
-45652.7
-45664.8
-45657.5
-45657.1
-45680.6
-45652.9
-45677.5
-45674.3
-45677.2
-45669.2
-45679
-45665.8
-45651.1
-45669.2
-45653.5
-45665.8
-45650.3
-45668.5
-45668.3
-45678.2
-45652.7
-45665.2
-45664.6
-45669.3
-45651.2
-45669.2
-45679.1
-45653.5
-45666
-45665.8
-45650.6
-45668.6
-45678.3
-45668.7
-45665.3
-45653
-45665
-45651.1
-45668.8
-45678.8
-45668.9
-45665.8
-45653.2
-45665.6
-45650.2
-45677.9
-45668.2
-45668.1
-45665
-45664.6
-45652.5
-45678.4
-45659.1
-45683.4
-45683.7
-45669.6
-45670
-45691.8
-45651.1
-45679.1
-45669.1
-45669
-45666
-45665.9
-45653.3
-45678.2
-45658.9
-45683.3
-45683.3
-45669.4
-45669.6
-45691.6
-45678.4
-45683.3
-45658.8
-45683.3
-45669.5
-45691.6
-45669.7
-45650.4
-45678.1
-45668.4
-45668.4
-45664.9
-45665
-45652.7
-45651.1
-45679.1
-45669.1
-45669.1
-45666
-45665.8
-45653.2
-45650.1
-45668.2
-45668.1
-45677.9
-45652.4
-45664.6
-45664.7
-45678.2
-45683.1
-45658.8
-45683.6
-45669.3
-45691.6
-45669.8
-45651.3
-45669.3
-45669
-45679.1
-45653.5
-45666.1
-45665.8
-45678.1
-45683.3
-45658.6
-45683.4
-45669.5
-45691.4
-45669.7
-45678.3
-45683.3
-45683.6
-45659
-45691.7
-45669.5
-45670
-45650.3
-45668.3
-45668.3
-45678
-45652.6
-45664.7
-45664.9
-45678.4
-45683.4
-45683.5
-45658.7
-45691.6
-45669.7
-45669.7
-45668.7
-45650.6
-45668.6
-45678.3
-45665.2
-45653
-45665.1
-45678.7
-45668.8
-45665.5
-45650.9
-45668.6
-45665.6
-45653
-45650.3
-45678.1
-45668.2
-45668.2
-45665
-45664.8
-45652.5
-45657.6
-45680.4
-45656.9
-45677.5
-45652.7
-45674.1
-45676.9
-45678.9
-45669.1
-45665.9
-45651.3
-45669.1
-45665.8
-45653.5
-45650.1
-45668.1
-45677.9
-45668.1
-45664.9
-45652.4
-45664.8
-45657.4
-45680.4
-45656.6
-45677.3
-45652.4
-45673.8
-45676.8
-45668.6
-45650.5
-45678.2
-45668.5
-45665
-45665.1
-45652.9
-45615.5
-45583.6
-45556.8
-45616.3
-45584.2
-45557.2
-45616.3
-45584.2
-45557.2
-45617.3
-45585.3
-45557.9
-45616.9
-45584.9
-45557.6
-45616.5
-45584.7
-45557.8
-45617.3
-45585.3
-45558.1
-45616.6
-45584.8
-45557.6
-45616.9
-45584.9
-45557.7
-45617.5
-45585.6
-45558.2
-45617
-45585.1
-45557.7
-45616.4
-45584.6
-45557.2
-45616.7
-45584.9
-45557.7
-45617.6
-45585.6
-45558.3
-45617.1
-45585.1
-45557.6
-45617.4
-45585.5
-45558.2
-45614.7
-45582.9
-45556
-45615.1
-45583.2
-45556.3
-45616.8
-45584.8
-45557.6
-45616.6
-45584.8
-45557.6
-45616.6
-45584.7
-45557.6
-45615.8
-45584
-45556.8
-45616.2
-45584.1
-45557
-45616.5
-45584.6
-45557.3
-45616.6
-45584.6
-45557.4
-45616.5
-45584.5
-45557.3
-45616.3
-45584.3
-45557.1
-45616.6
-45584.7
-45557.4
-45616.4
-45584.3
-45557.3
-45616.8
-45584.8
-45557.6
-45616.5
-45584.5
-45557.5
-45616.6
-45584.6
-45557.5
-45616.7
-45584.6
-45557.5
-45616.1
-45584.2
-45556.9
-45616.1
-45584.2
-45556.9
-45616.6
-45584.7
-45557.4
-45616.1
-45584.2
-45556.9
-45616.4
-45584.5
-45557.1
-45616.7
-45584.7
-45557.4
-45616.1
-45584.2
-45557
-45616.6
-45584.7
-45557.4
-45616.3
-45584.4
-45557.1
-45616.9
-45584.9
-45557.7
-45616.7
-45584.7
-45557.5
-45616.5
-45584.5
-45557.4
-45617.1
-45585.1
-45557.9
-45616
-45584.1
-45557
-45616.1
-45584.2
-45557
-45617.6
-45585.8
-45558.3
-45617.3
-45585.4
-45558.1
-45617
-45585.2
-45558.1
-45617.3
-45585.3
-45558.2
-45616.2
-45584.3
-45557.1
-45616.5
-45584.4
-45557.2
-45616.6
-45584.6
-45557.5
-45616.3
-45584.2
-45557.3
-45616.9
-45585.1
-45558
-45617.3
-45585.3
-45558.1
-45616.4
-45584.4
-45557.3
-45616.4
-45584.6
-45557.5
-45616.9
-45584.9
-45557.8
-45616.6
-45584.8
-45557.6
-45617
-45585
-45557.8
-45616.5
-45584.5
-45557.2
-45616.7
-45584.8
-45557.5
-45616.5
-45584.4
-45557.2
-45615.9
-45583.9
-45556.7
-45616.9
-45584.9
-45557.8
-45616.6
-45584.9
-45557.8
-45616.7
-45584.8
-45557.8
-45615.7
-45583.7
-45556.4
-45618.2
-45586.2
-45558.8
-45617.9
-45585.9
-45558.6
-45617.3
-45585.4
-45558.2
-45615.6
-45583.6
-45556.3
-45616.8
-45584.8
-45557.9
-45617.2
-45585.1
-45558.1
-45617.8
-45585.8
-45558.6
-45617.4
-45585.5
-45558.3
-45615.2
-45583.3
-45556.3
-45615.8
-45583.9
-45556.8
-45616.1
-45584.1
-45557
-45617.3
-45585.4
-45558.1
-45616.8
-45584.9
-45557.5
-45616.8
-45584.7
-45557.7
-45616.1
-45584.2
-45557.3
-45618.1
-45586
-45558.6
-45617.1
-45585.3
-45558.1
-45617.1
-45585.1
-45558
-45616.4
-45584.6
-45557.5
-45616.9
-45584.9
-45557.8
-45616.5
-45584.6
-45557.3
-45616.8
-45584.8
-45557.6
-45616.5
-45584.6
-45557.3
-45616.7
-45584.8
-45557.5
-45616.2
-45584.2
-45557
-45615.3
-45583.4
-45556.3
-45616.9
-45584.8
-45557.7
-45616.7
-45584.6
-45557.6
-45616.8
-45585
-45557.9
-45616.9
-45585
-45558
-45615.7
-45583.7
-45556.4
-45616.2
-45584.3
-45557.5
-45617
-45584.9
-45557.8
-45617.8
-45585.8
-45558.4
-45617.3
-45585.4
-45558.2
-45615.5
-45583.5
-45556.2
-45618.2
-45586.2
-45558.8
-45618.1
-45586.1
-45558.7
-45616.5
-45584.6
-45557.7
-45617
-45585
-45558
-45617.4
-45585.3
-45558.2
-45616
-45584.2
-45557
-45616.4
-45584.4
-45557.2
-45617.3
-45585.4
-45558.1
-45617.8
-45585.8
-45558.3
-45617.8
-45585.9
-45558.5
-45616.7
-45584.6
-45557.6
-45616.1
-45584.2
-45557.3
-45616.6
-45584.6
-45557.6
-45617.3
-45585.3
-45558.2
-45616.9
-45584.9
-45557.8
-45616.6
-45584.7
-45557.4
-45616.4
-45584.5
-45557.4
-45615.3
-45583.5
-45556.6
-45616.1
-45584.2
-45557.1
-45616.4
-45584.5
-45557.4
-45617.1
-45585.1
-45557.8
-45615.9
-45583.9
-45556.9
-45615.9
-45584.1
-45557
-45616.5
-45584.5
-45557.3
-45616.5
-45584.7
-45557.6
-45616.7
-45584.8
-45557.8
-45617.1
-45585.3
-45558.1
-45617.4
-45585.4
-45558.2
-45615.9
-45584.1
-45557.1
-45616.4
-45584.4
-45557.2
-45616.1
-45584.1
-45557.1
-45617.4
-45585.5
-45558.2
-45616.8
-45584.9
-45557.9
-45616.4
-45584.5
-45557.4
-45616.5
-45584.5
-45557.4
-45616.3
-45584.5
-45557.4
-45616.7
-45584.7
-45557.6
-45617.1
-45585.1
-45557.9
-45616.9
-45584.9
-45557.7
-45615.5
-45583.7
-45556.6
-45615.9
-45583.9
-45557
-45616.4
-45584.3
-45557.1
-45614.1
-45582.4
-45555.7
-45614.9
-45583.1
-45556.1
-45616.2
-45584.2
-45557.3
-45616.2
-45584.4
-45557.3
-45616
-45584.1
-45557
-45616.3
-45584.5
-45557.2
-45616.6
-45584.6
-45557.4
-45615.2
-45583.5
-45556.4
-45616.3
-45584.3
-45557.2
-45613.9
-45582.2
-45555.5
-45615.5
-45583.6
-45556.6
-45615.1
-45583.3
-45556.3
-45615.9
-45584
-45557
-45615.8
-45584.1
-45556.8
-45615.9
-45584.1
-45556.8
-45616.4
-45584.5
-45557.2
-45616
-45584.1
-45556.7
-45615.8
-45584
-45557
-45616
-45584
-45556.9
-45614.8
-45583.1
-45556.1
-45615.8
-45583.8
-45556.8
-45617.4
-45585.3
-45558
-45617.4
-45585.3
-45558
-45617.6
-45585.5
-45558.2
-45617.1
-45585.1
-45557.9
-45617.5
-45585.4
-45558.2
-45617.3
-45585.2
-45558
-45615
-45583.2
-45556.4
-45616.8
-45584.9
-45557.6
-45615.9
-45584.1
-45556.9
-45613.9
-45582.3
-45555.5
-45615.6
-45583.8
-45556.6
-45615.4
-45583.6
-45556.3
-45615.7
-45584
-45556.7
-45615.4
-45583.6
-45556.3
-45616.3
-45584.3
-45557.3
-45614.7
-45583
-45556.1
-45615.9
-45584
-45557
-45617.3
-45585.2
-45557.9
-45617.4
-45585.3
-45557.9
-45617.2
-45585.1
-45558.1
-45618
-45585.9
-45558.6
-45617
-45585
-45557.9
-45617.1
-45585
-45558
-45616.5
-45584.6
-45557.7
-45617.1
-45585.2
-45557.9
-45617.9
-45585.9
-45558.5
-45616.6
-45584.6
-45557.6
-45616.4
-45584.5
-45557.6
-45617.5
-45585.4
-45558.1
-45617
-45585.1
-45558
-45617.2
-45585.2
-45558
-45617.6
-45585.7
-45558.5
-45616.4
-45584.4
-45557.3
-45616.3
-45584.2
-45557.2
-45616.1
-45584.1
-45557.1
-45616.9
-45584.7
-45557.6
-45617.4
-45585.3
-45558
-45616.2
-45584.3
-45557.4
-45616.2
-45584.3
-45557.4
-45616.9
-45584.8
-45557.7
-45616.9
-45585.1
-45557.9
-45617.2
-45585.2
-45558
-45617.3
-45585.4
-45558.2
-45617.1
-45585.1
-45557.9
-45616.9
-45584.9
-45557.9
-45616.2
-45584.4
-45557.4
-45617.2
-45585.2
-45558
-45617.5
-45585.6
-45558.3
-45617.7
-45585.8
-45558.6
-45618.8
-45586.7
-45559.2
-45617
-45584.9
-45557.9
-45617.1
-45585.1
-45558
-45616.7
-45584.7
-45557.7
-45617.6
-45585.4
-45558.2
-45617.8
-45585.6
-45558.4
-45616
-45584
-45557
-45616.3
-45584.4
-45557.3
-45616.9
-45584.8
-45557.7
-45616.5
-45584.5
-45557.6
-45617.4
-45585.5
-45558.2
-45616.4
-45584.6
-45557.4
-45617.3
-45585.3
-45557.9
-45616.3
-45584.5
-45557.4
-45616.7
-45584.7
-45557.7
-45616
-45583.9
-45557.1
-45616.1
-45584.1
-45557.1
-45615.8
-45583.8
-45556.9
-45616.5
-45584.5
-45557.4
-45616.6
-45584.5
-45557.5
-45617.7
-45585.7
-45558.4
-45617.6
-45585.6
-45558.3
-45617
-45585
-45557.7
-45615.5
-45583.7
-45556.7
-45616.7
-45584.8
-45557.5
-45617.8
-45585.9
-45558.4
-45617.5
-45585.7
-45558.3
-45617.1
-45585.1
-45558
-45616.4
-45584.5
-45557.3
-45615.5
-45583.7
-45556.8
-45615.8
-45583.9
-45557
-45617.4
-45585.5
-45558.4
-45616.9
-45585
-45557.6
-45617.6
-45585.6
-45558.1
-45616.6
-45584.7
-45557.6
-45616.6
-45584.7
-45557.7
-45617.1
-45585.2
-45558
-45617.1
-45585.2
-45557.9
-45616.7
-45584.8
-45557.4
-45616.7
-45584.7
-45557.4
-45615.3
-45583.3
-45556.3
-45614.8
-45582.9
-45556.1
-45616
-45583.9
-45556.8
-45616.9
-45584.9
-45557.7
-45614.7
-45582.9
-45556
-45615.8
-45583.9
-45556.8
-45616.4
-45584.5
-45557.3
-45616.3
-45584.6
-45557.2
-45617.1
-45585.1
-45557.9
-45616
-45584
-45557
-45616.1
-45584
-45557
-45616
-45584
-45557
-45616.6
-45584.5
-45557.5
-45616.6
-45584.5
-45557.5
-45617.1
-45585.2
-45557.9
-45617.2
-45585.2
-45558
-45616.5
-45584.5
-45557.5
-45616.6
-45584.7
-45557.7
-45616.8
-45584.8
-45557.8
-45617.1
-45585.2
-45558
-45616
-45583.9
-45556.9
-45615.8
-45583.8
-45556.8
-45615.7
-45583.7
-45556.7
-45616.5
-45584.4
-45557.4
-45616.3
-45584.2
-45557.3
-45617.9
-45585.8
-45558.6
-45617.5
-45585.4
-45558.2
-45617.5
-45585.5
-45558.3
-45616.2
-45584.4
-45557.2
-45616.7
-45584.6
-45557.4
-45615.7
-45583.7
-45556.7
-45615.4
-45583.6
-45556.7
-45616.7
-45584.7
-45557.4
-45616.7
-45584.7
-45557.5
-45617.3
-45585.3
-45558.1
-45617.1
-45585
-45557.9
-45617.2
-45585.2
-45558
-45618.2
-45586
-45558.9
-45618.1
-45586
-45558.8
-45618.1
-45586
-45558.7
-45618.5
-45586.5
-45559.1
-45617.9
-45585.9
-45558.6
-45618.2
-45586.1
-45558.8
-45617.9
-45585.8
-45558.6
-45617
-45584.9
-45557.9
-45617
-45584.9
-45557.9
-45614.6
-45582.8
-45555.9
-45615.2
-45583.3
-45556.4
-45615.7
-45583.9
-45556.6
-45615.6
-45583.8
-45556.5
-45616.3
-45584.4
-45557.3
-45614.2
-45582.6
-45555.8
-45615.6
-45583.7
-45556.8
-45617.6
-45585.5
-45558.3
-45617.4
-45585.3
-45558.2
-45617.5
-45585.5
-45558.2
-45617
-45585
-45558
-45617.5
-45585.4
-45558.2
-45617.1
-45585.1
-45558
-45616.6
-45584.6
-45557.5
-45616.6
-45584.5
-45557.5
-45616.2
-45584.2
-45557.2
-45617.1
-45585
-45557.8
-45616.5
-45584.5
-45557.4
-45616.8
-45584.9
-45557.7
-45616.2
-45584.2
-45557.2
-45616.2
-45584.1
-45557.2
-45616.1
-45584.1
-45557.1
-45616.7
-45584.7
-45557.7
-45616.6
-45584.7
-45557.5
-45615.7
-45583.7
-45556.8
-45615.8
-45583.9
-45557
-45616.5
-45584.5
-45557.4
-45617
-45585.1
-45557.9
-45617.7
-45585.6
-45558.3
-45617.8
-45585.7
-45558.4
-45617
-45585
-45557.9
-45617.3
-45585.1
-45558
-45616.7
-45584.7
-45557.7
-45617.1
-45585.2
-45557.9
-45616.5
-45584.5
-45557.5
-45616.8
-45584.8
-45557.8
-45616.9
-45584.9
-45557.9
-45616.7
-45584.7
-45557.7
-45616.7
-45584.7
-45557.6
-45617.4
-45585.2
-45558.1
-45617.7
-45585.5
-45558.3
-45618.1
-45586
-45558.7
-45618
-45585.9
-45558.8
-45618
-45585.9
-45558.8
-45618.1
-45586
-45558.7
-45618.1
-45586.1
-45558.7
-45618
-45585.9
-45558.6
-45616.7
-45584.6
-45557.7
-45616.4
-45584.4
-45557.3
-45616.2
-45584.1
-45557.2
-45616.1
-45584.1
-45557.1
-45616.8
-45584.7
-45557.6
-45615.6
-45583.7
-45556.7
-45616.6
-45584.7
-45557.5
-45616.1
-45584
-45557.1
-45616.2
-45584.1
-45557.1
-45616.2
-45584.1
-45557.1
-45616.9
-45584.8
-45557.6
-45616.6
-45584.7
-45557.4
-45615.6
-45583.6
-45556.7
-45616.4
-45584.4
-45557.5
-45617.1
-45585.2
-45558
-45617
-45585.1
-45558
-45617.6
-45585.7
-45558.5
-45617.8
-45585.8
-45558.5
-45617.4
-45585.2
-45558.2
-45617.1
-45585
-45558
-45617.1
-45585.1
-45557.9
-45617.9
-45585.7
-45558.5
-45617.4
-45585.5
-45558.3
-45616.7
-45584.7
-45557.7
-45616.7
-45584.8
-45557.8
-45616.5
-45584.6
-45557.4
-45615.6
-45583.6
-45556.6
-45616.1
-45584
-45557
-45616.2
-45584.2
-45557.2
-45616.2
-45584.1
-45557.1
-45615.9
-45583.9
-45556.9
-45616.8
-45584.7
-45557.7
-45617.7
-45585.6
-45558.2
-45616.6
-45584.7
-45557.3
-45615.7
-45583.7
-45556.7
-45615.3
-45583.4
-45556.5
-45615.8
-45583.8
-45556.8
-45615.7
-45583.7
-45556.8
-45615.7
-45583.7
-45556.8
-45616.9
-45584.8
-45557.6
-45616.6
-45584.5
-45557.6
-45617.7
-45585.7
-45558.4
-45617.6
-45585.5
-45558.3
-45616.9
-45584.9
-45557.8
-45616.9
-45584.9
-45557.9
-45617.2
-45585.1
-45558
-45616.8
-45584.8
-45557.7
-45617.8
-45585.7
-45558.4
-45617.2
-45585.3
-45558.1
-45616.5
-45584.5
-45557.6
-45616.8
-45584.8
-45557.8
-45616.4
-45584.5
-45557.6
-45617.4
-45585.3
-45558.2
-45617.9
-45585.9
-45558.6
-45617.1
-45585.1
-45558
-45617
-45585
-45558
-45616.6
-45584.6
-45557.7
-45617.4
-45585.3
-45558.2
-45617.8
-45585.6
-45558.4
-45617.9
-45585.9
-45558.6
-45617.5
-45585.4
-45558.2
-45617.9
-45585.9
-45558.6
-45618
-45585.9
-45558.6
-45617.5
-45585.4
-45558.2
-45617.7
-45585.6
-45558.3
-45617.2
-45585.1
-45558
-45616.8
-45585
-45557.7
-45617
-45585
-45557.8
-45615.5
-45583.6
-45556.7
-45617.3
-45585.3
-45558.1
-45616.9
-45584.8
-45557.6
-45616.3
-45584.2
-45557.3
-45616.3
-45584.3
-45557.3
-45616.2
-45584.2
-45557.2
-45617
-45584.9
-45557.7
-45617
-45585.1
-45557.8
-45616.4
-45584.4
-45557.4
-45616
-45584.1
-45557.2
-45616.9
-45584.9
-45557.9
-45617.3
-45585.2
-45558.1
-45616.5
-45584.6
-45557.6
-45617.6
-45585.5
-45558.4
-45617.4
-45585.3
-45558.2
-45617.6
-45585.5
-45558.4
-45617.4
-45585.5
-45558.1
-45616.4
-45584.4
-45557.5
-45616.4
-45584.4
-45557.4
-45616
-45584.1
-45557.2
-45616.9
-45584.8
-45557.8
-45617
-45584.9
-45557.9
-45616.6
-45584.6
-45557.6
-45617.4
-45585.2
-45558.1
-45617.7
-45585.6
-45558.3
-45618.3
-45586.2
-45558.9
-45617.9
-45585.8
-45558.7
-45618.1
-45586
-45558.7
-45618.1
-45586
-45558.7
-45618
-45585.9
-45558.6
-45618.2
-45586.1
-45558.8
-45616.9
-45584.8
-45557.9
-45617
-45584.9
-45557.9
-45615
-45583.2
-45556.4
-45615.4
-45583.6
-45556.7
-45616.1
-45584.2
-45556.9
-45614.3
-45582.6
-45555.7
-45616
-45584.2
-45556.8
-45615.4
-45583.7
-45556.4
-45615.8
-45584
-45557
-45617.2
-45585.2
-45557.9
-45616.4
-45584.6
-45557.3
-45616.6
-45584.7
-45557.5
-45616.3
-45584.4
-45557.2
-45616
-45583.9
-45557
-45616.1
-45584.1
-45557.1
-45616.1
-45584.1
-45557
-45616.8
-45584.7
-45557.7
-45616.1
-45584
-45557
-45616.1
-45584.1
-45557.1
-45616.1
-45584.1
-45557
-45616.7
-45584.6
-45557.5
-45616.5
-45584.6
-45557.4
-45615.9
-45584
-45557
-45616.5
-45584.6
-45557.3
-45615.3
-45583.3
-45556.4
-45617.8
-45585.8
-45558.5
-45617
-45584.9
-45558
-45616.9
-45584.9
-45557.9
-45616.4
-45584.5
-45557.6
-45617.8
-45585.7
-45558.4
-45617.1
-45585.3
-45558
-45617.2
-45585.2
-45558
-45616.4
-45584.5
-45557.5
-45617.3
-45585.4
-45558.2
-45617.3
-45585.5
-45558.2
-45616.5
-45584.6
-45557.7
-45616.3
-45584.5
-45557.5
-45615
-45583.1
-45556.1
-45613.4
-45581.8
-45555
-45615.7
-45583.7
-45556.5
-45614.2
-45582.5
-45555.6
-45615.1
-45583.3
-45556
-45615.2
-45583.4
-45556.1
-45618
-45586.2
-45558.7
-45617.5
-45585.7
-45558.4
-45616.3
-45584.5
-45557.4
-45616.7
-45584.9
-45557.7
-45617
-45585.1
-45557.9
-45617.2
-45585.3
-45558.1
-45613.8
-45582.1
-45555.3
-45615.8
-45583.8
-45556.6
-45615.3
-45583.5
-45556.1
-45615.2
-45583.4
-45556
-45615.8
-45583.9
-45556.7
-45615.6
-45583.6
-45556.3
-45613.1
-45581.5
-45554.8
-45617.8
-45585.9
-45558.6
-45617.7
-45585.8
-45558.5
-45617.7
-45585.7
-45558.4
-45618.1
-45586.2
-45558.8
-45617.6
-45585.8
-45558.4
-45617.1
-45585.2
-45557.9
-45617.2
-45585.3
-45558
-45616.5
-45584.7
-45557.5
-45617
-45584.9
-45557.7
-45616.2
-45584.1
-45557.2
-45616.2
-45584.2
-45557.2
-45615.9
-45583.9
-45556.9
-45616.9
-45584.8
-45557.7
-45616.6
-45584.6
-45557.3
-45616.8
-45584.7
-45557.5
-45615.3
-45583.3
-45556.4
-45617.1
-45585.1
-45557.9
-45616.4
-45584.5
-45557.3
-45615.9
-45583.9
-45556.9
-45615.6
-45583.7
-45556.7
-45617.1
-45585.2
-45558
-45618
-45586.1
-45558.6
-45616.9
-45585
-45557.7
-45617.7
-45585.7
-45558.3
-45616.9
-45585
-45557.9
-45617.5
-45585.4
-45558.1
-45617.4
-45585.5
-45558.2
-45617.5
-45585.6
-45558.3
-45617.5
-45585.7
-45558.3
-45617.1
-45585
-45558
-45617
-45585
-45558
-45616.7
-45584.7
-45557.7
-45617.7
-45585.6
-45558.4
-45616.7
-45584.7
-45557.7
-45617
-45585
-45557.9
-45616.6
-45584.6
-45557.6
-45617.5
-45585.4
-45558.2
-45617.2
-45585.3
-45558
-45617.3
-45585.3
-45558.1
-45616.6
-45584.7
-45557.7
-45616.7
-45584.8
-45557.8
-45617.4
-45585.5
-45558.3
-45617.5
-45585.6
-45558.2
-45617.1
-45585.1
-45557.9
-45616
-45584.1
-45557.3
-45615.5
-45583.7
-45556.9
-45617.2
-45585.3
-45558.2
-45616.7
-45584.7
-45557.5
-45615.2
-45583.4
-45556.5
-45616.1
-45584.1
-45556.9
-45614.7
-45582.9
-45556
-45616.1
-45584.3
-45557
-45615.6
-45583.8
-45556.6
-45616.3
-45584.5
-45557.3
-45616.4
-45584.5
-45557.3
-45615.7
-45583.9
-45556.8
-45614.3
-45582.6
-45555.8
-45615.8
-45584
-45556.9
-45615.6
-45583.9
-45556.6
-45616
-45584.2
-45557
-45616.7
-45584.8
-45557.6
-45614.5
-45582.9
-45556.1
-45616.8
-45584.8
-45557.5
-45616.6
-45584.7
-45557.4
-45616.3
-45584.5
-45557.2
-45616.8
-45584.8
-45557.6
-45615.9
-45584.1
-45557
-45616.2
-45584.2
-45557.2
-45614.8
-45583.1
-45556.2
-45616.7
-45584.7
-45557.4
-45616.6
-45584.7
-45557.4
-45615.6
-45583.6
-45556.6
-45615.8
-45583.7
-45556.8
-45616.3
-45584.4
-45557.1
-45614.6
-45582.8
-45555.9
-45615.3
-45583.3
-45556.3
-45615.9
-45583.9
-45556.9
-45615.9
-45583.9
-45557.1
-45615.7
-45583.7
-45556.8
-45616.7
-45584.6
-45557.6
-45616.8
-45584.7
-45557.7
-45615.9
-45583.9
-45556.8
-45616.4
-45584.3
-45557.2
-45615.8
-45583.8
-45556.8
-45616.8
-45584.7
-45557.6
-45616.5
-45584.4
-45557.5
-45617.1
-45585
-45557.8
-45617.2
-45585.1
-45557.8
-45617.2
-45585.2
-45558
-45617.4
-45585.5
-45558.3
-45617
-45585
-45558
-45617.6
-45585.5
-45558.3
-45616.8
-45584.9
-45558
-45616.8
-45584.8
-45557.7
-45616.9
-45584.8
-45557.8
-45616.3
-45584.4
-45557.4
-45617.5
-45585.3
-45558.2
-45617.6
-45585.6
-45558.3
-45616.7
-45584.7
-45557.7
-45616.6
-45584.6
-45557.7
-45616.4
-45584.4
-45557.5
-45617.6
-45585.4
-45558.2
-45617.7
-45585.5
-45558.3
-45614
-45582.2
-45555.4
-45616.1
-45584.1
-45556.8
-45615.2
-45583.4
-45556.1
-45615.2
-45583.4
-45556.1
-45616
-45583.9
-45556.9
-45615.8
-45583.8
-45556.5
-45613.9
-45582.1
-45555.2
-45617.4
-45585.6
-45558.4
-45617.3
-45585.4
-45558.2
-45617.5
-45585.4
-45558.2
-45618
-45586.1
-45558.7
-45617.6
-45585.8
-45558.4
-45617.1
-45585.2
-45558
-45617
-45585.1
-45557.9
-45616.2
-45584.5
-45557.3
-45615
-45583.2
-45555.9
-45614.9
-45583.1
-45555.9
-45615.9
-45583.9
-45556.8
-45616.1
-45584.1
-45556.9
-45613.6
-45581.9
-45555.1
-45615.8
-45583.8
-45556.5
-45613.8
-45582
-45555.2
-45615.7
-45583.7
-45556.5
-45616
-45584
-45557.1
-45617.4
-45585.4
-45558
-45618
-45586.2
-45558.8
-45617.9
-45586.1
-45558.7
-45617.6
-45585.7
-45558.4
-45617.2
-45585.2
-45558.2
-45617.6
-45585.7
-45558.5
-45617.8
-45585.8
-45558.5
-45618
-45586.1
-45558.7
-45616.5
-45584.7
-45557.5
-45616.7
-45584.7
-45557.8
-45616.3
-45584.5
-45557.4
-45615.9
-45584
-45557.2
-45616.4
-45584.5
-45557.3
-45615.9
-45583.9
-45556.9
-45616.4
-45584.3
-45557.4
-45615.8
-45583.9
-45557
-45615.6
-45583.6
-45556.6
-45615.6
-45583.6
-45556.7
-45615.5
-45583.5
-45556.6
-45616.5
-45584.4
-45557.3
-45616.7
-45584.7
-45557.6
-45616.9
-45584.8
-45557.7
-45616.2
-45584.2
-45557.2
-45616.7
-45584.5
-45557.4
-45615.9
-45583.9
-45556.9
-45616.8
-45584.7
-45557.6
-45617
-45584.9
-45557.8
-45616.5
-45584.6
-45557.6
-45616.6
-45584.7
-45557.8
-45616.5
-45584.5
-45557.4
-45617.6
-45585.8
-45558.5
-45616.9
-45585.1
-45557.8
-45618
-45586.1
-45558.6
-45617.1
-45585.3
-45558
-45618.3
-45586.4
-45558.9
-45619.2
-45587.1
-45559.5
-45617.7
-45585.6
-45558.3
-45617.3
-45585.4
-45558.2
-45617.2
-45585.3
-45558.2
-45617.2
-45585.2
-45558
-45617.9
-45585.9
-45558.6
-45617.5
-45585.6
-45558.3
-45617.5
-45585.5
-45558.2
-45616.7
-45584.7
-45557.8
-45616.9
-45584.9
-45557.9
-45617.5
-45585.6
-45558.4
-45617.3
-45585.5
-45558.1
-45617.2
-45585.3
-45558.1
-45616.5
-45584.5
-45557.6
-45617
-45584.9
-45557.9
-45617.3
-45585.4
-45558.3
-45617.9
-45585.9
-45558.6
-45617.4
-45585.5
-45558.3
-45617.2
-45585.2
-45558.2
-45617.4
-45585.3
-45558.2
-45617
-45585
-45557.9
-45617.9
-45585.8
-45558.6
-45617.7
-45585.6
-45558.5
-45616.9
-45584.9
-45557.9
-45616.6
-45584.5
-45557.6
-45616.5
-45584.6
-45557.7
-45617.5
-45585.4
-45558.2
-45617.9
-45585.7
-45558.5
-45615.7
-45583.9
-45556.6
-45616.2
-45584.4
-45557
-45616.5
-45584.7
-45557.5
-45616.3
-45584.3
-45557.2
-45614.7
-45583
-45556.2
-45615.6
-45583.8
-45556.8
-45616
-45584
-45557.1
-45616.9
-45584.9
-45557.7
-45614.9
-45583.1
-45556.3
-45617.4
-45585.3
-45558.1
-45617.2
-45585.2
-45558
-45617.5
-45585.4
-45558.1
-45617.5
-45585.4
-45558.1
-45617.5
-45585.4
-45558.2
-45617.7
-45585.6
-45558.3
-45617.4
-45585.3
-45558.1
-45617
-45585.1
-45557.8
-45617
-45585
-45557.8
-45616
-45584.1
-45557.2
-45617.2
-45585.3
-45558.1
-45617.3
-45585.2
-45557.9
-45616.2
-45584.2
-45557.2
-45616.5
-45584.4
-45557.4
-45616.1
-45584.1
-45557.1
-45617
-45584.9
-45557.7
-45615
-45583.1
-45556.3
-45614.4
-45582.6
-45556
-45616.8
-45584.9
-45557.6
-45616.8
-45584.8
-45557.7
-45617
-45584.9
-45557.9
-45616.5
-45584.5
-45557.5
-45617.9
-45585.7
-45558.4
-45617.3
-45585.2
-45558.1
-45618
-45585.9
-45558.6
-45616.6
-45584.6
-45557.5
-45616.8
-45584.7
-45557.7
-45616.1
-45584.2
-45557.2
-45617
-45585.1
-45557.9
-45616.9
-45584.9
-45557.9
-45617.3
-45585.2
-45558.1
-45616.8
-45584.8
-45557.7
-45616.8
-45584.8
-45557.7
-45616.5
-45584.5
-45557.5
-45618.1
-45585.9
-45558.7
-45618
-45585.9
-45558.7
-45617.9
-45585.8
-45558.6
-45618.2
-45586.1
-45558.8
-45618.3
-45586.2
-45558.8
-45618
-45585.9
-45558.6
-45617
-45584.9
-45557.9
-45616.8
-45584.7
-45557.5
-45616.4
-45584.5
-45557.2
-45616.6
-45584.6
-45557.3
-45615.6
-45583.6
-45556.7
-45616.7
-45584.8
-45557.6
-45615.9
-45583.8
-45556.9
-45616
-45584
-45557
-45615.6
-45583.7
-45556.7
-45616.7
-45584.6
-45557.5
-45616
-45584
-45557
-45615.5
-45583.6
-45556.7
-45616.5
-45584.6
-45557.3
-45616.7
-45584.6
-45557.6
-45616.5
-45584.5
-45557.4
-45615.9
-45584
-45557.1
-45617.2
-45585.1
-45558
-45616.6
-45584.8
-45557.7
-45616.9
-45585
-45557.8
-45616.4
-45584.5
-45557.5
-45616.2
-45584.3
-45557.4
-45617.8
-45585.9
-45558.6
-45617.5
-45585.4
-45558.2
-45617.1
-45585
-45557.9
-45616.6
-45584.6
-45557.6
-45616.3
-45584.4
-45557.4
-45616.6
-45584.7
-45557.7
-45616.3
-45584.4
-45557.5
-45617.1
-45585.3
-45558
-45617.3
-45585.3
-45558.1
-45617.9
-45585.9
-45558.7
-45616
-45583.9
-45557
-45616.1
-45584
-45557
-45616.1
-45584.1
-45556.9
-45616.3
-45584.2
-45557.2
-45616.9
-45584.8
-45557.6
-45617.3
-45585.2
-45557.9
-45615.9
-45583.9
-45557
-45616.5
-45584.4
-45557.4
-45615.8
-45583.8
-45556.9
-45616.5
-45584.6
-45557.3
-45616.3
-45584.2
-45557.2
-45616.3
-45584.2
-45557.1
-45616.1
-45584.1
-45557
-45616.5
-45584.4
-45557.4
-45616.7
-45584.6
-45557.6
-45617.2
-45585.2
-45557.8
-45617.7
-45585.8
-45558.4
-45617.3
-45585.4
-45558.2
-45616.7
-45584.8
-45557.8
-45616.6
-45584.6
-45557.6
-45617.6
-45585.6
-45558.5
-45617.9
-45585.8
-45558.6
-45617.5
-45585.4
-45558.3
-45617.3
-45585.3
-45558.2
-45617.4
-45585.3
-45558.2
-45617
-45585
-45557.9
-45618.1
-45585.9
-45558.7
-45617.9
-45585.8
-45558.6
-45616.7
-45584.7
-45557.8
-45617.8
-45585.7
-45558.3
-45617.1
-45585.2
-45558
-45617.2
-45585.2
-45558.1
-45617.6
-45585.7
-45558.5
-45617.3
-45585.2
-45558.1
-45617.5
-45585.4
-45558.2
-45616.8
-45584.8
-45557.8
-45617.1
-45585
-45558
-45616.6
-45584.6
-45557.7
-45617.2
-45585.2
-45558
-45617.2
-45585.2
-45558
-45617
-45584.9
-45557.9
-45617.2
-45585.2
-45558
-45617.2
-45585.1
-45557.9
-45617.5
-45585.4
-45558.2
-45617.5
-45585.4
-45558.2
-45617.6
-45585.5
-45558.2
-45616.7
-45584.6
-45557.6
-45616.6
-45584.6
-45557.5
-45616.5
-45584.5
-45557.4
-45616.9
-45584.8
-45557.8
-45616.8
-45584.9
-45557.6
-45617.1
-45585.1
-45557.8
-45615.4
-45583.5
-45556.6
-45615.3
-45583.4
-45556.5
-45617.5
-45585.5
-45558.2
-45616.6
-45584.5
-45557.5
-45616.7
-45584.6
-45557.6
-45616.4
-45584.4
-45557.4
-45617.3
-45585.1
-45557.9
-45615.9
-45583.9
-45556.9
-45615.7
-45583.9
-45556.9
-45616.7
-45584.9
-45557.6
-45617
-45585
-45557.7
-45617.3
-45585.3
-45558.1
-45617.7
-45585.6
-45558.4
-45618
-45585.9
-45558.6
-45617.2
-45585.3
-45558
-45617.3
-45585.3
-45558.1
-45616.5
-45584.5
-45557.5
-45616.4
-45584.4
-45557.5
-45617.5
-45585.6
-45558.3
-45617
-45584.9
-45557.9
-45616.9
-45584.9
-45557.8
-45616.6
-45584.7
-45557.6
-45617.6
-45585.4
-45558.2
-45617.6
-45585.4
-45558.3
-45616.3
-45584.4
-45557.4
-45617
-45584.9
-45557.8
-45617
-45585.2
-45557.9
-45617.3
-45585.3
-45558
-45617.4
-45585.5
-45558.3
-45617.6
-45585.5
-45558.3
-45617.5
-45585.3
-45558.2
-45617
-45584.9
-45557.9
-45616.8
-45584.8
-45557.8
-45616.5
-45584.5
-45557.6
-45616.4
-45584.4
-45557.4
-45617.3
-45585.3
-45558.1
-45616
-45584
-45557
-45616.8
-45584.8
-45557.6
-45617.1
-45585.1
-45558.1
-45618
-45586.1
-45558.6
-45617
-45585
-45558
-45616.7
-45584.6
-45557.6
-45617.4
-45585.4
-45558.2
-45617.4
-45585.5
-45558.2
-45616.7
-45584.7
-45557.5
-45617
-45584.9
-45557.8
-45616.2
-45584.3
-45557.4
-45617.6
-45585.6
-45558.4
-45616.7
-45584.7
-45557.7
-45616.9
-45584.9
-45557.7
-45617.5
-45585.6
-45558.2
-45616
-45584.1
-45557.1
-45618
-45586
-45558.6
-45617.3
-45585.3
-45558.1
-45617.1
-45585.3
-45558.2
-45616.6
-45584.7
-45557.4
-45615.4
-45583.5
-45556.5
-45616.5
-45584.6
-45557.6
-45617.1
-45585.1
-45557.9
-45617.2
-45585.1
-45557.9
-45616.8
-45585
-45557.9
-45616.9
-45585
-45557.9
-45615.5
-45583.6
-45556.7
-45617.4
-45585.4
-45558
-45616.6
-45584.6
-45557.3
-45617.5
-45585.6
-45558.1
-45615.9
-45584
-45556.8
-45616.9
-45585.1
-45557.9
-45616.6
-45584.8
-45557.7
-45615.3
-45583.4
-45556.5
-45615.4
-45583.5
-45556.8
-45617.9
-45585.9
-45558.5
-45617.2
-45585.2
-45557.9
-45615.9
-45584
-45557.1
-45617.7
-45585.8
-45558.4
-45616.5
-45584.6
-45557.6
-45617.5
-45585.5
-45558.3
-45616.7
-45584.7
-45557.6
-45617.9
-45585.9
-45558.5
-45616.8
-45584.8
-45557.5
-45615.9
-45584
-45557.2
-45616.9
-45585
-45557.7
-45614.5
-45582.7
-45556
-45616.7
-45584.8
-45557.5
-45615.3
-45583.4
-45556.5
-45618
-45586
-45558.6
-45617.3
-45585.2
-45557.9
-45618.3
-45586.2
-45558.7
-45616.8
-45584.8
-45557.5
-45615.8
-45583.8
-45557
-45617.5
-45585.6
-45558.1
-45616.4
-45584.4
-45557.3
-45616.8
-45585
-45557.6
-45614.9
-45583.1
-45556.2
-45615.3
-45583.4
-45556.6
-45617.6
-45585.7
-45558.3
-45616.2
-45584.3
-45557.2
-45615.7
-45583.9
-45556.8
-45616.1
-45584.3
-45557
-45615.9
-45584.2
-45556.9
-45616.7
-45584.8
-45557.6
-45616.3
-45584.5
-45557.3
-45615.6
-45583.8
-45556.7
-45616.5
-45584.7
-45557.7
-45615.7
-45583.9
-45556.8
-45615.2
-45583.3
-45556.3
-45615.3
-45583.4
-45556.7
-45617.7
-45585.8
-45558.4
-45615.9
-45584.1
-45557
-45616
-45584.2
-45557.2
-45616.4
-45584.5
-45557.4
-45616.6
-45584.8
-45557.7
-45616.8
-45584.8
-45557.6
-45617.3
-45585.3
-45558
-45617.1
-45585.1
-45557.9
-45616.8
-45584.7
-45557.7
-45617.3
-45585.3
-45558.1
-45615.4
-45583.6
-45556.6
-45616.9
-45584.9
-45557.6
-45616.8
-45584.8
-45557.7
-45616.6
-45584.6
-45557.6
-45617.4
-45585.4
-45558.2
-45615.7
-45583.8
-45556.7
-45616
-45584
-45557
-45616.9
-45584.8
-45557.6
-45616.8
-45584.7
-45557.6
-45617.3
-45585.2
-45558.1
-45617.2
-45585.1
-45558
-45617.4
-45585.4
-45558.2
-45617.1
-45585.1
-45557.9
-45617.3
-45585.3
-45558.1
-45616.6
-45584.5
-45557.5
-45617.3
-45585.3
-45558
-45616
-45584.1
-45557
-45617.2
-45585.4
-45558
-45615.6
-45583.7
-45556.8
-45617
-45585.1
-45557.7
-45615.5
-45583.6
-45556.5
-45616.3
-45584.4
-45557.4
-45616.2
-45584.3
-45557.4
-45617.3
-45585.3
-45558
-45616.7
-45584.6
-45557.5
-45616.6
-45584.8
-45557.6
-45615.5
-45583.6
-45556.5
-45617.4
-45585.3
-45558.1
-45617
-45585
-45557.8
-45616.9
-45584.8
-45557.8
-45617.9
-45585.8
-45558.5
-45617.3
-45585.4
-45557.8
-45615.1
-45583.3
-45556.2
-45616.7
-45584.8
-45557.4
-45615.1
-45583.2
-45556.2
-45617.4
-45585.4
-45558.1
-45617.2
-45585.2
-45558
-45615.1
-45583.2
-45556.2
-45616.9
-45584.9
-45557.4
-45614.4
-45582.5
-45555.5
-45617.1
-45585.1
-45557.8
-45617.7
-45585.8
-45558.4
-45617
-45584.9
-45557.7
-45616.8
-45584.8
-45557.8
-45614.7
-45583
-45556
-45617.2
-45585.1
-45557.9
-45617.8
-45585.9
-45558.5
-45617
-45585
-45558
-45617
-45584.9
-45557.9
-45617.8
-45585.7
-45558.5
-45617.6
-45585.5
-45558.3
-45616
-45584
-45557
-45615.5
-45583.6
-45556.5
-45616.9
-45584.9
-45557.7
-45615.8
-45584
-45556.8
-45615.1
-45583.2
-45556.2
-45617.5
-45585.6
-45558.2
-45615.8
-45583.9
-45556.9
-45617.3
-45585.3
-45558
-45616.4
-45584.4
-45557.3
-45617.6
-45585.7
-45558.3
-45615.4
-45583.6
-45556.7
-45616.1
-45584.2
-45557.3
-45614.8
-45583
-45556
-45616.9
-45584.9
-45557.7
-45617.3
-45585.2
-45558
-45616.8
-45584.7
-45557.7
-45617.2
-45585.1
-45557.9
-45617.8
-45585.8
-45558.4
-45617.6
-45585.5
-45558.2
-45617
-45584.9
-45557.9
-45617.7
-45585.7
-45558.4
-45615.3
-45583.4
-45556.3
-45616.5
-45584.6
-45557.1
-45614.9
-45582.9
-45555.9
-45616.7
-45584.7
-45557.6
-45618.4
-45586.4
-45558.9
-45617
-45584.9
-45557.8
-45616.9
-45584.9
-45557.8
-45616.9
-45584.9
-45557.4
-45614.6
-45582.7
-45555.7
-45616.4
-45584.5
-45557.2
-45614.8
-45582.9
-45555.9
-45615.9
-45583.9
-45557
-45616.4
-45584.4
-45557.4
-45617.3
-45585.4
-45558.1
-45617.1
-45585.2
-45558
-45617.2
-45585.2
-45558
-45616.7
-45584.6
-45557.5
-45617.1
-45585.1
-45557.9
-45617
-45584.9
-45557.9
-45617.8
-45585.9
-45558.5
-45617.2
-45585.2
-45558
-45617.7
-45585.7
-45558.5
-45617.7
-45585.6
-45558.4
-45615.6
-45583.8
-45556.8
-45616.6
-45584.6
-45557.4
-45616.1
-45584.2
-45557.2
-45616
-45584.2
-45557.2
-45616.2
-45584.1
-45557.1
-45616.8
-45584.7
-45557.6
-45617.1
-45585.1
-45557.9
-45617
-45585
-45557.8
-45615.5
-45583.6
-45556.6
-45616.1
-45584
-45557
-45616.9
-45584.8
-45557.5
-45617.4
-45585.3
-45558.1
-45617.4
-45585.4
-45558.2
-45616.8
-45584.8
-45557.7
-45615.9
-45583.9
-45556.9
-45616.6
-45584.6
-45557.4
-45617.7
-45585.7
-45558.5
-45617.4
-45585.3
-45558.1
-45617
-45585
-45557.8
-45617.1
-45585
-45557.8
-45617.4
-45585.4
-45558.1
-45617.4
-45585.3
-45558.1
-45616.8
-45584.9
-45557.7
-45616.4
-45584.5
-45557.5
-45617.7
-45585.6
-45558.4
-45615
-45583.2
-45556.3
-45615.8
-45583.9
-45556.9
-45617
-45585.2
-45557.8
-45617.7
-45585.7
-45558.4
-45616.1
-45584.2
-45557.2
-45618.4
-45586.4
-45558.9
-45615.3
-45583.5
-45556.6
-45616.2
-45584.2
-45557.1
-45617.4
-45585.4
-45558.2
-45617
-45585.1
-45557.9
-45616.1
-45584.2
-45557.2
-45617.9
-45585.9
-45558.5
-45615.5
-45583.7
-45556.8
-45616.5
-45584.6
-45557.4
-45617.5
-45585.7
-45558.3
-45617.2
-45585.2
-45558
-45617.4
-45585.5
-45558.2
-45616.6
-45584.6
-45557.4
-45618
-45586
-45558.5
-45615.4
-45583.6
-45556.7
-45616.5
-45584.5
-45557.5
-45617.9
-45586.1
-45558.7
-45615.5
-45583.7
-45556.7
-45616.3
-45584.4
-45557.3
-45617.5
-45585.7
-45558.4
-45614.9
-45583.1
-45556.3
-45616
-45584.1
-45557
-45617.3
-45585.5
-45558.1
-45617.4
-45585.4
-45558.2
-45617.4
-45585.4
-45558.1
-45618
-45586
-45558.6
-45616.7
-45584.9
-45557.8
-45616.6
-45584.7
-45557.6
-45618
-45586
-45558.7
-45617.2
-45585.3
-45558.1
-45616.7
-45584.8
-45557.6
-45618.1
-45586.2
-45558.7
-45616.8
-45585
-45557.8
-45617.1
-45585.3
-45558
-45618.4
-45586.4
-45558.9
-45615.5
-45583.8
-45556.8
-45615.5
-45583.7
-45556.5
-45614.8
-45583
-45556.2
-45616.7
-45584.7
-45557.4
-45617.6
-45585.8
-45558.4
-45614.7
-45583
-45556.1
-45616.4
-45584.4
-45557.2
-45617.8
-45585.9
-45558.4
-45617.2
-45585.3
-45558.1
-45617.2
-45585.2
-45557.9
-45617.6
-45585.6
-45558.2
-45617.5
-45585.6
-45558.2
-45616
-45584.1
-45557.2
-45618.7
-45586.7
-45559.1
-45617
-45585.2
-45557.9
-45616.4
-45584.5
-45557.3
-45618.1
-45586.1
-45558.6
-45615
-45583.3
-45556.4
-45615.2
-45583.4
-45556.5
-45616.7
-45584.8
-45557.7
-45616.8
-45585
-45557.8
-45617.7
-45585.7
-45558.4
-45617.2
-45585.4
-45558.1
-45618
-45586.1
-45558.6
-45616.9
-45585
-45557.8
-45617.1
-45585.1
-45557.9
-45617.2
-45585.3
-45558.1
-45617.2
-45585.2
-45558.1
-45618
-45586
-45558.5
-45616.8
-45584.7
-45557.7
-45617.6
-45585.6
-45558.4
-45616.5
-45584.5
-45557.3
-45616.7
-45584.7
-45557.4
-45616.8
-45584.8
-45557.7
-45616.7
-45584.7
-45557.6
-45617.8
-45585.9
-45558.6
-45617.5
-45585.5
-45558
-45617
-45584.9
-45557.6
-45616.3
-45584.2
-45557.1
-45616.9
-45584.8
-45557.6
-45617.2
-45585.2
-45558.1
-45617.8
-45585.6
-45558.5
-45618
-45585.9
-45558.6
-45618
-45585.9
-45558.7
-45618.2
-45586.2
-45558.7
-45617.6
-45585.5
-45558.3
-45617
-45585
-45557.9
-45617.4
-45585.4
-45558.2
-45617.4
-45585.4
-45558.3
-45617.5
-45585.6
-45558.3
-45617.6
-45585.7
-45558.4
-45615.9
-45584
-45557.1
-45615.9
-45584
-45557.1
-45615.8
-45584
-45557.1
-45616.2
-45584.3
-45557.4
-45617.5
-45585.8
-45558.4
-45617.3
-45585.4
-45557.9
-45616.7
-45584.6
-45557.4
-45615.7
-45583.7
-45556.8
-45616.6
-45584.6
-45557.5
-45616.5
-45584.7
-45557.7
-45616.4
-45584.5
-45557.6
-45617.4
-45585.6
-45558.2
-45617.6
-45585.8
-45558.5
-45618.5
-45586.4
-45559
-45617.7
-45585.7
-45558.2
-45616.8
-45584.7
-45557.4
-45616.4
-45584.4
-45557.2
-45616.7
-45584.7
-45557.5
-45616.7
-45584.7
-45557.5
-45618
-45586
-45558.6
-45616
-45584.2
-45557.3
-45616.9
-45584.9
-45557.8
-45617.8
-45586
-45558.6
-45616.5
-45584.7
-45557.5
-45616.7
-45584.7
-45557.4
-45616.7
-45584.8
-45557.9
-45616.8
-45585
-45557.7
-45618
-45586.1
-45558.6
-45616.4
-45584.5
-45557.5
-45616
-45584.2
-45557.1
-45616.2
-45584.3
-45557.3
-45617.5
-45585.6
-45558.1
-45617.1
-45585.1
-45557.8
-45616.5
-45584.5
-45557.4
-45616.9
-45584.8
-45557.6
-45617
-45585.1
-45557.9
-45617.5
-45585.3
-45558.2
-45617.6
-45585.5
-45558.3
-45617.9
-45585.8
-45558.5
-45616.9
-45584.8
-45557.8
-45617.8
-45585.8
-45558.3
-45617.1
-45585.1
-45557.8
-45616.4
-45584.4
-45557.2
-45616.8
-45584.8
-45557.5
-45616.6
-45584.6
-45557.4
-45616.2
-45584.3
-45557.4
-45616.7
-45584.6
-45557.5
-45616.8
-45584.7
-45557.6
-45617.4
-45585.4
-45558.1
-45617.4
-45585.2
-45558.2
-45618.1
-45586
-45558.8
-45617.9
-45585.8
-45558.6
-45616.6
-45584.6
-45557.7
-45616.6
-45584.7
-45557.7
-45616.2
-45584.3
-45557.4
-45616.3
-45584.3
-45557.3
-45615.7
-45583.9
-45556.9
-45615.2
-45583.4
-45556.5
-45616.1
-45584.2
-45557.3
-45615.4
-45583.5
-45556.5
-45616
-45584.2
-45557.1
-45615.1
-45583.4
-45556.5
-45616.9
-45585
-45557.8
-45616.9
-45585
-45557.8
-45618.2
-45586.2
-45558.8
-45617.7
-45585.8
-45558.5
-45618.4
-45586.4
-45558.9
-45615.4
-45583.5
-45556.7
-45615.6
-45583.8
-45556.8
-45616.4
-45584.5
-45557.5
-45617.4
-45585.3
-45558.1
-45617
-45584.9
-45557.8
-45617
-45584.9
-45557.7
-45617.4
-45585.4
-45558.1
-45617
-45585
-45557.9
-45616.9
-45584.8
-45557.8
-45617.5
-45585.4
-45558.2
-45617.1
-45585.1
-45557.9
-45616.9
-45584.8
-45557.8
-45617.4
-45585.4
-45558.1
-45617.4
-45585.3
-45558.1
-45617.2
-45585.1
-45557.9
-45617
-45585
-45557.8
-45617.1
-45585.1
-45557.8
-45617.2
-45585.3
-45558.1
-45617.3
-45585.4
-45558.1
-45617.6
-45585.6
-45558.1
-45616.9
-45584.8
-45557.7
-45617.3
-45585.2
-45558
-45617.1
-45585.1
-45557.9
-45617.6
-45585.7
-45558.2
-45616
-45584
-45557
-45616.9
-45584.9
-45557.7
-45617.3
-45585.3
-45558
-45617.3
-45585.3
-45558
-45617.7
-45585.7
-45558.3
-45617.5
-45585.4
-45558.3
-45617.4
-45585.4
-45558.1
-45618.3
-45586.3
-45558.8
-45617.8
-45585.8
-45558.4
-45617.5
-45585.4
-45558.2
-45618.4
-45586.3
-45559
-45618.1
-45586
-45558.6
-45616.7
-45584.6
-45557.6
-45616.9
-45584.8
-45557.8
-45618
-45585.9
-45558.7
-45617.9
-45585.8
-45558.5
-45617.7
-45585.5
-45558.5
-45615
-45583.2
-45556.3
-45617.8
-45585.8
-45558.3
-45616.8
-45584.7
-45557.4
-45617.1
-45585
-45557.8
-45616.7
-45584.7
-45557.5
-45616.7
-45584.7
-45557.5
-45616.9
-45584.9
-45557.8
-45616.9
-45584.9
-45557.7
-45617.1
-45585.1
-45557.8
-45617
-45585.1
-45557.7
-45615.6
-45583.6
-45556.6
-45617
-45584.9
-45557.7
-45617.2
-45585.2
-45557.9
-45618
-45586
-45558.7
-45617.4
-45585.5
-45558.2
-45617.5
-45585.6
-45558.4
-45618
-45586
-45558.6
-45617.4
-45585.3
-45558.1
-45617.7
-45585.6
-45558.3
-45617.6
-45585.6
-45558.4
-45615.1
-45583.2
-45556.3
-45617.2
-45585.2
-45557.9
-45617.4
-45585.4
-45557.9
-45617
-45584.9
-45557.6
-45617.1
-45585.1
-45557.9
-45617
-45585
-45557.7
-45616.9
-45585
-45557.6
-45616.2
-45584.2
-45557.1
-45617
-45584.9
-45557.8
-45617.4
-45585.4
-45558.2
-45617.7
-45585.7
-45558.5
-45618.3
-45586.3
-45558.8
-45617.6
-45585.5
-45558.3
-45617.5
-45585.6
-45558.4
-45618.1
-45586.1
-45558.7
-45617.9
-45585.8
-45558.5
-45618.1
-45585.9
-45558.6
-45617
-45585
-45558
-45616.7
-45584.7
-45557.6
-45617.5
-45585.4
-45558.1
-45616.9
-45584.7
-45557.7
-45617
-45584.9
-45557.8
-45617.2
-45585.2
-45558
-45617.2
-45585.2
-45557.9
-45617.3
-45585.4
-45558.2
-45617.4
-45585.5
-45558.1
-45616.6
-45584.6
-45557.6
-45616.8
-45584.7
-45557.8
-45617.3
-45585.4
-45558.1
-45618
-45586
-45558.5
-45617.8
-45585.7
-45558.4
-45617.2
-45585.2
-45558
-45617.3
-45585.4
-45558.2
-45617.5
-45585.5
-45558.2
-45617.9
-45585.9
-45558.5
-45617.3
-45585.3
-45558
-45617.2
-45585.1
-45558.1
-45617.8
-45585.6
-45558.5
-45617.9
-45585.8
-45558.5
-45615.6
-45583.7
-45556.9
-45617.4
-45585.5
-45558.2
-45615.9
-45584
-45557.1
-45617.8
-45585.9
-45558.4
-45617.1
-45585.3
-45557.9
-45615.9
-45583.9
-45557
-45617.8
-45585.8
-45558.4
-45615.2
-45583.4
-45556.4
-45617.3
-45585.3
-45558
-45617
-45585.2
-45558.1
-45617.2
-45585.3
-45558.1
-45616.1
-45584.1
-45557.2
-45617.6
-45585.7
-45558.4
-45616.3
-45584.5
-45557.3
-45615.4
-45583.6
-45556.7
-45616.1
-45584.1
-45557.1
-45617.1
-45585.3
-45558
-45616.2
-45584.3
-45557.3
-45615
-45583.1
-45556.2
-45618.1
-45586.2
-45558.7
-45616.6
-45584.7
-45557.5
-45617
-45584.9
-45557.7
-45617.4
-45585.5
-45558.1
-45615.9
-45583.9
-45556.8
-45616.9
-45584.9
-45557.7
-45616.8
-45584.8
-45557.5
-45616.8
-45584.8
-45557.5
-45616.7
-45584.7
-45557.6
-45616.8
-45584.8
-45557.6
-45616.8
-45584.8
-45557.6
-45616.8
-45584.7
-45557.5
-45618.4
-45586.4
-45558.9
-45617.2
-45585.1
-45558.1
-45617.6
-45585.5
-45558.3
-45617.2
-45585.3
-45558.1
-45617.1
-45585.1
-45557.9
-45617.4
-45585.5
-45558.3
-45617.5
-45585.6
-45558.3
-45616.9
-45585
-45557.7
-45615.6
-45583.6
-45556.5
-45617.4
-45585.5
-45558
-45616.6
-45584.7
-45557.4
-45616
-45584.1
-45556.9
-45617.6
-45585.6
-45558.1
-45614.7
-45582.9
-45555.9
-45615.3
-45583.5
-45556.7
-45616.7
-45584.8
-45557.6
-45615.5
-45583.8
-45556.9
-45616.1
-45584.2
-45557.2
-45616.3
-45584.6
-45557.3
-45615.9
-45584
-45556.8
-45616.3
-45584.4
-45557.3
-45616
-45584.1
-45557.1
-45616.7
-45584.9
-45557.6
-45615
-45583.2
-45556.2
-45616.7
-45584.7
-45557.4
-45617.1
-45585.2
-45557.7
-45616.6
-45584.6
-45557.7
-45616.6
-45584.8
-45557.5
-45615.8
-45584
-45557.1
-45616.2
-45584.3
-45557.4
-45614.7
-45582.9
-45556
-45617.5
-45585.6
-45558.1
-45616.3
-45584.2
-45557.3
-45616.9
-45584.8
-45557.7
-45616.7
-45584.7
-45557.4
-45616.8
-45584.8
-45557.5
-45616.9
-45584.9
-45557.7
-45616.7
-45584.8
-45557.5
-45618.3
-45586.3
-45558.9
-45617
-45585
-45558
-45618
-45586
-45558.5
-45616.3
-45584.3
-45557.3
-45617.4
-45585.5
-45558.2
-45617.8
-45585.8
-45558.5
-45617.1
-45585.1
-45557.8
-45616.6
-45584.6
-45557.5
-45615.8
-45584
-45557
-45616.2
-45584.2
-45557.2
-45616.2
-45584.4
-45557.2
-45614.9
-45583.2
-45556.4
-45616.2
-45584.2
-45557.2
-45615.5
-45583.6
-45556.6
-45617.3
-45585.3
-45557.9
-45615.7
-45583.9
-45556.9
-45616.3
-45584.4
-45557.4
-45616.5
-45584.6
-45557.6
-45617.3
-45585.4
-45558.2
-45617.2
-45585.3
-45558.1
-45618.2
-45586.2
-45558.7
-45616.2
-45584.3
-45557.2
-45615.1
-45583.3
-45556.5
-45616.1
-45584.1
-45557
-45617.2
-45585.4
-45558
-45617.8
-45585.9
-45558.5
-45618.1
-45586.1
-45558.7
-45617.3
-45585.3
-45558.1
-45617
-45585.1
-45558
-45617.5
-45585.6
-45558.3
-45614.1
-45582.3
-45555.6
-45616.7
-45584.7
-45557.5
-45616.8
-45584.8
-45557.4
-45617.1
-45585.1
-45557.7
-45616.5
-45584.5
-45557.4
-45617
-45585
-45557.7
-45617.3
-45585.4
-45557.9
-45616.4
-45584.4
-45557.2
-45617
-45584.9
-45557.7
-45617.5
-45585.5
-45558.2
-45617.7
-45585.7
-45558.5
-45617.5
-45585.6
-45558.4
-45617.7
-45585.7
-45558.3
-45617.7
-45585.6
-45558.3
-45618.4
-45586.4
-45558.9
-45617.8
-45585.8
-45558.5
-45615.8
-45583.8
-45556.8
-45615.3
-45583.4
-45556.3
-45615.9
-45584
-45557
-45616
-45584.1
-45557.2
-45616.9
-45585
-45557.8
-45616.6
-45584.7
-45557.4
-45617.4
-45585.4
-45557.9
-45616.4
-45584.7
-45557.5
-45616.6
-45584.6
-45557.7
-45615.6
-45583.9
-45557
-45616.5
-45584.5
-45557.6
-45614.9
-45583.1
-45556
-45616.8
-45584.9
-45557.5
-45617.5
-45585.5
-45558
-45616.8
-45584.9
-45557.6
-45617.7
-45585.7
-45558.2
-45615.8
-45583.9
-45557
-45616.1
-45584.3
-45557.3
-45617
-45585.1
-45557.8
-45615.9
-45584.2
-45557.3
-45616.8
-45584.9
-45557.9
-45615.5
-45583.8
-45556.9
-45616.6
-45584.7
-45557.6
-45616.4
-45584.4
-45557.3
-45616.7
-45584.7
-45557.6
-45616.8
-45584.9
-45557.6
-45617
-45585.1
-45557.7
-45616.8
-45584.7
-45557.5
-45617.5
-45585.6
-45558.2
-45617.2
-45585.2
-45558
-45617.6
-45585.7
-45558.4
-45617.5
-45585.6
-45558.3
-45618
-45586.1
-45558.7
-45618.3
-45586.2
-45558.7
-45615.6
-45583.9
-45556.9
-45614.8
-45583.1
-45556.3
-45615.8
-45583.8
-45556.8
-45615.6
-45583.8
-45556.9
-45617
-45585
-45557.8
-45616.8
-45584.7
-45557.7
-45617
-45584.9
-45557.8
-45617.1
-45585
-45557.9
-45617.3
-45585.2
-45557.9
-45617.1
-45585
-45557.8
-45617.3
-45585.3
-45558
-45616.9
-45584.9
-45557.7
-45617.2
-45585.2
-45558
-45617.4
-45585.4
-45558
-45615.7
-45583.7
-45556.6
-45616.9
-45584.8
-45557.5
-45617.3
-45585.3
-45558
-45617.8
-45585.8
-45558.4
-45617.7
-45585.6
-45558.4
-45617
-45585
-45557.8
-45617.1
-45585.2
-45558
-45617.4
-45585.4
-45558.1
-45617.8
-45585.8
-45558.3
-45617.2
-45585.1
-45558
-45617.5
-45585.3
-45558.2
-45617.8
-45585.6
-45558.4
-45615.2
-45583.3
-45556.4
-45616.7
-45584.8
-45557.5
-45617.5
-45585.4
-45557.9
-45616.4
-45584.3
-45557.2
-45616.8
-45584.8
-45557.5
-45616.5
-45584.5
-45557.3
-45616.8
-45584.8
-45557.6
-45616.9
-45584.9
-45557.6
-45618.3
-45586.2
-45558.7
-45617.3
-45585.2
-45557.9
-45617.3
-45585.4
-45558.2
-45617.8
-45585.9
-45558.5
-45616.5
-45584.5
-45557.5
-45617.6
-45585.6
-45558.4
-45618
-45586
-45558.5
-45616.8
-45584.8
-45557.6
-45616.5
-45584.5
-45557.3
-45616.6
-45584.7
-45557.5
-45616.8
-45584.9
-45557.6
-45617.6
-45585.5
-45558
-45617.1
-45585
-45557.7
-45617.8
-45585.8
-45558.5
-45618
-45586
-45558.6
-45617.3
-45585.4
-45558.2
-45618.4
-45586.4
-45558.8
-45617.2
-45585
-45557.9
-45617.3
-45585.2
-45557.9
-45617
-45585.1
-45557.8
-45615.5
-45583.6
-45556.6
-45617.1
-45585.1
-45557.9
-45617.6
-45585.6
-45558.2
-45616
-45584
-45557
-45617
-45585
-45557.9
-45617.2
-45585.3
-45558.1
-45617.8
-45585.8
-45558.4
-45617.1
-45585.2
-45558
-45618
-45586
-45558.5
)
;

boundaryField
{
    sphere_to_oil
    {
        type            calculated;
        value           nonuniform List<scalar> 
1536
(
-45555.9
-45556.1
-45556.1
-45556.6
-45556.4
-45556.7
-45557
-45556.5
-45556.6
-45557
-45556.4
-45556.1
-45556.6
-45557
-45556.3
-45557.1
-45555
-45555.2
-45556.4
-45556.5
-45556.5
-45555.7
-45555.9
-45556.1
-45556.2
-45556.1
-45555.9
-45556.2
-45556.3
-45556.5
-45556.5
-45556.5
-45556.5
-45555.7
-45555.7
-45556.2
-45555.8
-45555.9
-45556.3
-45555.8
-45556.2
-45555.9
-45556.5
-45556.4
-45556.4
-45556.7
-45555.9
-45555.9
-45557.1
-45557
-45557
-45557
-45556
-45556
-45556.4
-45556.3
-45556.9
-45557
-45556.2
-45556.4
-45556.6
-45556.5
-45556.7
-45556.1
-45556.4
-45556.1
-45555.6
-45556.7
-45556.7
-45556.7
-45555.2
-45557.5
-45557.3
-45557
-45555.2
-45556.8
-45557
-45557.3
-45557.1
-45555.3
-45555.8
-45555.9
-45556.9
-45556.3
-45556.6
-45556.3
-45557.2
-45557
-45556.9
-45556.5
-45556.6
-45556.2
-45556.4
-45556.1
-45556.4
-45555.9
-45555.3
-45556.6
-45556.5
-45556.9
-45556.9
-45555.2
-45556.5
-45556.7
-45557.2
-45557
-45555.1
-45557.5
-45557.4
-45556.7
-45556.9
-45557
-45555.9
-45556.1
-45556.8
-45557
-45557.3
-45556.6
-45556.3
-45556.5
-45557
-45556.7
-45556.2
-45556.3
-45555.7
-45556
-45556.3
-45556.6
-45555.7
-45555.9
-45556.1
-45556.6
-45556.7
-45557
-45557
-45556
-45556.1
-45556
-45557.1
-45556.8
-45556.3
-45556.3
-45556.4
-45556.4
-45556.7
-45556.6
-45555.6
-45555.9
-45555.9
-45554.8
-45555.1
-45556.2
-45556.2
-45556
-45556.1
-45556.2
-45555.4
-45556
-45554.7
-45555.5
-45555.3
-45555.9
-45555.7
-45555.7
-45556.1
-45555.6
-45555.9
-45555.8
-45555.2
-45555.7
-45556.8
-45556.8
-45556.9
-45556.8
-45557
-45556.8
-45555.4
-45556.4
-45555.7
-45554.7
-45555.6
-45555.3
-45555.6
-45555.3
-45556.1
-45555.2
-45555.9
-45556.7
-45556.7
-45557
-45557.4
-45556.8
-45556.8
-45556.6
-45556.7
-45557.1
-45556.6
-45556.5
-45556.9
-45556.9
-45556.9
-45557.4
-45556.2
-45556.2
-45556.1
-45556.4
-45556.8
-45556.3
-45556.4
-45556.6
-45556.7
-45556.8
-45557
-45556.7
-45556.8
-45556.4
-45556.7
-45557.1
-45557.4
-45557.7
-45556.8
-45556.8
-45556.6
-45557
-45557.2
-45555.9
-45556.2
-45556.4
-45556.4
-45556.9
-45556.2
-45556.5
-45556.3
-45556.6
-45556
-45555.9
-45555.8
-45556.3
-45556.5
-45557.2
-45557.2
-45556.5
-45555.7
-45556.3
-45557
-45557.1
-45556.8
-45556.2
-45555.8
-45555.9
-45557.2
-45556.4
-45556.8
-45556.5
-45556.5
-45556.8
-45556.8
-45556.2
-45556.2
-45555.3
-45555.1
-45555.6
-45556.5
-45555
-45555.7
-45556.1
-45556.2
-45556.7
-45555.9
-45556
-45555.9
-45556.4
-45556.5
-45556.8
-45556.8
-45556.4
-45556.6
-45556.7
-45556.9
-45555.9
-45555.7
-45555.6
-45556.3
-45556.3
-45557.4
-45557
-45557.1
-45556.1
-45556.2
-45555.7
-45555.6
-45556.2
-45556.4
-45556.9
-45556.7
-45556.8
-45557.7
-45557.6
-45557.5
-45557.8
-45557.5
-45557.6
-45557.4
-45556.8
-45556.8
-45555
-45555.4
-45555.6
-45555.5
-45556.2
-45554.9
-45555.7
-45557.1
-45557
-45557
-45556.9
-45557
-45556.9
-45556.4
-45556.4
-45556.2
-45556.6
-45556.3
-45556.6
-45556.1
-45556.2
-45556.1
-45556.5
-45556.4
-45555.8
-45555.9
-45556.3
-45556.7
-45557.1
-45557.3
-45556.7
-45556.9
-45556.6
-45556.8
-45556.5
-45556.6
-45556.7
-45556.6
-45556.6
-45557
-45557.2
-45557.5
-45557.6
-45557.6
-45557.5
-45557.6
-45557.4
-45556.6
-45556.1
-45556.1
-45556
-45556.5
-45555.7
-45556.3
-45556.1
-45556
-45556
-45556.5
-45556.2
-45555.6
-45556.4
-45556.9
-45556.9
-45557.3
-45557.3
-45557
-45556.9
-45556.8
-45557.3
-45557.1
-45556.7
-45556.7
-45556.2
-45555.6
-45555.9
-45556.1
-45556.1
-45555.8
-45556.5
-45557
-45556.2
-45555.6
-45555.5
-45555.8
-45555.8
-45555.7
-45556.4
-45556.5
-45557.1
-45557
-45556.6
-45556.8
-45556.9
-45556.6
-45557.2
-45557
-45556.6
-45556.7
-45556.6
-45557.1
-45557.4
-45556.9
-45556.9
-45556.6
-45557
-45557.2
-45557.4
-45557
-45557.3
-45557.3
-45557
-45557.1
-45556.8
-45556.5
-45556.6
-45555.7
-45557
-45556.5
-45556.2
-45556.2
-45556.1
-45556.5
-45556.7
-45556.3
-45556.1
-45556.8
-45556.9
-45556.6
-45557.2
-45557
-45557.3
-45557
-45556.4
-45556.3
-45556.2
-45556.7
-45556.7
-45556.5
-45557
-45557.2
-45557.6
-45557.5
-45557.5
-45557.5
-45557.4
-45557.5
-45556.8
-45556.8
-45555.4
-45555.7
-45555.7
-45554.8
-45555.8
-45555.4
-45556
-45556.7
-45556.2
-45556.3
-45556.1
-45556
-45556
-45555.9
-45556.5
-45556
-45555.9
-45555.9
-45556.4
-45556.2
-45555.9
-45556.2
-45555.3
-45557.2
-45556.9
-45556.8
-45556.5
-45557.2
-45556.8
-45556.8
-45556.5
-45557.1
-45557
-45556.6
-45556.5
-45555
-45554.2
-45555.4
-45554.6
-45555
-45555.1
-45557.5
-45557.2
-45556.3
-45556.6
-45556.7
-45556.9
-45554.4
-45555.4
-45555.1
-45555
-45555.5
-45555.1
-45553.9
-45557.4
-45557.3
-45557.2
-45557.5
-45557.3
-45556.7
-45556.8
-45556.4
-45556.5
-45556.1
-45556.1
-45555.9
-45556.5
-45556.1
-45556.3
-45555.3
-45556.6
-45556.2
-45555.8
-45555.7
-45556.8
-45557.2
-45556.5
-45556.9
-45556.8
-45556.9
-45557
-45557.1
-45557.1
-45556.9
-45556.9
-45556.6
-45557.2
-45556.7
-45556.8
-45556.6
-45557
-45556.9
-45556.9
-45556.7
-45556.7
-45557.1
-45557
-45556.8
-45556.2
-45555.9
-45557.1
-45556.2
-45555.5
-45555.8
-45555
-45556
-45555.6
-45556.2
-45556.2
-45555.8
-45554.9
-45555.7
-45555.6
-45555.9
-45556.4
-45555.2
-45556.3
-45556.3
-45556.1
-45556.4
-45555.9
-45556.1
-45555.3
-45556.2
-45556.2
-45555.6
-45555.7
-45556
-45554.9
-45555.2
-45555.8
-45556
-45555.7
-45556.4
-45556.5
-45555.7
-45556.1
-45555.7
-45556.4
-45556.4
-45556.7
-45556.6
-45556.8
-45557.1
-45556.9
-45557.1
-45556.9
-45556.6
-45556.7
-45556.4
-45557
-45557.1
-45556.6
-45556.6
-45556.4
-45557
-45557.2
-45554.5
-45555.6
-45555.1
-45555
-45555.7
-45555.3
-45554.3
-45557.2
-45557
-45557
-45557.4
-45557.2
-45556.8
-45556.7
-45556.3
-45554.9
-45554.8
-45555.5
-45555.7
-45554.2
-45555.2
-45554.3
-45555.3
-45556
-45556.7
-45557.5
-45557.5
-45557.2
-45557.1
-45557.3
-45557.3
-45557.4
-45556.5
-45556.7
-45556.4
-45556.2
-45556.2
-45555.9
-45556.2
-45555.9
-45555.5
-45555.7
-45555.6
-45556.1
-45556.4
-45556.6
-45556.1
-45556.2
-45555.8
-45556.5
-45556.6
-45556.5
-45556.6
-45556.3
-45557.2
-45556.7
-45557.3
-45556.9
-45557.7
-45558
-45557.1
-45557
-45557
-45556.8
-45557.3
-45557.2
-45557.1
-45556.7
-45556.8
-45557.2
-45557
-45556.9
-45556.5
-45556.7
-45557.1
-45557.4
-45557.1
-45557
-45557.1
-45556.8
-45557.3
-45557.4
-45556.8
-45556.6
-45556.6
-45557
-45557.3
-45555.6
-45556
-45556.4
-45556
-45555.2
-45555.7
-45556
-45556.5
-45555.4
-45556.9
-45556.8
-45556.9
-45556.9
-45557
-45557.1
-45556.9
-45556.6
-45556.6
-45556.1
-45556.9
-45556.7
-45556.1
-45556.2
-45556
-45556.5
-45555.3
-45555.1
-45556.4
-45556.6
-45556.8
-45556.5
-45557.2
-45557
-45557.4
-45556.4
-45556.5
-45556.1
-45556.7
-45556.8
-45557
-45556.7
-45556.6
-45556.4
-45557.5
-45557.5
-45557.4
-45557.6
-45557.6
-45557.4
-45556.8
-45556.4
-45556.1
-45556.1
-45555.6
-45556.4
-45555.8
-45555.9
-45555.7
-45556.3
-45555.9
-45555.7
-45556.2
-45556.5
-45556.3
-45556.1
-45556.9
-45556.6
-45556.7
-45556.4
-45556.3
-45557.4
-45557
-45556.7
-45556.5
-45556.3
-45556.6
-45556.4
-45556.9
-45556.9
-45557.4
-45555.9
-45556
-45555.9
-45556.2
-45556.4
-45556.7
-45555.9
-45556.2
-45555.9
-45556.2
-45556.1
-45556
-45555.9
-45556.3
-45556.4
-45556.6
-45557.2
-45557
-45556.7
-45556.6
-45557.3
-45557.4
-45557.2
-45557.1
-45557.1
-45556.8
-45557.4
-45557.4
-45556.7
-45557.1
-45556.9
-45556.9
-45557.3
-45557
-45557.1
-45556.7
-45556.9
-45556.7
-45556.8
-45556.9
-45556.7
-45556.9
-45556.7
-45557
-45557
-45557
-45556.5
-45556.4
-45556.3
-45556.6
-45556.5
-45556.7
-45555.6
-45555.6
-45557
-45556.4
-45556.4
-45556.3
-45556.7
-45555.9
-45555.9
-45556.5
-45556.6
-45556.9
-45557.2
-45557.3
-45556.9
-45556.9
-45556.4
-45556.4
-45557.1
-45556.8
-45556.7
-45556.6
-45557.1
-45557.2
-45556.3
-45556.7
-45556.8
-45556.9
-45557.1
-45557.1
-45557.1
-45556.8
-45556.6
-45556.5
-45556.3
-45556.9
-45555.9
-45556.4
-45556.9
-45557.4
-45556.8
-45556.5
-45557
-45557
-45556.4
-45556.6
-45556.4
-45557.1
-45556.6
-45556.5
-45557
-45556
-45557.3
-45556.9
-45557.1
-45556.2
-45555.4
-45556.5
-45556.7
-45556.7
-45556.8
-45556.7
-45555.7
-45556.7
-45556.2
-45556.8
-45555.7
-45556.8
-45556.6
-45555.5
-45555.9
-45557.2
-45556.7
-45556.2
-45557.2
-45556.5
-45557
-45556.5
-45557.1
-45556.3
-45556.2
-45556.5
-45555
-45556.3
-45555.5
-45557.3
-45556.7
-45557.3
-45556.3
-45556
-45556.8
-45556.1
-45556.4
-45555.2
-45555.7
-45557.1
-45556.1
-45555.7
-45555.9
-45555.9
-45556.4
-45556.2
-45555.7
-45556.7
-45555.8
-45555.3
-45555.7
-45557.1
-45555.9
-45556.1
-45556.3
-45556.6
-45556.4
-45556.8
-45556.8
-45556.6
-45556.9
-45555.6
-45556.5
-45556.5
-45556.5
-45557.1
-45555.7
-45556
-45556.5
-45556.4
-45557
-45556.9
-45557.1
-45556.7
-45557
-45556.5
-45556.9
-45555.9
-45556.8
-45555.8
-45556.4
-45555.4
-45556.3
-45556.4
-45556.8
-45556.3
-45556.6
-45555.5
-45556.9
-45556.6
-45556.7
-45557.3
-45556.5
-45555.1
-45556.1
-45555.1
-45556.9
-45556.8
-45555.1
-45556.1
-45554.5
-45556.6
-45557.1
-45556.5
-45556.7
-45555
-45556.7
-45557.2
-45556.8
-45556.7
-45557.3
-45557.1
-45556
-45555.4
-45556.5
-45555.8
-45555.2
-45556.9
-45555.8
-45556.7
-45556.2
-45557.1
-45555.7
-45556.3
-45555
-45556.5
-45556.7
-45556.6
-45556.7
-45557.2
-45557
-45556.8
-45557.2
-45555.2
-45555.9
-45554.8
-45556.5
-45557.5
-45556.6
-45556.7
-45556.1
-45554.7
-45556
-45554.9
-45555.9
-45556.2
-45556.9
-45556.9
-45556.8
-45556.3
-45556.7
-45556.8
-45557.2
-45556.8
-45557.3
-45557.2
-45555.8
-45556.3
-45556.1
-45556.2
-45556
-45556.4
-45556.8
-45556.7
-45555.5
-45555.9
-45556.4
-45556.9
-45557
-45556.5
-45555.9
-45556.2
-45557.3
-45556.9
-45556.7
-45556.6
-45557
-45556.9
-45556.5
-45556.3
-45557.1
-45555.3
-45555.8
-45556.7
-45557.1
-45556.1
-45557.5
-45555.6
-45556
-45556.9
-45556.8
-45556.1
-45557.1
-45555.8
-45556.3
-45557.1
-45556.8
-45557
-45556.2
-45557.2
-45555.7
-45556.3
-45557.4
-45555.7
-45556.2
-45557.2
-45555.3
-45555.9
-45556.9
-45557
-45556.9
-45557.2
-45556.6
-45556.5
-45557.4
-45556.9
-45556.3
-45557.3
-45556.6
-45556.7
-45557.5
-45555.8
-45555.5
-45555.3
-45556.3
-45557.2
-45555.2
-45556
-45557.1
-45556.9
-45556.7
-45556.9
-45557
-45556
-45557.7
-45556.7
-45556.1
-45557.2
-45555.4
-45555.5
-45556.5
-45556.6
-45557.2
-45556.9
-45557.3
-45556.7
-45556.8
-45556.9
-45556.9
-45557.2
-45556.6
-45557.2
-45556.2
-45556.3
-45556.5
-45556.5
-45557.4
-45556.7
-45556.4
-45556
-45556.5
-45556.9
-45557.3
-45557.4
-45557.5
-45557.4
-45557
-45556.8
-45557
-45557.1
-45557.1
-45557.1
-45556
-45556
-45556.1
-45556.3
-45557.2
-45556.7
-45556.2
-45555.7
-45556.4
-45556.6
-45556.5
-45557
-45557.2
-45557.5
-45556.9
-45556.3
-45556
-45556.4
-45556.3
-45557.3
-45556.3
-45556.7
-45557.4
-45556.4
-45556.2
-45556.8
-45556.6
-45557.2
-45556.3
-45556
-45556.3
-45556.9
-45556.6
-45556.2
-45556.5
-45556.7
-45557.1
-45557.1
-45557.3
-45556.7
-45557
-45556.5
-45556
-45556.4
-45556.2
-45556.4
-45556.4
-45556.5
-45556.8
-45557.1
-45557.6
-45557.5
-45556.6
-45556.6
-45556.4
-45556.2
-45555.9
-45555.5
-45556.3
-45555.5
-45556
-45555.5
-45556.6
-45556.7
-45557.5
-45557.2
-45557.5
-45555.7
-45555.8
-45556.5
-45556.9
-45556.6
-45556.6
-45556.9
-45556.8
-45556.7
-45556.9
-45556.7
-45556.6
-45556.9
-45556.9
-45556.7
-45556.6
-45556.6
-45556.9
-45556.9
-45556.9
-45556.5
-45556.8
-45556.8
-45557
-45556
-45556.6
-45556.8
-45556.8
-45557
-45557.1
-45556.9
-45557.5
-45557.2
-45557.1
-45557.7
-45557.4
-45556.6
-45556.8
-45557.5
-45557.3
-45557.3
-45555.3
-45557
-45556.2
-45556.6
-45556.4
-45556.3
-45556.6
-45556.6
-45556.6
-45556.5
-45555.6
-45556.6
-45556.6
-45557.4
-45557.1
-45557.3
-45557.4
-45556.9
-45557.1
-45557.2
-45555.3
-45556.6
-45556.6
-45556.4
-45556.7
-45556.5
-45556.4
-45556
-45556.6
-45557
-45557.3
-45557.5
-45557.2
-45557.2
-45557.4
-45557.3
-45557.3
-45556.8
-45556.6
-45556.9
-45556.6
-45556.7
-45556.8
-45556.7
-45557
-45556.9
-45556.4
-45556.6
-45556.9
-45557.2
-45557.2
-45556.8
-45557
-45557
-45557.2
-45556.8
-45557
-45557.3
-45557.3
-45555.8
-45557
-45556
-45557.1
-45556.8
-45555.8
-45557
-45555.4
-45556.7
-45556.9
-45557
-45556.1
-45557.2
-45556.2
-45555.7
-45556
-45556.9
-45556.3
-45555.2
-45557.4
-45556.3
-45556.5
-45556.8
-45555.7
-45556.5
-45556.3
-45556.3
-45556.4
-45556.4
-45556.4
-45556.2
-45557.6
-45556.9
-45557.1
-45557
-45556.8
-45557.1
-45557.1
-45556.5
-45555.4
-45556.7
-45556.3
-45555.7
-45556.8
-45554.9
-45555.7
-45556.5
-45555.9
-45556.2
-45556.3
-45555.6
-45556.2
-45556
-45556.4
-45555.1
-45556.2
-45556.4
-45556.6
-45556.4
-45556.1
-45556.4
-45555
-45556.9
-45556.1
-45556.5
-45556.2
-45556.3
-45556.5
-45556.4
-45557.6
-45556.9
-45557.3
-45556.2
-45557.1
-45557.2
-45556.6
-45556.3
-45555.9
-45556.1
-45556.1
-45555.5
-45556
-45555.6
-45556.6
-45555.8
-45556.3
-45556.5
-45557
-45556.9
-45557.3
-45556.1
-45555.5
-45555.9
-45556.9
-45557.3
-45557.3
-45556.9
-45556.8
-45557.1
-45554.6
-45556.3
-45556.2
-45556.5
-45556.2
-45556.5
-45556.7
-45556.1
-45556.5
-45557
-45557.3
-45557.2
-45557
-45557.1
-45557.6
-45557.3
-45555.6
-45555.2
-45555.9
-45556.1
-45556.6
-45556.3
-45556.6
-45556.4
-45556.5
-45556
-45556.5
-45555
-45556.2
-45556.6
-45556.4
-45556.8
-45555.9
-45556.2
-45556.6
-45556.3
-45556.8
-45555.9
-45556.5
-45556.1
-45556.4
-45556.4
-45556.5
-45556.3
-45556.9
-45556.7
-45557.2
-45557.1
-45557.4
-45557.4
-45555.9
-45555.4
-45555.8
-45555.9
-45556.7
-45556.5
-45556.7
-45556.7
-45556.7
-45556.6
-45556.8
-45556.5
-45556.8
-45556.7
-45555.6
-45556.3
-45556.8
-45557.1
-45557.1
-45556.7
-45556.9
-45556.9
-45557.1
-45556.9
-45557.1
-45557.2
-45555.4
-45556.3
-45556.6
-45556.1
-45556.3
-45556.1
-45556.4
-45556.4
-45557.4
-45556.7
-45557
-45557.2
-45556.4
-45557.2
-45557.1
-45556.4
-45556.2
-45556.4
-45556.4
-45556.8
-45556.5
-45557.3
-45557.4
-45557
-45557.5
-45556.7
-45556.7
-45556.6
-45555.6
-45556.7
-45556.9
-45555.9
-45556.7
-45556.9
-45557.2
-45556.9
-45557.2
)
;
    }
}


// ************************************************************************* //
