/*--------------------------------*- C++ -*----------------------------------*\
| =========                 |                                                 |
| \\      /  F ield         | OpenFOAM: The Open Source CFD Toolbox           |
|  \\    /   O peration     | Version:  v1912                                 |
|   \\  /    A nd           | Website:  www.openfoam.com                      |
|    \\/     M anipulation  |                                                 |
\*---------------------------------------------------------------------------*/
FoamFile
{
    version     2.0;
    format      ascii;
    class       volScalarField;
    location    "328/sphere";
    object      ddt0((betavSolid*thermo:rho),h);
}
// * * * * * * * * * * * * * * * * * * * * * * * * * * * * * * * * * * * * * //

dimensions      [1 -1 -3 0 0 0 0];


internalField   nonuniform List<scalar> 
6600
(
-163240
-163270
-163267
-163336
-163250
-163249
-163269
-163469
-163512
-163389
-163267
-163510
-163552
-163436
-163372
-163434
-163337
-163266
-163333
-163250
-163267
-163509
-163552
-163436
-163327
-163551
-163593
-163478
-163269
-163244
-163432
-163474
-163401
-163264
-163248
-163385
-163436
-163329
-163246
-163432
-163476
-163400
-163323
-163399
-163288
-163265
-163266
-163265
-163263
-163266
-163242
-163336
-163273
-163435
-163391
-163477
-163438
-163390
-163476
-163435
-163271
-163242
-163335
-163272
-163436
-163434
-163390
-163335
-163271
-163271
-163242
-163262
-163262
-163261
-163259
-163251
-163259
-163262
-163252
-163259
-163261
-163251
-163263
-163280
-163249
-163248
-163325
-163399
-163248
-163249
-163399
-163329
-163289
-163247
-163324
-163246
-163398
-163268
-163268
-163331
-163387
-163434
-163433
-163474
-163262
-163296
-163287
-163358
-163337
-163321
-163367
-163250
-163328
-163401
-163250
-163247
-163247
-163398
-163325
-163331
-163239
-163270
-163434
-163473
-163388
-163434
-163273
-163272
-163242
-163476
-163437
-163435
-163391
-163401
-163250
-163329
-163280
-163248
-163324
-163399
-163248
-163400
-163329
-163249
-163288
-163262
-163264
-163323
-163247
-163246
-163397
-163268
-163372
-163433
-163267
-163330
-163433
-163473
-163242
-163435
-163390
-163333
-163271
-163474
-163436
-163337
-163249
-163401
-163250
-163259
-163372
-163267
-163431
-163266
-163432
-163327
-163470
-163243
-163436
-163273
-163435
-163273
-163477
-163340
-163269
-163259
-163431
-163372
-163327
-163472
-163267
-163433
-163272
-163391
-163244
-163477
-163340
-163437
-163273
-163269
-163324
-163244
-163398
-163246
-163433
-163268
-163432
-163473
-163267
-163330
-163390
-163269
-163242
-163474
-163436
-163333
-163272
-163401
-163250
-163250
-163263
-163264
-163263
-163264
-163246
-163245
-163397
-163323
-163330
-163432
-163472
-163269
-163372
-163434
-163271
-163474
-163435
-163269
-163242
-163435
-163390
-163401
-163250
-163336
-163259
-163431
-163327
-163470
-163371
-163266
-163433
-163273
-163477
-163340
-163390
-163243
-163436
-163273
-163269
-163259
-163472
-163266
-163431
-163266
-163434
-163372
-163340
-163437
-163273
-163436
-163273
-163391
-163243
-163398
-163247
-163323
-163472
-163267
-163330
-163371
-163433
-163268
-163436
-163332
-163272
-163434
-163390
-163270
-163242
-163251
-163249
-163337
-163262
-163279
-163248
-163323
-163399
-163247
-163399
-163329
-163249
-163288
-163324
-163246
-163397
-163247
-163433
-163431
-163473
-163240
-163270
-163268
-163331
-163400
-163249
-163250
-163397
-163323
-163247
-163473
-163386
-163433
-163268
-163331
-163240
-163269
-163251
-163328
-163250
-163279
-163399
-163248
-163248
-163328
-163249
-163249
-163245
-163238
-163237
-163243
-163239
-163248
-163240
-163247
-163240
-163247
-163240
-163245
-163239
-163235
-163237
-163253
-163251
-163241
-163261
-163259
-163251
-163247
-163239
-163245
-163239
-163252
-163252
-163272
-163338
-163274
-163301
-163301
-163263
-163300
-163288
-163359
-163339
-163321
-163370
-163262
-163296
-163286
-163357
-163337
-163321
-163367
-163252
-163252
-163272
-163337
-163273
-163301
-163301
-163263
-163298
-163288
-163358
-163338
-163321
-163369
-163298
-163263
-163287
-163358
-163338
-163368
-163321
-163297
-163262
-163287
-163357
-163337
-163367
-163321
-163252
-163252
-163272
-163337
-163274
-163302
-163302
-163239
-163236
-163253
-163251
-163240
-163252
-163250
-163239
-163239
-163250
-163249
-163268
-163333
-163271
-163299
-163299
-163249
-163266
-163243
-163288
-163352
-163259
-163334
-163279
-163362
-163317
-163244
-163297
-163252
-163257
-163285
-163242
-163247
-163264
-163243
-163252
-163295
-163284
-163256
-163321
-163246
-163266
-163245
-163292
-163261
-163293
-163355
-163262
-163335
-163290
-163320
-163282
-163364
-163244
-163249
-163266
-163321
-163264
-163243
-163244
-163290
-163292
-163261
-163348
-163332
-163256
-163287
-163314
-163361
-163276
-163248
-163241
-163240
-163244
-163261
-163273
-163288
-163287
-163369
-163253
-163319
-163316
-163240
-163349
-163288
-163332
-163257
-163361
-163277
-163314
-163375
-163323
-163395
-163314
-163386
-163303
-163384
-163253
-163297
-163242
-163257
-163286
-163348
-163332
-163287
-163257
-163361
-163314
-163276
-163249
-163242
-163369
-163390
-163309
-163308
-163380
-163379
-163293
-163264
-163263
-163254
-163250
-163292
-163239
-163254
-163281
-163236
-163260
-163254
-163246
-163241
-163245
-163262
-163252
-163243
-163294
-163283
-163255
-163240
-163245
-163262
-163368
-163283
-163318
-163272
-163282
-163316
-163249
-163249
-163292
-163241
-163282
-163253
-163269
-163365
-163278
-163278
-163314
-163314
-163247
-163252
-163256
-163256
-163243
-163236
-163251
-163252
-163239
-163237
-163249
-163249
-163249
-163242
-163247
-163264
-163242
-163294
-163251
-163255
-163283
-163241
-163246
-163262
-163251
-163240
-163294
-163255
-163281
-163269
-163280
-163278
-163366
-163248
-163316
-163312
-163241
-163295
-163284
-163251
-163255
-163249
-163266
-163244
-163252
-163243
-163295
-163255
-163284
-163243
-163249
-163266
-163283
-163368
-163317
-163272
-163283
-163250
-163316
-163252
-163255
-163255
-163243
-163242
-163247
-163264
-163241
-163251
-163294
-163283
-163255
-163241
-163245
-163261
-163269
-163280
-163277
-163366
-163247
-163315
-163311
-163250
-163239
-163293
-163255
-163281
-163290
-163260
-163335
-163280
-163364
-163353
-163318
-163259
-163288
-163279
-163352
-163334
-163318
-163363
-163242
-163297
-163285
-163252
-163257
-163283
-163368
-163317
-163271
-163282
-163250
-163316
-163244
-163250
-163266
-163252
-163244
-163297
-163256
-163285
-163250
-163240
-163294
-163255
-163283
-163241
-163247
-163264
-163250
-163293
-163239
-163254
-163280
-163240
-163244
-163260
-163268
-163280
-163366
-163277
-163315
-163247
-163311
-163311
-163313
-163395
-163372
-163296
-163383
-163384
-163333
-163250
-163250
-163271
-163268
-163298
-163299
-163292
-163353
-163261
-163336
-163280
-163365
-163318
-163299
-163263
-163340
-163288
-163370
-163359
-163323
-163298
-163263
-163288
-163358
-163338
-163368
-163322
-163252
-163252
-163272
-163338
-163274
-163302
-163302
-163244
-163250
-163267
-163252
-163296
-163243
-163256
-163285
-163272
-163283
-163369
-163283
-163318
-163250
-163317
-163244
-163249
-163266
-163251
-163250
-163249
-163251
-163241
-163295
-163283
-163255
-163269
-163281
-163365
-163277
-163314
-163246
-163312
-163241
-163245
-163262
-163251
-163294
-163242
-163255
-163282
-163244
-163249
-163266
-163271
-163283
-163368
-163283
-163318
-163249
-163316
-163252
-163295
-163242
-163256
-163285
-163243
-163249
-163265
-163252
-163256
-163256
-163243
-163237
-163237
-163252
-163250
-163239
-163240
-163254
-163260
-163247
-163246
-163239
-163241
-163245
-163263
-163241
-163245
-163261
-163268
-163278
-163277
-163365
-163247
-163313
-163311
-163250
-163240
-163293
-163282
-163253
-163250
-163239
-163292
-163281
-163253
-163349
-163258
-163333
-163289
-163315
-163277
-163362
-163349
-163259
-163288
-163333
-163277
-163318
-163361
-163370
-163311
-163310
-163393
-163294
-163382
-163381
-163336
-163251
-163274
-163252
-163301
-163270
-163301
-163375
-163314
-163323
-163395
-163303
-163384
-163386
-163356
-163262
-163296
-163338
-163285
-163321
-163367
-163273
-163287
-163287
-163369
-163253
-163318
-163318
-163244
-163250
-163267
-163252
-163242
-163296
-163285
-163256
-163252
-163243
-163296
-163285
-163256
-163234
-163235
-163249
-163249
-163238
-163348
-163257
-163332
-163287
-163315
-163276
-163360
-163348
-163257
-163332
-163287
-163315
-163276
-163361
-163369
-163308
-163309
-163390
-163293
-163379
-163380
-163338
-163274
-163253
-163252
-163302
-163302
-163273
-163360
-163264
-163339
-163300
-163323
-163289
-163371
-163359
-163263
-163339
-163299
-163322
-163287
-163370
-163380
-163328
-163328
-163402
-163311
-163391
-163391
-163248
-163240
-163249
-163240
-163263
-163263
-163253
-163236
-163250
-163249
-163239
-163234
-163322
-163244
-163265
-163244
-163291
-163260
-163292
-163369
-163310
-163390
-163309
-163380
-163294
-163380
-163349
-163257
-163288
-163332
-163276
-163316
-163361
-163359
-163339
-163263
-163299
-163322
-163370
-163288
-163339
-163253
-163275
-163253
-163302
-163273
-163303
-163380
-163328
-163402
-163329
-163391
-163311
-163391
-163359
-163263
-163300
-163339
-163288
-163322
-163370
-163263
-163263
-163253
-163248
-163240
-163268
-163277
-163279
-163365
-163247
-163311
-163313
-163241
-163245
-163262
-163250
-163239
-163293
-163282
-163254
-163250
-163240
-163293
-163281
-163254
-163321
-163264
-163245
-163244
-163292
-163292
-163261
-163350
-163334
-163258
-163290
-163316
-163363
-163278
-163349
-163257
-163332
-163287
-163316
-163277
-163360
-163370
-163312
-163393
-163310
-163383
-163296
-163381
-163354
-163335
-163261
-163291
-163319
-163364
-163282
-163335
-163274
-163250
-163252
-163300
-163301
-163270
-163375
-163314
-163395
-163323
-163385
-163303
-163386
-163356
-163262
-163338
-163298
-163321
-163285
-163368
-163244
-163250
-163267
-163243
-163249
-163266
-163252
-163243
-163296
-163284
-163256
-163253
-163241
-163296
-163285
-163256
-163239
-163237
-163253
-163251
-163242
-163254
-163260
-163248
-163246
-163239
-163237
-163251
-163252
-163242
-163238
-163260
-163254
-163247
-163245
-163238
-163238
-163250
-163292
-163239
-163253
-163281
-163249
-163292
-163237
-163253
-163281
-163240
-163245
-163261
-163241
-163245
-163261
-163268
-163364
-163277
-163278
-163311
-163313
-163247
-163371
-163311
-163393
-163312
-163382
-163296
-163383
-163321
-163244
-163245
-163264
-163261
-163291
-163292
-163350
-163290
-163259
-163334
-163278
-163363
-163316
-163356
-163296
-163338
-163261
-163367
-163284
-163320
-163355
-163291
-163261
-163335
-163281
-163364
-163319
-163335
-163251
-163251
-163273
-163269
-163301
-163300
-163253
-163296
-163244
-163256
-163285
-163243
-163249
-163266
-163272
-163369
-163287
-163286
-163318
-163316
-163253
-163243
-163249
-163266
-163236
-163249
-163249
-163239
-163235
-163369
-163309
-163390
-163309
-163380
-163294
-163380
-163321
-163243
-163264
-163244
-163291
-163260
-163292
-163349
-163286
-163257
-163332
-163276
-163360
-163316
-163359
-163339
-163300
-163264
-163370
-163322
-163289
-163380
-163329
-163402
-163329
-163391
-163312
-163391
-163338
-163253
-163274
-163252
-163303
-163273
-163302
-163359
-163300
-163263
-163339
-163288
-163370
-163322
-163264
-163263
-163254
-163248
-163241
-163249
-163249
-163238
-163234
-163235
-163348
-163287
-163332
-163257
-163361
-163276
-163315
-163349
-163286
-163332
-163258
-163360
-163276
-163317
-163320
-163242
-163245
-163264
-163260
-163291
-163293
-163380
-163402
-163329
-163329
-163391
-163391
-163311
-163359
-163300
-163339
-163264
-163371
-163288
-163322
-163359
-163300
-163339
-163264
-163370
-163289
-163322
-163339
-163253
-163253
-163275
-163273
-163302
-163302
-163249
-163241
-163248
-163240
-163249
-163293
-163241
-163254
-163282
-163240
-163244
-163261
-163268
-163365
-163277
-163279
-163311
-163313
-163246
-163241
-163245
-163262
-163350
-163332
-163287
-163258
-163361
-163317
-163277
-163370
-163393
-163310
-163312
-163381
-163382
-163295
-163322
-163245
-163264
-163245
-163293
-163262
-163291
-163349
-163289
-163334
-163257
-163363
-163277
-163315
-163375
-163395
-163323
-163313
-163386
-163384
-163302
-163356
-163338
-163297
-163262
-163368
-163321
-163285
-163355
-163291
-163335
-163262
-163364
-163282
-163319
-163336
-163252
-163273
-163251
-163301
-163270
-163300
-163253
-163296
-163243
-163256
-163284
-163252
-163296
-163243
-163256
-163285
-163273
-163370
-163288
-163286
-163319
-163317
-163253
-163244
-163250
-163267
-163243
-163249
-163266
-163251
-163252
-163240
-163238
-163246
-163238
-163239
-163248
-163248
-163250
-163251
-163241
-163294
-163283
-163255
-163269
-163278
-163365
-163278
-163313
-163247
-163313
-163242
-163247
-163263
-163295
-163239
-163251
-163255
-163283
-163243
-163249
-163265
-163368
-163282
-163315
-163271
-163283
-163317
-163249
-163243
-163295
-163284
-163251
-163255
-163248
-163265
-163243
-163252
-163255
-163256
-163243
-163268
-163279
-163365
-163279
-163314
-163247
-163313
-163249
-163240
-163292
-163282
-163253
-163240
-163246
-163263
-163241
-163250
-163293
-163282
-163254
-163249
-163248
-163267
-163332
-163271
-163298
-163297
-163291
-163335
-163260
-163365
-163280
-163353
-163318
-163259
-163289
-163279
-163352
-163333
-163317
-163362
-163243
-163248
-163266
-163252
-163243
-163296
-163285
-163256
-163249
-163266
-163243
-163243
-163296
-163285
-163252
-163257
-163240
-163245
-163263
-163268
-163365
-163278
-163278
-163313
-163312
-163247
-163241
-163249
-163293
-163253
-163282
-163241
-163246
-163263
-163288
-163260
-163279
-163352
-163333
-163362
-163317
-163249
-163250
-163267
-163332
-163271
-163298
-163298
-163291
-163335
-163259
-163364
-163279
-163352
-163318
-163253
-163297
-163243
-163286
-163257
-163367
-163282
-163316
-163272
-163282
-163316
-163250
-163244
-163250
-163266
-163244
-163295
-163284
-163252
-163256
-163249
-163266
-163243
-163249
-163248
-163249
-163242
-163245
-163262
-163251
-163293
-163239
-163281
-163255
-163242
-163248
-163264
-163294
-163240
-163251
-163282
-163255
-163368
-163282
-163317
-163271
-163283
-163316
-163250
-163252
-163294
-163242
-163283
-163255
-163243
-163249
-163265
-163242
-163294
-163284
-163252
-163255
-163249
-163266
-163243
-163326
-163323
-163398
-163308
-163389
-163378
-163387
-163512
-163510
-163551
-163509
-163550
-163549
-163590
-163470
-163553
-163513
-163551
-163511
-163592
-163553
-163551
-163469
-163510
-163551
-163590
-163511
-163551
-163513
-163511
-163471
-163592
-163553
-163552
-163513
-163387
-163405
-163318
-163406
-163356
-163434
-163357
-163550
-163549
-163590
-163468
-163511
-163509
-163550
-163512
-163592
-163553
-163513
-163471
-163553
-163512
-163590
-163510
-163550
-163511
-163551
-163469
-163510
-163554
-163552
-163514
-163553
-163513
-163511
-163471
-163291
-163355
-163355
-163391
-163298
-163344
-163343
-163389
-163354
-163343
-163291
-163355
-163343
-163299
-163388
-163353
-163342
-163290
-163353
-163342
-163298
-163324
-163327
-163310
-163378
-163398
-163387
-163389
-163324
-163326
-163309
-163377
-163398
-163387
-163388
-163326
-163324
-163309
-163377
-163398
-163388
-163386
-163353
-163289
-163353
-163387
-163297
-163341
-163340
-163353
-163389
-163342
-163290
-163353
-163297
-163342
-163289
-163353
-163387
-163352
-163341
-163297
-163339
-163313
-163312
-163395
-163297
-163384
-163373
-163383
-163355
-163390
-163343
-163291
-163355
-163299
-163343
-163288
-163353
-163352
-163387
-163296
-163341
-163339
-163355
-163291
-163355
-163390
-163299
-163344
-163343
-163289
-163353
-163387
-163353
-163341
-163298
-163340
-163291
-163354
-163389
-163354
-163343
-163298
-163342
-163288
-163386
-163351
-163351
-163340
-163339
-163296
-163388
-163319
-163405
-163406
-163356
-163358
-163435
-163291
-163390
-163355
-163354
-163344
-163343
-163298
-163387
-163318
-163405
-163405
-163356
-163356
-163434
-163387
-163405
-163318
-163405
-163356
-163434
-163357
-163288
-163387
-163352
-163352
-163340
-163340
-163296
-163291
-163390
-163355
-163355
-163344
-163343
-163298
-163287
-163351
-163351
-163386
-163295
-163339
-163339
-163387
-163404
-163318
-163406
-163355
-163434
-163357
-163291
-163355
-163354
-163390
-163299
-163344
-163343
-163387
-163405
-163317
-163405
-163356
-163434
-163357
-163387
-163405
-163406
-163319
-163435
-163356
-163358
-163288
-163352
-163352
-163386
-163296
-163339
-163340
-163387
-163405
-163406
-163318
-163434
-163357
-163357
-163353
-163289
-163353
-163387
-163341
-163297
-163341
-163389
-163353
-163342
-163290
-163353
-163342
-163297
-163288
-163386
-163351
-163351
-163340
-163339
-163296
-163314
-163395
-163311
-163384
-163297
-163372
-163382
-163389
-163354
-163343
-163291
-163355
-163343
-163299
-163287
-163351
-163386
-163351
-163340
-163295
-163339
-163313
-163395
-163310
-163384
-163295
-163371
-163382
-163353
-163288
-163387
-163352
-163340
-163340
-163297
-163165
-163052
-162957
-163167
-163054
-162958
-163167
-163054
-162958
-163171
-163057
-162960
-163169
-163056
-162959
-163168
-163055
-162960
-163171
-163057
-162961
-163168
-163055
-162959
-163169
-163056
-162960
-163171
-163058
-162961
-163170
-163056
-162959
-163168
-163055
-162958
-163169
-163056
-162959
-163172
-163058
-162961
-163170
-163056
-162959
-163171
-163058
-162961
-163162
-163049
-162953
-163163
-163050
-162954
-163169
-163055
-162958
-163169
-163056
-162959
-163168
-163055
-162959
-163166
-163053
-162956
-163167
-163053
-162957
-163168
-163054
-162958
-163168
-163055
-162958
-163168
-163054
-162957
-163167
-163054
-162957
-163168
-163055
-162958
-163168
-163054
-162958
-163169
-163056
-162959
-163168
-163055
-162959
-163168
-163055
-162959
-163169
-163055
-162959
-163167
-163053
-162956
-163167
-163053
-162956
-163168
-163055
-162958
-163166
-163053
-162956
-163168
-163054
-162957
-163168
-163055
-162958
-163167
-163053
-162956
-163168
-163055
-162958
-163167
-163054
-162957
-163169
-163056
-162959
-163169
-163055
-162959
-163168
-163055
-162959
-163170
-163057
-162960
-163166
-163053
-162957
-163167
-163053
-162957
-163172
-163059
-162961
-163171
-163058
-162961
-163170
-163057
-162961
-163171
-163057
-162961
-163167
-163054
-162958
-163168
-163054
-162958
-163169
-163055
-162959
-163167
-163054
-162959
-163169
-163057
-162960
-163171
-163057
-162961
-163168
-163054
-162958
-163168
-163055
-162959
-163170
-163056
-162960
-163168
-163055
-162959
-163170
-163056
-162960
-163168
-163054
-162957
-163169
-163055
-162959
-163168
-163054
-162958
-163166
-163052
-162956
-163169
-163056
-162960
-163169
-163056
-162960
-163169
-163056
-162960
-163165
-163051
-162954
-163174
-163061
-162963
-163173
-163060
-162962
-163171
-163058
-162961
-163165
-163051
-162954
-163169
-163056
-162960
-163171
-163057
-162961
-163173
-163059
-162962
-163171
-163058
-162961
-163163
-163050
-162955
-163165
-163052
-162956
-163167
-163053
-162957
-163171
-163058
-162960
-163169
-163056
-162958
-163169
-163055
-162960
-163167
-163053
-162958
-163173
-163060
-162962
-163170
-163057
-162961
-163170
-163057
-162961
-163168
-163055
-162959
-163169
-163056
-162960
-163168
-163055
-162958
-163169
-163055
-162958
-163168
-163055
-162957
-163169
-163055
-162958
-163167
-163053
-162957
-163164
-163051
-162955
-163169
-163056
-162960
-163169
-163055
-162959
-163169
-163056
-162960
-163170
-163056
-162960
-163165
-163051
-162954
-163167
-163054
-162959
-163170
-163056
-162960
-163173
-163059
-162962
-163171
-163058
-162961
-163164
-163051
-162954
-163174
-163061
-162963
-163174
-163060
-162963
-163168
-163055
-162960
-163170
-163056
-162961
-163171
-163057
-162961
-163166
-163053
-162957
-163168
-163054
-162958
-163171
-163058
-162960
-163173
-163059
-162962
-163173
-163059
-162962
-163169
-163055
-162960
-163167
-163053
-162959
-163169
-163055
-162959
-163171
-163057
-162961
-163169
-163056
-162960
-163168
-163055
-162958
-163168
-163054
-162959
-163164
-163051
-162956
-163166
-163053
-162957
-163167
-163055
-162958
-163170
-163057
-162960
-163166
-163052
-162956
-163166
-163053
-162957
-163168
-163054
-162958
-163168
-163055
-162959
-163169
-163056
-162960
-163170
-163057
-162961
-163171
-163058
-162961
-163166
-163053
-162957
-163168
-163054
-162958
-163167
-163053
-162957
-163171
-163058
-162961
-163169
-163056
-162960
-163168
-163055
-162958
-163168
-163055
-162958
-163167
-163055
-162959
-163169
-163055
-162959
-163170
-163056
-162960
-163169
-163056
-162960
-163164
-163052
-162955
-163166
-163052
-162958
-163167
-163054
-162957
-163159
-163047
-162952
-163162
-163049
-162954
-163167
-163053
-162958
-163167
-163054
-162958
-163166
-163053
-162957
-163167
-163054
-162957
-163168
-163055
-162959
-163163
-163051
-162955
-163167
-163054
-162958
-163159
-163046
-162952
-163164
-163051
-162956
-163163
-163050
-162955
-163166
-163053
-162958
-163165
-163053
-162956
-163166
-163053
-162956
-163168
-163054
-162957
-163166
-163053
-162956
-163166
-163053
-162957
-163166
-163053
-162957
-163162
-163049
-162954
-163166
-163052
-162957
-163171
-163057
-162961
-163171
-163057
-162961
-163172
-163058
-162961
-163170
-163057
-162961
-163171
-163058
-162961
-163171
-163057
-162961
-163163
-163050
-162955
-163169
-163056
-162959
-163166
-163053
-162957
-163159
-163047
-162952
-163165
-163052
-162955
-163164
-163051
-162954
-163165
-163052
-162955
-163164
-163051
-162954
-163167
-163054
-162958
-163161
-163049
-162954
-163166
-163053
-162957
-163171
-163057
-162960
-163171
-163057
-162960
-163171
-163057
-162961
-163173
-163060
-162963
-163170
-163056
-162960
-163170
-163056
-162961
-163168
-163055
-162960
-163170
-163057
-162960
-163173
-163059
-162962
-163168
-163055
-162960
-163168
-163055
-162959
-163172
-163058
-162961
-163170
-163057
-162960
-163170
-163057
-162961
-163172
-163059
-162962
-163168
-163054
-162958
-163167
-163054
-162958
-163167
-163053
-162958
-163169
-163055
-162959
-163171
-163057
-162961
-163167
-163054
-162959
-163167
-163054
-162959
-163169
-163056
-162960
-163170
-163057
-162960
-163170
-163057
-162961
-163171
-163058
-162961
-163170
-163057
-162960
-163169
-163056
-162960
-163167
-163054
-162959
-163170
-163057
-162961
-163172
-163058
-162961
-163172
-163059
-162962
-163176
-163062
-162965
-163170
-163056
-162960
-163170
-163057
-162961
-163169
-163055
-162960
-163172
-163058
-162962
-163173
-163058
-162962
-163166
-163053
-162958
-163167
-163054
-162958
-163169
-163056
-162959
-163168
-163055
-162959
-163171
-163058
-162961
-163168
-163055
-162958
-163171
-163057
-162960
-163167
-163055
-162958
-163169
-163055
-162960
-163166
-163053
-162957
-163167
-163053
-162957
-163166
-163052
-162957
-163168
-163055
-162959
-163168
-163055
-162959
-163172
-163059
-162962
-163172
-163059
-162962
-163170
-163056
-162960
-163164
-163051
-162956
-163169
-163056
-162959
-163173
-163059
-162962
-163172
-163059
-162961
-163170
-163057
-162961
-163168
-163054
-162959
-163165
-163052
-162957
-163166
-163052
-162958
-163171
-163058
-162962
-163169
-163056
-162959
-163172
-163058
-162961
-163168
-163055
-162959
-163168
-163055
-162960
-163170
-163057
-162960
-163170
-163057
-162960
-163169
-163055
-162958
-163169
-163055
-162958
-163164
-163050
-162955
-163162
-163049
-162954
-163166
-163052
-162956
-163169
-163056
-162959
-163161
-163049
-162954
-163166
-163052
-162957
-163168
-163054
-162957
-163167
-163054
-162957
-163170
-163057
-162960
-163166
-163053
-162958
-163167
-163053
-162958
-163166
-163053
-162957
-163169
-163055
-162959
-163169
-163055
-162959
-163170
-163057
-162960
-163171
-163057
-162960
-163168
-163055
-162959
-163169
-163055
-162960
-163169
-163056
-162960
-163170
-163057
-162961
-163166
-163053
-162957
-163166
-163052
-162957
-163165
-163052
-162956
-163168
-163054
-162958
-163167
-163054
-162958
-163173
-163059
-162963
-163172
-163058
-162961
-163172
-163058
-162962
-163167
-163054
-162957
-163169
-163055
-162958
-163165
-163052
-162956
-163164
-163051
-162956
-163169
-163055
-162959
-163169
-163055
-162959
-163171
-163057
-162961
-163170
-163056
-162960
-163171
-163057
-162960
-163174
-163060
-162964
-163174
-163060
-162964
-163174
-163060
-162963
-163175
-163062
-162964
-163173
-163060
-162963
-163174
-163060
-162964
-163173
-163059
-162963
-163170
-163056
-162961
-163170
-163056
-162961
-163161
-163049
-162954
-163163
-163050
-162956
-163165
-163052
-162955
-163165
-163052
-162955
-163167
-163054
-162959
-163160
-163048
-162953
-163165
-163052
-162957
-163172
-163058
-162962
-163171
-163058
-162961
-163172
-163058
-162962
-163170
-163057
-162961
-163172
-163058
-162962
-163170
-163057
-162961
-163169
-163055
-162959
-163169
-163055
-162959
-163167
-163054
-162958
-163170
-163056
-162960
-163168
-163054
-162959
-163169
-163056
-162959
-163167
-163054
-162958
-163167
-163053
-162958
-163167
-163053
-162958
-163169
-163055
-162960
-163168
-163055
-162959
-163165
-163052
-162957
-163165
-163052
-162957
-163168
-163055
-162959
-163170
-163057
-162960
-163172
-163058
-162962
-163173
-163059
-162962
-163170
-163056
-162960
-163171
-163057
-162961
-163169
-163055
-162959
-163170
-163057
-162960
-163168
-163055
-162959
-163169
-163056
-162960
-163169
-163056
-162960
-163169
-163055
-162960
-163169
-163055
-162959
-163171
-163057
-162961
-163172
-163058
-162962
-163174
-163060
-162963
-163174
-163060
-162963
-163173
-163059
-162963
-163174
-163060
-162963
-163174
-163060
-162963
-163173
-163060
-162963
-163169
-163055
-162960
-163168
-163054
-162958
-163167
-163053
-162958
-163167
-163053
-162957
-163169
-163055
-162959
-163165
-163052
-162956
-163168
-163055
-162959
-163167
-163053
-162958
-163167
-163053
-162958
-163167
-163053
-162957
-163169
-163056
-162960
-163169
-163055
-162958
-163165
-163051
-162956
-163168
-163054
-162959
-163170
-163057
-162960
-163170
-163057
-162961
-163172
-163059
-162962
-163173
-163059
-162962
-163171
-163057
-162961
-163170
-163057
-162961
-163170
-163057
-162960
-163173
-163059
-162962
-163171
-163058
-162961
-163169
-163055
-162960
-163169
-163056
-162960
-163168
-163055
-162958
-163165
-163051
-162956
-163167
-163053
-162957
-163167
-163054
-162958
-163167
-163053
-162958
-163166
-163053
-162957
-163169
-163055
-162960
-163172
-163059
-162962
-163168
-163055
-162958
-163165
-163052
-162956
-163164
-163051
-162956
-163166
-163052
-162956
-163165
-163052
-162957
-163165
-163052
-162956
-163169
-163056
-162959
-163168
-163055
-162959
-163172
-163059
-162962
-163172
-163058
-162961
-163170
-163056
-162960
-163170
-163056
-162961
-163171
-163057
-162961
-163169
-163056
-162960
-163173
-163059
-162962
-163171
-163058
-162961
-163168
-163055
-162959
-163169
-163056
-162961
-163168
-163055
-162959
-163171
-163058
-162962
-163173
-163059
-162963
-163170
-163057
-162961
-163170
-163056
-162961
-163169
-163055
-162960
-163171
-163058
-162961
-163173
-163059
-162962
-163173
-163059
-162963
-163172
-163058
-162962
-163173
-163060
-162963
-163173
-163060
-162963
-163172
-163058
-162961
-163172
-163059
-162962
-163171
-163057
-162961
-163169
-163056
-162959
-163170
-163056
-162960
-163165
-163052
-162957
-163171
-163058
-162961
-163170
-163056
-162959
-163168
-163054
-162958
-163167
-163054
-162958
-163167
-163053
-162958
-163170
-163056
-162960
-163170
-163057
-162960
-163168
-163054
-162959
-163166
-163053
-162958
-163170
-163056
-162960
-163171
-163057
-162961
-163168
-163055
-162959
-163172
-163058
-162962
-163171
-163057
-162961
-163172
-163058
-162962
-163171
-163058
-162961
-163168
-163054
-162959
-163168
-163054
-162959
-163166
-163053
-162958
-163170
-163056
-162960
-163170
-163056
-162960
-163168
-163055
-162959
-163171
-163057
-162961
-163173
-163058
-162962
-163175
-163061
-162964
-163173
-163059
-162963
-163174
-163060
-162963
-163174
-163060
-162963
-163173
-163060
-162963
-163174
-163060
-162963
-163170
-163056
-162961
-163170
-163056
-162961
-163163
-163050
-162955
-163164
-163051
-162957
-163167
-163053
-162957
-163160
-163048
-162953
-163166
-163053
-162956
-163164
-163051
-162955
-163165
-163053
-162957
-163171
-163057
-162960
-163168
-163055
-162958
-163168
-163055
-162958
-163167
-163054
-162957
-163166
-163053
-162958
-163167
-163053
-162958
-163167
-163053
-162957
-163169
-163056
-162960
-163167
-163053
-162958
-163167
-163053
-162958
-163167
-163053
-162957
-163169
-163055
-162959
-163168
-163055
-162958
-163166
-163053
-162957
-163168
-163055
-162958
-163164
-163050
-162955
-163173
-163059
-162962
-163170
-163056
-162961
-163170
-163056
-162960
-163168
-163055
-162959
-163173
-163059
-162962
-163170
-163057
-162960
-163170
-163057
-162961
-163168
-163054
-162959
-163171
-163058
-162961
-163171
-163058
-162961
-163168
-163055
-162959
-163167
-163055
-162959
-163163
-163049
-162954
-163157
-163045
-162950
-163165
-163051
-162956
-163160
-163047
-162952
-163163
-163050
-162953
-163163
-163050
-162953
-163173
-163060
-162963
-163172
-163059
-162962
-163167
-163054
-162958
-163169
-163056
-162959
-163170
-163056
-162960
-163171
-163057
-162960
-163158
-163046
-162951
-163165
-163052
-162955
-163164
-163050
-162953
-163163
-163050
-162953
-163165
-163052
-162956
-163165
-163051
-162955
-163156
-163044
-162950
-163173
-163059
-162963
-163172
-163059
-162962
-163172
-163059
-162962
-163174
-163060
-162963
-163172
-163059
-162962
-163170
-163057
-162960
-163170
-163057
-162960
-163168
-163055
-162959
-163170
-163056
-162960
-163167
-163053
-162958
-163167
-163053
-162958
-163166
-163053
-162957
-163169
-163056
-162960
-163168
-163055
-162958
-163169
-163055
-162959
-163164
-163050
-162955
-163170
-163057
-162960
-163168
-163055
-162958
-163166
-163052
-162957
-163165
-163052
-162956
-163170
-163057
-162960
-163173
-163060
-162963
-163169
-163056
-162959
-163172
-163059
-162961
-163169
-163056
-162960
-163171
-163058
-162961
-163171
-163058
-162961
-163172
-163058
-162962
-163171
-163059
-162961
-163170
-163056
-162961
-163170
-163056
-162961
-163169
-163055
-162960
-163172
-163058
-162962
-163169
-163055
-162960
-163170
-163056
-162960
-163168
-163055
-162959
-163172
-163058
-162962
-163170
-163057
-162960
-163171
-163057
-162961
-163168
-163055
-162960
-163169
-163056
-162960
-163171
-163058
-162961
-163172
-163059
-162961
-163170
-163057
-162961
-163166
-163053
-162958
-163164
-163052
-162957
-163171
-163057
-162961
-163169
-163055
-162959
-163163
-163051
-162955
-163167
-163053
-162957
-163161
-163049
-162954
-163166
-163054
-162957
-163165
-163052
-162955
-163167
-163054
-162957
-163168
-163054
-162958
-163165
-163052
-162956
-163160
-163048
-162953
-163166
-163053
-162957
-163165
-163052
-162955
-163166
-163053
-162956
-163169
-163056
-162960
-163161
-163049
-162954
-163169
-163056
-162959
-163168
-163055
-162958
-163167
-163054
-162957
-163169
-163056
-162959
-163166
-163053
-162957
-163167
-163054
-162958
-163162
-163049
-162955
-163169
-163055
-162959
-163168
-163055
-162958
-163165
-163051
-162956
-163165
-163052
-162957
-163167
-163054
-162957
-163161
-163048
-162954
-163164
-163050
-162955
-163166
-163053
-162957
-163166
-163052
-162957
-163165
-163052
-162956
-163169
-163055
-162959
-163169
-163056
-162960
-163166
-163052
-162957
-163168
-163054
-162958
-163165
-163052
-162956
-163169
-163055
-162959
-163168
-163054
-162959
-163170
-163056
-162960
-163170
-163057
-162960
-163171
-163057
-162961
-163171
-163058
-162961
-163170
-163056
-162960
-163172
-163058
-162962
-163169
-163056
-162960
-163169
-163056
-162960
-163170
-163056
-162960
-163167
-163054
-162959
-163172
-163058
-162961
-163172
-163059
-162962
-163169
-163055
-162960
-163169
-163055
-162960
-163168
-163054
-162959
-163172
-163058
-162962
-163172
-163058
-162962
-163159
-163046
-162952
-163166
-163053
-162956
-163163
-163050
-162953
-163163
-163050
-162953
-163166
-163052
-162956
-163166
-163052
-162955
-163159
-163046
-162951
-163171
-163058
-162962
-163171
-163058
-162961
-163172
-163058
-162961
-163173
-163060
-162963
-163172
-163059
-162962
-163170
-163057
-162960
-163170
-163057
-162960
-163167
-163054
-162958
-163163
-163050
-162952
-163162
-163049
-162952
-163166
-163052
-162957
-163167
-163053
-162957
-163158
-163045
-162950
-163166
-163052
-162955
-163158
-163046
-162951
-163165
-163052
-162955
-163166
-163053
-162957
-163171
-163058
-162961
-163173
-163061
-162963
-163173
-163060
-162963
-163172
-163059
-162962
-163171
-163057
-162961
-163172
-163059
-162962
-163173
-163059
-162962
-163173
-163060
-162963
-163168
-163055
-162959
-163169
-163055
-162960
-163167
-163054
-162958
-163166
-163053
-162959
-163168
-163054
-162958
-163166
-163052
-162957
-163168
-163054
-162958
-163166
-163053
-162957
-163165
-163051
-162956
-163165
-163051
-162956
-163164
-163051
-162956
-163168
-163054
-162959
-163169
-163055
-162959
-163169
-163056
-162960
-163167
-163054
-162958
-163169
-163055
-162959
-163166
-163052
-162957
-163169
-163055
-162960
-163170
-163056
-162960
-163168
-163055
-162960
-163169
-163055
-162960
-163168
-163055
-162959
-163172
-163059
-162962
-163170
-163057
-162960
-163173
-163060
-162963
-163170
-163057
-162960
-163174
-163061
-162964
-163178
-163064
-162966
-163172
-163058
-162962
-163171
-163058
-162961
-163170
-163057
-162961
-163171
-163057
-162961
-163173
-163059
-162963
-163171
-163058
-162962
-163171
-163058
-162961
-163169
-163055
-162960
-163170
-163056
-162961
-163172
-163058
-162962
-163171
-163058
-162961
-163171
-163057
-162961
-163168
-163055
-162959
-163170
-163056
-162960
-163171
-163058
-162961
-163173
-163059
-162962
-163171
-163058
-162961
-163170
-163057
-162961
-163171
-163057
-162961
-163170
-163056
-162960
-163173
-163059
-162963
-163172
-163058
-162963
-163169
-163056
-162960
-163168
-163055
-162960
-163168
-163055
-162959
-163172
-163058
-162962
-163173
-163059
-162962
-163165
-163052
-162955
-163167
-163054
-162957
-163168
-163055
-162959
-163167
-163054
-162958
-163162
-163049
-162954
-163165
-163052
-162956
-163166
-163053
-162958
-163169
-163056
-162960
-163162
-163050
-162955
-163171
-163058
-162961
-163171
-163057
-162961
-163172
-163058
-162961
-163172
-163058
-162961
-163172
-163058
-162961
-163173
-163059
-162962
-163172
-163058
-162961
-163170
-163057
-162960
-163170
-163056
-162960
-163166
-163053
-162958
-163171
-163057
-162961
-163171
-163057
-162960
-163167
-163053
-162958
-163168
-163054
-162958
-163167
-163053
-162957
-163170
-163056
-162960
-163163
-163050
-162955
-163161
-163048
-162954
-163169
-163056
-162959
-163169
-163056
-162960
-163170
-163056
-162961
-163168
-163055
-162959
-163173
-163059
-162962
-163171
-163057
-162961
-163173
-163059
-162963
-163168
-163055
-162959
-163169
-163055
-162960
-163167
-163053
-162958
-163170
-163057
-162960
-163170
-163056
-162960
-163171
-163057
-162961
-163169
-163056
-162960
-163169
-163056
-162960
-163168
-163055
-162959
-163174
-163060
-162963
-163174
-163060
-162963
-163173
-163059
-162963
-163174
-163060
-162963
-163175
-163061
-162964
-163173
-163060
-162963
-163170
-163056
-162961
-163169
-163055
-162959
-163168
-163054
-162958
-163168
-163055
-162958
-163165
-163052
-162956
-163169
-163055
-162959
-163166
-163052
-162957
-163166
-163053
-162957
-163165
-163052
-162956
-163169
-163055
-162959
-163166
-163053
-162957
-163165
-163052
-162957
-163168
-163055
-162958
-163169
-163055
-162959
-163168
-163055
-162959
-163166
-163053
-162958
-163171
-163057
-162961
-163169
-163056
-162959
-163169
-163056
-162960
-163168
-163055
-162959
-163167
-163054
-162959
-163173
-163059
-162963
-163172
-163058
-162962
-163170
-163056
-162960
-163169
-163055
-162960
-163168
-163054
-162959
-163169
-163055
-162960
-163167
-163054
-162959
-163170
-163057
-162961
-163171
-163058
-162961
-163173
-163060
-162963
-163166
-163053
-162958
-163167
-163053
-162958
-163167
-163053
-162957
-163167
-163054
-162958
-163170
-163056
-162959
-163171
-163057
-162960
-163166
-163052
-162957
-163168
-163054
-162958
-163165
-163052
-162957
-163168
-163055
-162958
-163167
-163054
-162958
-163167
-163054
-162958
-163167
-163053
-162957
-163168
-163054
-162959
-163169
-163055
-162959
-163171
-163057
-162960
-163172
-163059
-162962
-163171
-163058
-162961
-163169
-163056
-162960
-163168
-163055
-162960
-163172
-163059
-162962
-163173
-163059
-162963
-163172
-163058
-162962
-163171
-163057
-162961
-163171
-163057
-162962
-163170
-163056
-162960
-163174
-163060
-162963
-163173
-163059
-162963
-163169
-163055
-162960
-163173
-163059
-162962
-163170
-163057
-162960
-163171
-163057
-162961
-163172
-163059
-162962
-163171
-163057
-162961
-163172
-163058
-162962
-163169
-163056
-162960
-163170
-163057
-162961
-163168
-163055
-162960
-163171
-163057
-162961
-163171
-163057
-162961
-163170
-163056
-162960
-163171
-163057
-162961
-163171
-163057
-162960
-163172
-163058
-162961
-163172
-163058
-162961
-163172
-163058
-162961
-163169
-163055
-162959
-163169
-163055
-162959
-163168
-163055
-162959
-163169
-163056
-162960
-163169
-163056
-162959
-163170
-163057
-162960
-163164
-163051
-162956
-163164
-163051
-162956
-163171
-163058
-162961
-163168
-163055
-162959
-163169
-163055
-162959
-163168
-163054
-162958
-163171
-163057
-162960
-163166
-163053
-162957
-163165
-163052
-162957
-163169
-163056
-162959
-163170
-163056
-162960
-163171
-163057
-162961
-163172
-163059
-162962
-163173
-163059
-162963
-163170
-163057
-162960
-163171
-163057
-162961
-163168
-163054
-162959
-163168
-163054
-162959
-163172
-163058
-162962
-163170
-163056
-162960
-163169
-163056
-162960
-163169
-163055
-162959
-163172
-163058
-162962
-163172
-163058
-162962
-163167
-163054
-162959
-163170
-163056
-162960
-163170
-163057
-162960
-163171
-163057
-162961
-163171
-163058
-162961
-163172
-163058
-162962
-163172
-163058
-162962
-163170
-163056
-162960
-163169
-163056
-162960
-163168
-163055
-162959
-163168
-163054
-162959
-163171
-163057
-162961
-163166
-163053
-162957
-163169
-163056
-162959
-163170
-163057
-162961
-163173
-163060
-162963
-163170
-163056
-162960
-163169
-163055
-162960
-163171
-163058
-162961
-163171
-163058
-162961
-163169
-163055
-162959
-163170
-163056
-162960
-163167
-163054
-162959
-163172
-163059
-162962
-163169
-163055
-162960
-163170
-163056
-162960
-163171
-163058
-162961
-163166
-163053
-162958
-163173
-163060
-162963
-163171
-163057
-162961
-163170
-163057
-162961
-163168
-163055
-162958
-163164
-163051
-162956
-163168
-163055
-162959
-163170
-163057
-162960
-163170
-163057
-162960
-163169
-163056
-162960
-163169
-163056
-162960
-163164
-163051
-162956
-163171
-163058
-162960
-163168
-163055
-162958
-163172
-163058
-162961
-163166
-163053
-162956
-163169
-163057
-162960
-163168
-163055
-162959
-163164
-163051
-162955
-163164
-163051
-162957
-163173
-163059
-162962
-163171
-163057
-162960
-163166
-163053
-162958
-163172
-163059
-162962
-163168
-163055
-162959
-163171
-163058
-162961
-163169
-163055
-162959
-163173
-163059
-162962
-163169
-163055
-162959
-163166
-163053
-162958
-163169
-163056
-162959
-163161
-163048
-162954
-163169
-163055
-162958
-163164
-163050
-162955
-163173
-163060
-162963
-163171
-163057
-162960
-163174
-163061
-162963
-163169
-163056
-162959
-163165
-163052
-162958
-163172
-163058
-162961
-163168
-163054
-162958
-163169
-163056
-162959
-163162
-163050
-162955
-163164
-163051
-162956
-163172
-163059
-162961
-163167
-163054
-162958
-163165
-163052
-162956
-163167
-163054
-162957
-163166
-163053
-162956
-163169
-163055
-162959
-163167
-163054
-162958
-163165
-163052
-162956
-163168
-163055
-162960
-163165
-163052
-162956
-163163
-163050
-162955
-163164
-163051
-162956
-163172
-163059
-162962
-163166
-163053
-162957
-163166
-163054
-162958
-163168
-163055
-162958
-163168
-163055
-162959
-163169
-163056
-162959
-163171
-163057
-162961
-163170
-163057
-162960
-163169
-163055
-162960
-163171
-163057
-162961
-163164
-163051
-162956
-163170
-163056
-162959
-163169
-163056
-162960
-163168
-163055
-162960
-163171
-163058
-162961
-163165
-163052
-162956
-163166
-163053
-162957
-163169
-163056
-162959
-163169
-163056
-162960
-163171
-163057
-162961
-163170
-163057
-162961
-163171
-163058
-162962
-163170
-163057
-162960
-163171
-163057
-162961
-163168
-163055
-162959
-163171
-163057
-162961
-163166
-163053
-162957
-163171
-163057
-162960
-163165
-163052
-162957
-163170
-163057
-162959
-163165
-163051
-162955
-163167
-163054
-162958
-163167
-163054
-162959
-163171
-163057
-162960
-163169
-163055
-162959
-163168
-163055
-162959
-163164
-163051
-162955
-163171
-163058
-162961
-163170
-163056
-162960
-163169
-163056
-162960
-163173
-163059
-162962
-163171
-163057
-162960
-163163
-163050
-162954
-163169
-163055
-162958
-163163
-163050
-162954
-163171
-163058
-162961
-163170
-163057
-162960
-163163
-163050
-162955
-163169
-163056
-162958
-163160
-163047
-162953
-163170
-163057
-162960
-163172
-163059
-162962
-163170
-163056
-162960
-163169
-163056
-162960
-163162
-163049
-162953
-163170
-163057
-162961
-163173
-163059
-162962
-163170
-163056
-162960
-163170
-163056
-162960
-163173
-163059
-162962
-163172
-163058
-162962
-163166
-163053
-162957
-163165
-163051
-162956
-163170
-163056
-162959
-163166
-163053
-162956
-163163
-163050
-162955
-163171
-163058
-162961
-163166
-163053
-162957
-163171
-163057
-162960
-163168
-163054
-162958
-163172
-163059
-162962
-163164
-163051
-162957
-163167
-163054
-162959
-163162
-163049
-162954
-163170
-163056
-162960
-163171
-163057
-162960
-163169
-163055
-162960
-163171
-163057
-162961
-163173
-163059
-162962
-163172
-163058
-162961
-163170
-163056
-162960
-163172
-163059
-162962
-163164
-163050
-162955
-163168
-163055
-162957
-163162
-163049
-162953
-163169
-163055
-162960
-163175
-163061
-162964
-163170
-163056
-162960
-163169
-163056
-162960
-163169
-163056
-162958
-163161
-163048
-162953
-163168
-163054
-162957
-163162
-163049
-162953
-163166
-163052
-162957
-163168
-163054
-162959
-163171
-163058
-162960
-163170
-163057
-162961
-163170
-163057
-162960
-163169
-163055
-162959
-163170
-163057
-162961
-163170
-163056
-162960
-163173
-163059
-162962
-163171
-163057
-162961
-163172
-163059
-162962
-163172
-163058
-162962
-163165
-163052
-162957
-163168
-163055
-162958
-163167
-163053
-162958
-163166
-163054
-162958
-163167
-163053
-162958
-163169
-163056
-162959
-163170
-163057
-162961
-163170
-163056
-162960
-163164
-163051
-162955
-163167
-163053
-162957
-163170
-163056
-162959
-163171
-163057
-162961
-163171
-163058
-162961
-163169
-163055
-162959
-163166
-163052
-162957
-163168
-163055
-162958
-163172
-163059
-162962
-163171
-163058
-162961
-163170
-163056
-162960
-163170
-163056
-162960
-163171
-163058
-162961
-163171
-163057
-162961
-163169
-163056
-162959
-163168
-163055
-162958
-163172
-163059
-162962
-163162
-163050
-162955
-163165
-163052
-162957
-163170
-163057
-162960
-163172
-163059
-162962
-163166
-163053
-162958
-163175
-163061
-162963
-163164
-163051
-162955
-163167
-163053
-162958
-163171
-163058
-162961
-163170
-163057
-162960
-163167
-163053
-162959
-163173
-163059
-162962
-163165
-163052
-162957
-163168
-163055
-162959
-163172
-163059
-162961
-163170
-163057
-162960
-163171
-163058
-162961
-163168
-163055
-162959
-163173
-163060
-162962
-163164
-163051
-162956
-163168
-163055
-162959
-163173
-163060
-162962
-163164
-163052
-162956
-163167
-163054
-162959
-163172
-163059
-162961
-163162
-163050
-162955
-163166
-163053
-162957
-163171
-163058
-162961
-163171
-163058
-162961
-163171
-163058
-162961
-163173
-163060
-162962
-163169
-163056
-162960
-163168
-163055
-162959
-163173
-163060
-162963
-163170
-163057
-162961
-163168
-163055
-162959
-163174
-163060
-162963
-163169
-163056
-162959
-163170
-163057
-162960
-163175
-163061
-162964
-163165
-163052
-162957
-163164
-163052
-162955
-163162
-163049
-162955
-163169
-163055
-162959
-163172
-163059
-162962
-163162
-163049
-162954
-163168
-163054
-162958
-163172
-163059
-162962
-163171
-163057
-162961
-163170
-163057
-162960
-163172
-163059
-162961
-163172
-163058
-162961
-163166
-163053
-162959
-163176
-163062
-162965
-163170
-163057
-162960
-163168
-163055
-162958
-163174
-163060
-162963
-163163
-163050
-162955
-163163
-163050
-162955
-163169
-163055
-162959
-163169
-163056
-162960
-163172
-163059
-162962
-163170
-163057
-162961
-163173
-163060
-162963
-163170
-163056
-162960
-163170
-163057
-162960
-163171
-163057
-162961
-163170
-163057
-162961
-163174
-163060
-162962
-163169
-163055
-162960
-163172
-163059
-162962
-163168
-163055
-162958
-163169
-163055
-162959
-163169
-163056
-162959
-163169
-163055
-162959
-163173
-163059
-162963
-163172
-163058
-162960
-163170
-163056
-162959
-163167
-163054
-162958
-163170
-163056
-162959
-163171
-163057
-162961
-163173
-163059
-162962
-163174
-163060
-162963
-163174
-163060
-162963
-163174
-163061
-162963
-163172
-163058
-162961
-163170
-163056
-162960
-163171
-163058
-162961
-163171
-163058
-162961
-163172
-163058
-162961
-163172
-163059
-162962
-163166
-163053
-162958
-163166
-163053
-162958
-163165
-163053
-162957
-163167
-163054
-162959
-163172
-163059
-162962
-163171
-163058
-162960
-163169
-163055
-162959
-163165
-163052
-162956
-163169
-163055
-162959
-163168
-163055
-162959
-163168
-163055
-162959
-163171
-163058
-162961
-163172
-163059
-162962
-163175
-163061
-162964
-163172
-163059
-162961
-163169
-163055
-162958
-163168
-163054
-162958
-163169
-163055
-162959
-163169
-163055
-162959
-163173
-163060
-162963
-163166
-163053
-162958
-163169
-163056
-162960
-163172
-163060
-162962
-163168
-163055
-162958
-163169
-163055
-162958
-163169
-163056
-162960
-163169
-163056
-162959
-163173
-163060
-162963
-163168
-163055
-162959
-163166
-163053
-162957
-163167
-163054
-162958
-163172
-163058
-162961
-163170
-163056
-162960
-163168
-163054
-162959
-163170
-163056
-162960
-163170
-163057
-162960
-163172
-163058
-162962
-163172
-163058
-162962
-163173
-163059
-162963
-163170
-163056
-162960
-163172
-163059
-162961
-163170
-163057
-162960
-163168
-163054
-162958
-163169
-163056
-162959
-163168
-163055
-162958
-163167
-163054
-162959
-163169
-163055
-162959
-163169
-163055
-162959
-163171
-163058
-162961
-163171
-163057
-162962
-163174
-163060
-162963
-163173
-163059
-162963
-163168
-163055
-162960
-163168
-163055
-162960
-163167
-163054
-162959
-163167
-163054
-162958
-163165
-163052
-162957
-163164
-163051
-162956
-163167
-163054
-162958
-163164
-163051
-162956
-163166
-163053
-162958
-163163
-163050
-162955
-163169
-163056
-162960
-163170
-163056
-162960
-163174
-163060
-162963
-163172
-163059
-162962
-163175
-163061
-162964
-163164
-163051
-162956
-163165
-163052
-162957
-163168
-163054
-162959
-163171
-163057
-162961
-163170
-163056
-162960
-163170
-163056
-162960
-163171
-163058
-162961
-163170
-163056
-162961
-163170
-163056
-162960
-163172
-163058
-162961
-163170
-163057
-162960
-163170
-163056
-162960
-163171
-163058
-162961
-163171
-163058
-162961
-163171
-163057
-162961
-163170
-163056
-162960
-163170
-163057
-162960
-163171
-163057
-162961
-163171
-163058
-162961
-163172
-163058
-162961
-163169
-163056
-162960
-163171
-163057
-162961
-163170
-163057
-162960
-163172
-163059
-162961
-163166
-163053
-162958
-163169
-163056
-162960
-163171
-163057
-162960
-163171
-163057
-162960
-163172
-163059
-162962
-163172
-163058
-162962
-163171
-163058
-162961
-163174
-163061
-162963
-163173
-163059
-162962
-163172
-163058
-162961
-163175
-163061
-162964
-163174
-163060
-162963
-163169
-163055
-162960
-163170
-163056
-162961
-163173
-163060
-162963
-163173
-163059
-162962
-163173
-163058
-162962
-163163
-163050
-162955
-163173
-163059
-162961
-163169
-163055
-162959
-163170
-163057
-162960
-163169
-163055
-162959
-163169
-163055
-162959
-163169
-163056
-162960
-163169
-163056
-162960
-163170
-163057
-162960
-163170
-163057
-162959
-163165
-163051
-162956
-163170
-163056
-162960
-163171
-163057
-162960
-163173
-163060
-162963
-163171
-163058
-162961
-163172
-163058
-162962
-163173
-163060
-162963
-163171
-163057
-162961
-163172
-163058
-162962
-163172
-163059
-162962
-163163
-163050
-162955
-163171
-163057
-162960
-163171
-163058
-162960
-163170
-163056
-162959
-163170
-163057
-162960
-163170
-163056
-162959
-163169
-163056
-162959
-163167
-163053
-162958
-163170
-163056
-162960
-163171
-163058
-162961
-163172
-163059
-162962
-163175
-163061
-162963
-163172
-163058
-162962
-163172
-163058
-162962
-163174
-163060
-162963
-163173
-163059
-162963
-163174
-163060
-162963
-163170
-163057
-162961
-163169
-163055
-162960
-163172
-163058
-162961
-163169
-163056
-162960
-163170
-163056
-162960
-163170
-163057
-162960
-163171
-163057
-162960
-163171
-163058
-162961
-163171
-163058
-162961
-163169
-163055
-162959
-163169
-163055
-162960
-163171
-163058
-162961
-163173
-163060
-162962
-163173
-163059
-162962
-163170
-163057
-162961
-163171
-163058
-162961
-163171
-163058
-162961
-163173
-163060
-162962
-163171
-163057
-162961
-163171
-163057
-162961
-163173
-163059
-162963
-163173
-163059
-162963
-163165
-163052
-162957
-163171
-163058
-162961
-163166
-163053
-162957
-163173
-163059
-162962
-163170
-163057
-162960
-163166
-163052
-162957
-163172
-163059
-162962
-163163
-163050
-162955
-163171
-163057
-162961
-163170
-163057
-162961
-163171
-163057
-162961
-163167
-163053
-162958
-163172
-163059
-162962
-163167
-163054
-162958
-163164
-163051
-162956
-163167
-163053
-162958
-163170
-163057
-162960
-163167
-163054
-162958
-163163
-163050
-162955
-163174
-163061
-162963
-163168
-163055
-162959
-163170
-163056
-162960
-163171
-163058
-162961
-163166
-163052
-162957
-163170
-163056
-162960
-163169
-163055
-162959
-163169
-163056
-162959
-163169
-163055
-162959
-163169
-163055
-162959
-163169
-163056
-162959
-163169
-163055
-162958
-163175
-163061
-162964
-163170
-163057
-162961
-163172
-163058
-162962
-163170
-163057
-162961
-163170
-163057
-162960
-163171
-163058
-162962
-163172
-163058
-162962
-163169
-163056
-162959
-163165
-163051
-162956
-163171
-163058
-162960
-163168
-163055
-162958
-163166
-163053
-162957
-163172
-163058
-162961
-163162
-163049
-162953
-163164
-163051
-162956
-163169
-163055
-162959
-163165
-163052
-162957
-163167
-163053
-162958
-163167
-163055
-162958
-163166
-163052
-162957
-163167
-163054
-162958
-163166
-163053
-162958
-163169
-163056
-162959
-163163
-163049
-162954
-163168
-163055
-162958
-163170
-163057
-162959
-163168
-163055
-162960
-163168
-163056
-162959
-163166
-163053
-162958
-163167
-163054
-162959
-163162
-163049
-162954
-163172
-163058
-162961
-163167
-163054
-162958
-163169
-163056
-162960
-163169
-163055
-162958
-163169
-163055
-162959
-163169
-163056
-162959
-163169
-163055
-162959
-163175
-163061
-162964
-163170
-163056
-162961
-163173
-163060
-162962
-163167
-163054
-162959
-163171
-163058
-162961
-163173
-163059
-162962
-163170
-163057
-162960
-163168
-163055
-162959
-163165
-163053
-162957
-163167
-163054
-162958
-163167
-163054
-162958
-163162
-163050
-162955
-163167
-163054
-162958
-163164
-163051
-162956
-163171
-163057
-162960
-163165
-163052
-162957
-163167
-163054
-162959
-163168
-163055
-162959
-163171
-163058
-162961
-163170
-163057
-162960
-163174
-163061
-162963
-163167
-163054
-162957
-163163
-163050
-162956
-163166
-163053
-162957
-163171
-163058
-162960
-163173
-163059
-162962
-163174
-163060
-162963
-163171
-163057
-162961
-163170
-163057
-162960
-163172
-163058
-162962
-163160
-163047
-162953
-163169
-163055
-162959
-163169
-163055
-162958
-163170
-163057
-162959
-163168
-163054
-162959
-163170
-163056
-162960
-163171
-163058
-162960
-163168
-163054
-162958
-163170
-163056
-162960
-163171
-163058
-162961
-163172
-163059
-162962
-163172
-163058
-162962
-163172
-163059
-162961
-163172
-163059
-162962
-163175
-163061
-162963
-163173
-163059
-162962
-163165
-163052
-162956
-163164
-163050
-162954
-163166
-163053
-162957
-163166
-163053
-162958
-163169
-163056
-162959
-163168
-163055
-162958
-163171
-163058
-162960
-163168
-163055
-162958
-163168
-163055
-162960
-163165
-163052
-162957
-163168
-163055
-162959
-163162
-163049
-162954
-163169
-163056
-162958
-163171
-163058
-162960
-163169
-163056
-162959
-163172
-163059
-162961
-163165
-163052
-162957
-163167
-163054
-162958
-163170
-163057
-162960
-163166
-163053
-162958
-163169
-163056
-162960
-163165
-163052
-162957
-163168
-163055
-162959
-163168
-163054
-162958
-163169
-163055
-162959
-163169
-163056
-162959
-163170
-163057
-162959
-163169
-163056
-162959
-163172
-163059
-162961
-163171
-163057
-162961
-163172
-163059
-162962
-163172
-163058
-162962
-163174
-163060
-162963
-163174
-163061
-162963
-163165
-163052
-162956
-163162
-163049
-162955
-163165
-163052
-162957
-163165
-163052
-162957
-163170
-163056
-162960
-163169
-163055
-162960
-163170
-163056
-162960
-163170
-163057
-162960
-163171
-163057
-162960
-163170
-163056
-162960
-163171
-163057
-162961
-163170
-163056
-162959
-163170
-163057
-162961
-163171
-163058
-162960
-163165
-163052
-162956
-163169
-163056
-162959
-163171
-163057
-162960
-163173
-163059
-162962
-163172
-163058
-162962
-163170
-163056
-162960
-163170
-163057
-162961
-163171
-163058
-162961
-163173
-163059
-162962
-163171
-163057
-162961
-163172
-163058
-162961
-163173
-163059
-162962
-163163
-163050
-162955
-163169
-163055
-162958
-163172
-163058
-162960
-163168
-163054
-162958
-163169
-163055
-162959
-163168
-163055
-162958
-163169
-163056
-162959
-163169
-163056
-162959
-163174
-163061
-162963
-163171
-163057
-162961
-163171
-163058
-162961
-163173
-163059
-162962
-163168
-163055
-162960
-163172
-163059
-162962
-163173
-163060
-162962
-163169
-163056
-162959
-163168
-163055
-162958
-163168
-163055
-162959
-163169
-163056
-162959
-163172
-163058
-162961
-163170
-163056
-162960
-163173
-163059
-162962
-163173
-163060
-162963
-163171
-163058
-162961
-163175
-163061
-162963
-163170
-163057
-162960
-163171
-163057
-162960
-163170
-163057
-162960
-163165
-163051
-162957
-163170
-163057
-162960
-163172
-163058
-162961
-163166
-163053
-162958
-163170
-163056
-162960
-163171
-163057
-162961
-163173
-163059
-162962
-163170
-163057
-162961
-163173
-163060
-162962
)
;

boundaryField
{
    sphere_to_oil
    {
        type            calculated;
        value           nonuniform List<scalar> 
1536
(
-162953
-162954
-162954
-162955
-162954
-162956
-162957
-162955
-162955
-162957
-162954
-162953
-162955
-162957
-162954
-162957
-162950
-162950
-162954
-162955
-162955
-162952
-162953
-162953
-162954
-162953
-162953
-162953
-162954
-162955
-162955
-162955
-162955
-162952
-162952
-162953
-162952
-162953
-162954
-162952
-162953
-162952
-162955
-162955
-162955
-162956
-162953
-162953
-162957
-162957
-162957
-162957
-162953
-162953
-162955
-162955
-162956
-162957
-162954
-162955
-162955
-162955
-162956
-162953
-162954
-162953
-162952
-162956
-162956
-162956
-162950
-162958
-162958
-162957
-162950
-162957
-162957
-162958
-162957
-162951
-162952
-162953
-162956
-162954
-162956
-162954
-162957
-162957
-162956
-162955
-162956
-162953
-162954
-162953
-162954
-162953
-162951
-162956
-162955
-162956
-162956
-162950
-162955
-162956
-162957
-162957
-162949
-162959
-162958
-162956
-162957
-162957
-162953
-162953
-162956
-162957
-162957
-162956
-162955
-162955
-162957
-162956
-162953
-162954
-162952
-162953
-162954
-162955
-162952
-162953
-162954
-162955
-162956
-162956
-162957
-162953
-162954
-162953
-162957
-162956
-162954
-162954
-162954
-162955
-162956
-162955
-162952
-162954
-162953
-162949
-162950
-162954
-162954
-162953
-162953
-162955
-162951
-162954
-162949
-162952
-162951
-162953
-162952
-162952
-162953
-162951
-162953
-162953
-162950
-162953
-162956
-162956
-162956
-162956
-162957
-162956
-162952
-162955
-162952
-162949
-162951
-162950
-162951
-162950
-162954
-162951
-162953
-162956
-162956
-162957
-162958
-162956
-162956
-162956
-162955
-162957
-162956
-162956
-162957
-162956
-162957
-162958
-162954
-162954
-162954
-162955
-162956
-162955
-162955
-162956
-162956
-162956
-162957
-162956
-162956
-162955
-162956
-162957
-162958
-162959
-162956
-162956
-162956
-162957
-162958
-162954
-162954
-162955
-162955
-162956
-162953
-162955
-162954
-162955
-162953
-162953
-162953
-162955
-162955
-162958
-162957
-162955
-162952
-162954
-162957
-162957
-162956
-162955
-162953
-162954
-162958
-162954
-162956
-162955
-162956
-162956
-162955
-162954
-162954
-162951
-162950
-162952
-162955
-162950
-162953
-162953
-162953
-162956
-162954
-162954
-162953
-162955
-162955
-162956
-162956
-162955
-162955
-162956
-162956
-162953
-162953
-162952
-162954
-162954
-162958
-162957
-162957
-162953
-162954
-162952
-162952
-162954
-162954
-162957
-162956
-162956
-162959
-162959
-162959
-162960
-162959
-162959
-162958
-162957
-162957
-162950
-162952
-162951
-162951
-162954
-162950
-162953
-162957
-162957
-162957
-162957
-162957
-162957
-162955
-162955
-162954
-162956
-162955
-162955
-162954
-162954
-162954
-162956
-162955
-162953
-162954
-162955
-162956
-162957
-162958
-162956
-162956
-162955
-162956
-162955
-162956
-162956
-162956
-162955
-162957
-162958
-162959
-162959
-162959
-162959
-162959
-162958
-162956
-162954
-162954
-162953
-162955
-162953
-162954
-162954
-162953
-162953
-162955
-162954
-162952
-162955
-162956
-162956
-162958
-162958
-162957
-162957
-162956
-162958
-162957
-162956
-162956
-162954
-162952
-162953
-162953
-162954
-162953
-162955
-162957
-162954
-162952
-162952
-162952
-162953
-162952
-162955
-162955
-162957
-162957
-162956
-162956
-162957
-162956
-162958
-162957
-162955
-162956
-162955
-162957
-162958
-162956
-162956
-162956
-162957
-162958
-162958
-162957
-162958
-162958
-162957
-162957
-162957
-162955
-162955
-162953
-162957
-162955
-162954
-162954
-162954
-162955
-162956
-162954
-162954
-162956
-162957
-162955
-162958
-162957
-162958
-162957
-162955
-162955
-162954
-162956
-162956
-162955
-162957
-162958
-162959
-162959
-162959
-162959
-162959
-162959
-162957
-162957
-162951
-162953
-162952
-162949
-162952
-162951
-162953
-162956
-162953
-162954
-162953
-162954
-162954
-162953
-162956
-162954
-162953
-162953
-162955
-162954
-162953
-162954
-162951
-162958
-162956
-162956
-162955
-162958
-162956
-162956
-162955
-162957
-162957
-162955
-162955
-162950
-162947
-162951
-162948
-162949
-162949
-162958
-162957
-162954
-162955
-162955
-162956
-162948
-162951
-162949
-162949
-162952
-162950
-162946
-162958
-162958
-162958
-162958
-162958
-162956
-162956
-162955
-162955
-162954
-162954
-162953
-162955
-162954
-162954
-162951
-162955
-162954
-162953
-162952
-162956
-162958
-162955
-162956
-162956
-162956
-162956
-162957
-162957
-162957
-162956
-162956
-162958
-162956
-162956
-162955
-162957
-162956
-162956
-162956
-162956
-162957
-162957
-162956
-162954
-162953
-162957
-162954
-162952
-162953
-162950
-162953
-162951
-162953
-162953
-162952
-162949
-162952
-162951
-162952
-162955
-162951
-162954
-162954
-162953
-162955
-162953
-162954
-162951
-162954
-162954
-162952
-162953
-162953
-162950
-162951
-162953
-162953
-162952
-162955
-162955
-162953
-162954
-162952
-162955
-162955
-162956
-162956
-162956
-162957
-162956
-162957
-162956
-162955
-162956
-162955
-162957
-162957
-162956
-162956
-162955
-162957
-162958
-162948
-162952
-162949
-162949
-162952
-162951
-162948
-162957
-162957
-162957
-162958
-162957
-162956
-162955
-162954
-162949
-162948
-162952
-162952
-162947
-162951
-162947
-162951
-162953
-162956
-162959
-162958
-162957
-162957
-162958
-162958
-162958
-162955
-162956
-162954
-162955
-162954
-162953
-162954
-162953
-162952
-162952
-162952
-162954
-162955
-162955
-162954
-162954
-162953
-162955
-162956
-162955
-162955
-162955
-162957
-162955
-162958
-162956
-162959
-162960
-162957
-162957
-162957
-162956
-162958
-162957
-162957
-162956
-162957
-162958
-162957
-162957
-162955
-162956
-162957
-162958
-162957
-162957
-162957
-162956
-162958
-162958
-162956
-162956
-162956
-162957
-162958
-162951
-162953
-162955
-162954
-162951
-162952
-162954
-162955
-162952
-162956
-162956
-162957
-162957
-162957
-162957
-162957
-162955
-162955
-162954
-162956
-162956
-162954
-162954
-162953
-162955
-162952
-162951
-162955
-162956
-162956
-162955
-162957
-162957
-162958
-162955
-162955
-162954
-162956
-162956
-162957
-162956
-162955
-162955
-162959
-162959
-162958
-162959
-162959
-162958
-162957
-162955
-162953
-162954
-162952
-162955
-162953
-162953
-162952
-162955
-162953
-162953
-162954
-162955
-162955
-162954
-162957
-162955
-162956
-162955
-162955
-162958
-162957
-162956
-162955
-162955
-162956
-162955
-162957
-162957
-162958
-162953
-162954
-162953
-162954
-162955
-162956
-162953
-162954
-162953
-162954
-162954
-162954
-162953
-162954
-162955
-162955
-162958
-162957
-162956
-162956
-162958
-162958
-162958
-162957
-162957
-162956
-162958
-162958
-162956
-162957
-162956
-162957
-162958
-162957
-162957
-162956
-162956
-162956
-162956
-162957
-162956
-162956
-162956
-162957
-162957
-162957
-162955
-162955
-162954
-162956
-162955
-162956
-162952
-162952
-162957
-162955
-162955
-162954
-162956
-162953
-162953
-162955
-162955
-162956
-162958
-162958
-162956
-162956
-162955
-162956
-162957
-162956
-162956
-162955
-162957
-162958
-162955
-162956
-162956
-162956
-162957
-162957
-162957
-162956
-162956
-162955
-162955
-162957
-162953
-162955
-162956
-162958
-162956
-162956
-162957
-162957
-162955
-162955
-162955
-162957
-162955
-162955
-162956
-162954
-162958
-162956
-162957
-162954
-162952
-162955
-162956
-162955
-162956
-162956
-162953
-162956
-162954
-162956
-162952
-162956
-162955
-162951
-162954
-162957
-162956
-162954
-162957
-162955
-162957
-162955
-162957
-162954
-162954
-162955
-162950
-162954
-162952
-162958
-162956
-162958
-162954
-162954
-162956
-162954
-162954
-162951
-162952
-162957
-162953
-162952
-162953
-162952
-162955
-162954
-162952
-162956
-162952
-162951
-162953
-162957
-162953
-162954
-162954
-162955
-162955
-162957
-162956
-162956
-162957
-162952
-162955
-162955
-162956
-162957
-162952
-162953
-162955
-162955
-162957
-162957
-162957
-162956
-162957
-162955
-162957
-162953
-162956
-162953
-162954
-162951
-162954
-162955
-162956
-162954
-162955
-162951
-162957
-162956
-162956
-162958
-162955
-162950
-162953
-162950
-162956
-162956
-162950
-162953
-162949
-162955
-162957
-162955
-162956
-162950
-162956
-162957
-162956
-162956
-162958
-162957
-162953
-162952
-162955
-162952
-162951
-162956
-162953
-162956
-162954
-162957
-162953
-162955
-162950
-162955
-162956
-162955
-162956
-162957
-162957
-162956
-162958
-162951
-162953
-162949
-162955
-162959
-162956
-162956
-162953
-162949
-162953
-162949
-162953
-162954
-162956
-162956
-162956
-162954
-162956
-162956
-162957
-162956
-162958
-162957
-162953
-162954
-162954
-162954
-162953
-162955
-162956
-162956
-162951
-162953
-162955
-162957
-162957
-162955
-162953
-162954
-162958
-162957
-162956
-162955
-162957
-162957
-162955
-162954
-162957
-162951
-162953
-162956
-162957
-162954
-162958
-162952
-162953
-162956
-162956
-162954
-162957
-162953
-162955
-162957
-162956
-162956
-162954
-162957
-162952
-162955
-162958
-162953
-162955
-162957
-162951
-162953
-162956
-162957
-162956
-162957
-162955
-162955
-162958
-162956
-162955
-162958
-162955
-162956
-162958
-162953
-162951
-162951
-162954
-162957
-162950
-162953
-162957
-162956
-162956
-162956
-162956
-162954
-162959
-162955
-162954
-162958
-162951
-162951
-162955
-162955
-162957
-162956
-162957
-162956
-162956
-162956
-162957
-162958
-162956
-162958
-162954
-162954
-162955
-162955
-162958
-162956
-162955
-162954
-162955
-162956
-162958
-162958
-162959
-162958
-162957
-162956
-162957
-162957
-162957
-162957
-162954
-162954
-162954
-162955
-162957
-162955
-162954
-162952
-162955
-162955
-162955
-162957
-162957
-162958
-162956
-162954
-162953
-162954
-162954
-162958
-162954
-162956
-162958
-162954
-162954
-162956
-162955
-162958
-162955
-162953
-162954
-162956
-162956
-162954
-162955
-162956
-162957
-162957
-162958
-162956
-162957
-162955
-162954
-162955
-162954
-162955
-162955
-162955
-162956
-162958
-162959
-162958
-162955
-162956
-162955
-162954
-162953
-162952
-162955
-162952
-162954
-162951
-162955
-162955
-162958
-162957
-162958
-162953
-162953
-162955
-162957
-162956
-162956
-162957
-162956
-162956
-162957
-162956
-162956
-162957
-162957
-162956
-162955
-162955
-162956
-162957
-162956
-162955
-162956
-162956
-162957
-162954
-162956
-162956
-162956
-162957
-162957
-162956
-162958
-162957
-162957
-162959
-162958
-162956
-162957
-162959
-162958
-162958
-162951
-162957
-162954
-162956
-162955
-162954
-162955
-162955
-162955
-162955
-162952
-162955
-162955
-162958
-162957
-162958
-162958
-162957
-162957
-162958
-162951
-162955
-162955
-162955
-162956
-162955
-162955
-162954
-162955
-162957
-162958
-162959
-162958
-162957
-162958
-162958
-162958
-162956
-162956
-162957
-162956
-162956
-162956
-162956
-162957
-162956
-162955
-162955
-162957
-162958
-162958
-162956
-162957
-162957
-162957
-162956
-162957
-162958
-162958
-162953
-162956
-162953
-162957
-162955
-162953
-162957
-162951
-162956
-162956
-162956
-162954
-162957
-162954
-162953
-162954
-162956
-162955
-162951
-162958
-162955
-162955
-162956
-162953
-162955
-162954
-162954
-162955
-162955
-162954
-162954
-162959
-162957
-162957
-162957
-162956
-162957
-162957
-162954
-162952
-162955
-162954
-162952
-162956
-162949
-162953
-162955
-162953
-162954
-162954
-162952
-162954
-162953
-162954
-162950
-162953
-162954
-162955
-162955
-162954
-162955
-162950
-162956
-162954
-162955
-162954
-162954
-162955
-162954
-162959
-162957
-162958
-162955
-162957
-162957
-162955
-162954
-162953
-162954
-162953
-162952
-162954
-162952
-162955
-162953
-162954
-162955
-162956
-162956
-162958
-162953
-162952
-162953
-162956
-162958
-162958
-162956
-162956
-162957
-162949
-162954
-162954
-162955
-162954
-162955
-162955
-162954
-162955
-162957
-162958
-162957
-162957
-162957
-162959
-162958
-162952
-162950
-162953
-162954
-162955
-162954
-162955
-162955
-162955
-162953
-162955
-162950
-162954
-162955
-162954
-162956
-162953
-162954
-162955
-162954
-162956
-162953
-162955
-162954
-162955
-162954
-162954
-162955
-162956
-162956
-162958
-162957
-162958
-162958
-162952
-162951
-162953
-162953
-162956
-162955
-162956
-162956
-162956
-162956
-162956
-162955
-162956
-162956
-162952
-162955
-162956
-162957
-162957
-162956
-162956
-162956
-162957
-162957
-162957
-162958
-162951
-162954
-162955
-162954
-162954
-162954
-162955
-162955
-162958
-162956
-162957
-162957
-162955
-162958
-162957
-162955
-162954
-162954
-162954
-162956
-162955
-162958
-162958
-162957
-162959
-162956
-162956
-162955
-162953
-162956
-162956
-162954
-162956
-162956
-162957
-162956
-162958
)
;
    }
}


// ************************************************************************* //
