/*--------------------------------*- C++ -*----------------------------------*\
| =========                 |                                                 |
| \\      /  F ield         | OpenFOAM: The Open Source CFD Toolbox           |
|  \\    /   O peration     | Version:  v1906                                 |
|   \\  /    A nd           | Web:      www.OpenFOAM.com                      |
|    \\/     M anipulation  |                                                 |
\*---------------------------------------------------------------------------*/
FoamFile
{
    version     2.0;
    format      ascii;
    class       surfaceScalarField;
    location    "1200/bottomAir";
    object      phi;
}
// * * * * * * * * * * * * * * * * * * * * * * * * * * * * * * * * * * * * * //

dimensions      [1 0 -1 0 0 0 0];
oriented        oriented;


internalField   nonuniform List<scalar> 
3858
(
6.611515e-07
-7.272057e-07
6.598706e-08
1.213371e-06
-6.5218e-07
9.996162e-08
1.510737e-06
-4.085217e-07
1.111568e-07
1.595542e-06
-1.888475e-07
1.040433e-07
1.545007e-06
-3.742587e-08
8.796087e-08
1.428206e-06
4.645955e-08
7.034149e-08
1.295618e-06
7.820387e-08
5.438477e-08
1.172634e-06
8.193289e-08
4.105022e-08
1.065675e-06
7.572926e-08
3.122942e-08
9.705252e-07
6.90297e-08
2.611989e-08
8.778782e-07
6.543826e-08
2.720918e-08
7.756479e-07
6.540892e-08
3.682315e-08
6.505254e-07
6.892177e-08
5.620419e-08
4.845724e-07
8.101241e-08
8.494707e-08
2.690839e-07
1.107205e-07
1.047758e-07
1.014673e-08
1.622819e-07
9.666456e-08
-2.369343e-07
1.835654e-07
6.352263e-08
-4.406144e-07
1.497139e-07
5.397025e-08
-5.975493e-07
1.183417e-07
3.859452e-08
-7.257089e-07
9.694795e-08
3.121106e-08
-8.41902e-07
8.555004e-08
3.064164e-08
-9.589952e-07
8.108144e-08
3.601008e-08
-1.083262e-06
7.816691e-08
4.609835e-08
-1.20962e-06
6.658709e-08
5.976996e-08
-1.314493e-06
2.874579e-08
7.612627e-08
-1.353818e-06
-5.425265e-08
9.357702e-08
-1.270503e-06
-1.910552e-07
1.077398e-07
-1.003873e-06
-3.783737e-07
1.117434e-07
-5.294635e-07
-5.729383e-07
9.852828e-08
-5.953597e-07
6.589573e-08
4.769455e-07
-1.23038e-06
2.62281e-08
8.616143e-07
-1.114045e-06
7.719631e-08
1.07092e-06
-7.312424e-07
1.134156e-07
1.143911e-06
-3.876334e-07
1.257952e-07
1.145719e-06
-1.621675e-07
1.229341e-07
1.109548e-06
-2.906056e-08
1.116913e-07
1.050516e-06
3.51721e-08
1.020628e-07
9.761343e-07
5.781899e-08
9.849568e-08
8.849885e-07
6.538501e-08
1.014899e-07
7.726753e-07
7.032848e-08
1.110143e-07
6.369999e-07
7.539029e-08
1.257243e-07
4.792905e-07
8.011459e-08
1.43006e-07
3.070155e-07
8.497892e-08
1.562226e-07
1.275897e-07
9.721237e-08
1.632338e-07
-2.841045e-08
1.254404e-07
1.412898e-07
-1.39509e-07
1.673946e-07
1.059958e-07
-2.368146e-07
1.731989e-07
1.076792e-07
-3.563664e-07
1.424206e-07
1.268497e-07
-4.832139e-07
1.15119e-07
1.30072e-07
-6.035906e-07
9.277392e-08
1.245504e-07
-7.108992e-07
7.589864e-08
1.169588e-07
-8.037225e-07
6.23604e-08
1.115427e-07
-8.827445e-07
4.658808e-08
1.105994e-07
-9.444829e-07
1.356293e-08
1.147611e-07
-9.824213e-07
-5.762974e-08
1.243132e-07
-9.837898e-07
-1.855573e-07
1.326727e-07
-9.167702e-07
-3.885655e-07
1.304903e-07
-7.298796e-07
-6.786181e-07
1.13353e-07
-3.953856e-07
-9.836655e-07
7.623249e-08
-1.022422e-06
3.167648e-08
1.084869e-07
-1.321522e-06
-1.734513e-08
9.41768e-08
-1.148895e-06
4.915937e-08
2.110736e-09
-7.545775e-07
1.154012e-07
-1.031995e-07
-4.406949e-07
1.583718e-07
-1.879197e-07
-2.570477e-07
1.796007e-07
-2.431259e-07
-1.606473e-07
1.867927e-07
-2.800118e-07
-1.152185e-07
1.872763e-07
-3.229761e-07
-9.672239e-08
1.975051e-07
-3.796147e-07
-9.713131e-08
2.191547e-07
-4.405083e-07
-1.133224e-07
2.445445e-07
-4.89238e-07
-1.424258e-07
2.665468e-07
-5.078739e-07
-1.785855e-07
2.773381e-07
-4.778646e-07
-2.101868e-07
2.651609e-07
-3.979521e-07
-2.185238e-07
2.358304e-07
-2.670235e-07
-1.919295e-07
1.864495e-07
-1.033784e-07
-1.516922e-07
1.554512e-07
5.968925e-08
-1.66473e-07
1.766117e-07
1.761311e-07
-1.894845e-07
2.15469e-07
2.404592e-07
-1.836628e-07
2.344559e-07
2.680847e-07
-1.669952e-07
2.321439e-07
2.722331e-07
-1.485738e-07
2.203225e-07
2.646734e-07
-1.356174e-07
2.055354e-07
2.513347e-07
-1.339216e-07
1.938464e-07
2.237123e-07
-1.479495e-07
1.891334e-07
1.690728e-07
-1.892213e-07
1.862302e-07
8.760477e-08
-2.777582e-07
1.736683e-07
-9.7178e-09
-4.406095e-07
1.493659e-07
-8.915471e-08
-7.042898e-07
1.051078e-07
-9.603265e-08
-1.019335e-06
4.254679e-08
-1.10708e-06
-1.13758e-08
-3.458284e-07
-8.982742e-07
-7.742048e-08
-7.70853e-07
-7.140426e-07
-9.828074e-09
-1.112509e-06
-4.708161e-07
5.789399e-08
-1.333962e-06
-3.225162e-07
1.032747e-07
-1.468713e-06
-2.520329e-07
1.297364e-07
-1.547774e-06
-2.27305e-07
1.457178e-07
-1.588232e-06
-2.289054e-07
1.541444e-07
-1.59399e-06
-2.46721e-07
1.557566e-07
-1.563065e-06
-2.774562e-07
1.493998e-07
-1.490546e-06
-3.184437e-07
1.326026e-07
-1.370134e-06
-3.654904e-07
1.026526e-07
-1.194929e-06
-4.119337e-07
5.814567e-08
-9.563268e-07
-4.473951e-07
-1.391068e-09
-6.599101e-07
-4.55446e-07
-5.948905e-08
-2.932028e-07
-4.293958e-07
-1.292336e-07
1.124289e-07
-4.105301e-07
-1.467859e-07
4.746025e-07
-4.455418e-07
-8.309791e-08
7.613895e-07
-4.524856e-07
-2.378243e-08
9.791623e-07
-4.295436e-07
2.811014e-08
1.136529e-06
-3.904316e-07
6.606995e-08
1.241838e-06
-3.469973e-07
9.311383e-08
1.30233e-06
-3.065415e-07
1.104302e-07
1.323415e-06
-2.738901e-07
1.188829e-07
1.306978e-06
-2.521408e-07
1.206268e-07
1.247939e-06
-2.461231e-07
1.159409e-07
1.131642e-06
-2.65e-07
1.035378e-07
9.347725e-07
-3.242637e-07
8.05228e-08
6.381815e-07
-4.476538e-07
3.995399e-08
2.80024e-07
-6.414658e-07
-1.971315e-08
-7.565503e-07
-7.050613e-08
-7.359277e-07
-1.623468e-07
-1.310238e-06
-1.397324e-07
-1.663609e-06
-1.174449e-07
-1.871149e-06
-1.149769e-07
-1.993929e-06
-1.292524e-07
-2.064162e-06
-1.570724e-07
-2.094348e-06
-1.987197e-07
-2.085625e-06
-2.554443e-07
-2.034075e-06
-3.290067e-07
-1.931319e-06
-4.212001e-07
-1.764681e-06
-5.321276e-07
-1.518664e-06
-6.579494e-07
-1.182406e-06
-7.836518e-07
-7.762591e-07
-8.615892e-07
-2.624904e-07
-9.431607e-07
3.010073e-07
-9.740233e-07
7.59213e-07
-9.037449e-07
1.14914e-06
-8.424102e-07
1.433194e-06
-7.135972e-07
1.62483e-06
-5.820681e-07
1.743787e-06
-4.65955e-07
1.806318e-06
-3.690729e-07
1.823276e-06
-2.908481e-07
1.800358e-06
-2.292241e-07
1.736884e-06
-1.82649e-07
1.621785e-06
-1.499013e-07
1.428084e-06
-1.305638e-07
1.107595e-06
-1.271655e-07
6.074034e-07
-1.412746e-07
-1.491472e-07
7.337815e-07
-7.404843e-07
7.268913e-08
1.340226e-06
-6.045962e-07
9.811356e-08
1.691051e-06
-3.409369e-07
1.01269e-07
1.836863e-06
-1.333436e-07
9.157431e-08
1.847371e-06
7.356057e-10
7.671796e-08
1.785544e-06
6.940707e-08
6.276071e-08
1.697594e-06
9.063711e-08
5.169801e-08
1.60719e-06
8.659855e-08
4.485455e-08
1.522114e-06
7.247514e-08
4.382889e-08
1.440605e-06
5.593822e-08
5.169044e-08
1.35466e-06
3.980297e-08
7.335007e-08
1.248621e-06
2.459416e-08
1.182692e-07
1.096453e-06
1.323725e-08
1.951377e-07
8.522775e-07
2.397249e-08
3.051565e-07
4.780412e-07
7.843465e-08
4.005856e-07
-4.155619e-08
1.897136e-07
4.265578e-07
-4.971671e-07
1.999331e-07
3.192071e-07
-7.928564e-07
1.257911e-07
2.238716e-07
-9.841051e-07
9.071477e-08
1.391282e-07
-1.12105e-06
7.779843e-08
9.035584e-08
-1.233374e-06
7.671238e-08
6.625071e-08
-1.336473e-06
8.090027e-08
5.820645e-08
-1.436003e-06
8.481668e-08
6.080997e-08
-1.526019e-06
7.903807e-08
7.074644e-08
-1.585076e-06
4.931809e-08
8.586462e-08
-1.573366e-06
-2.20175e-08
1.038843e-07
-1.437974e-06
-1.486317e-07
1.209798e-07
-1.122961e-06
-3.334401e-07
1.301692e-07
-5.958247e-07
-5.5312e-07
1.245115e-07
-6.235477e-07
9.361811e-08
5.065206e-07
-1.269124e-06
4.834638e-08
9.446073e-07
-1.057906e-06
9.241899e-08
1.228193e-06
-6.307754e-07
1.196682e-07
1.394541e-06
-3.022666e-07
1.283707e-07
1.48343e-06
-8.988124e-08
1.246617e-07
1.518018e-06
2.92071e-08
1.173025e-07
1.518068e-06
7.722807e-08
1.154218e-07
1.494036e-06
8.831991e-08
1.20806e-07
1.441944e-06
9.132222e-08
1.347333e-07
1.352596e-06
9.744452e-08
1.588556e-07
1.215353e-06
1.094951e-07
1.932746e-07
1.02099e-06
1.239416e-07
2.380232e-07
7.656532e-07
1.430132e-07
2.817874e-07
4.401934e-07
1.880536e-07
3.246199e-07
7.097042e-08
2.757726e-07
3.131846e-07
-2.728906e-07
3.749989e-07
2.64581e-07
-5.454056e-07
3.319689e-07
2.481652e-07
-7.76113e-07
2.353304e-07
2.480212e-07
-9.62084e-07
1.812269e-07
2.255318e-07
-1.102146e-06
1.466658e-07
1.957437e-07
-1.201871e-06
1.237389e-07
1.696552e-07
-1.267907e-06
1.07998e-07
1.504793e-07
-1.30666e-06
9.464318e-08
1.395237e-07
-1.319169e-06
6.998243e-08
1.363244e-07
-1.291954e-06
6.561132e-09
1.39855e-07
-1.2107e-06
-1.17623e-07
1.470231e-07
-1.060822e-06
-3.153252e-07
1.473057e-07
-8.083614e-07
-6.060775e-07
1.33529e-07
-4.263966e-07
-9.61664e-07
1.028107e-07
-1.077964e-06
5.969554e-08
5.037819e-08
-1.363469e-06
2.662124e-08
3.470715e-08
-1.081391e-06
8.831508e-08
8.947218e-09
-6.399722e-07
1.503579e-07
2.819558e-09
-3.327756e-07
1.950085e-07
2.377965e-08
-1.522877e-07
2.210473e-07
6.55008e-08
-5.572506e-08
2.300028e-07
9.318787e-08
-3.179637e-09
2.399966e-07
8.459267e-08
2.698937e-08
2.674295e-07
4.606061e-08
4.180815e-08
3.071999e-07
-1.780446e-08
5.017811e-08
3.556747e-07
-9.929448e-08
5.375028e-08
4.03782e-07
-1.886133e-07
5.517391e-08
4.354265e-07
-2.557096e-07
7.338758e-08
4.018877e-07
-2.946046e-07
1.365185e-07
3.262685e-07
-2.864998e-07
2.552488e-07
1.988776e-07
-2.403983e-07
3.482085e-07
1.361494e-07
-1.799724e-07
2.439428e-07
2.042192e-07
-1.500909e-07
1.193668e-07
3.015564e-07
-1.483455e-07
6.495879e-08
3.489796e-07
-1.507991e-07
4.14562e-08
3.398062e-07
-1.483231e-07
2.925184e-08
3.123307e-07
-1.343809e-07
1.840565e-08
2.811829e-07
-1.007083e-07
6.574893e-10
2.541567e-07
-4.886105e-08
-2.942563e-08
2.366924e-07
-9.05781e-09
-7.863653e-08
2.316232e-07
1.642524e-09
-1.733791e-07
2.187234e-07
-1.081886e-08
-3.410856e-07
1.875865e-07
-3.796453e-08
-6.128248e-07
1.389999e-07
-5.12251e-08
-9.830482e-07
7.719067e-08
-1.16518e-06
2.461473e-08
-5.259254e-07
-9.128027e-07
-2.1622e-09
-1.033521e-06
-6.410343e-07
5.741035e-08
-1.364994e-06
-3.728892e-07
1.222842e-07
-1.544229e-06
-2.219945e-07
1.717281e-07
-1.624255e-06
-1.476186e-07
2.050939e-07
-1.646592e-06
-1.14716e-07
2.270457e-07
-1.632758e-06
-1.018546e-07
2.389844e-07
-1.594452e-06
-9.79332e-08
2.423724e-07
-1.537799e-06
-9.974909e-08
2.343036e-07
-1.457552e-06
-1.033868e-07
2.059198e-07
-1.343573e-06
-1.030893e-07
1.455129e-07
-1.180698e-06
-9.067988e-08
4.112541e-08
-9.473027e-07
-5.036206e-08
-1.110325e-07
-6.729327e-07
2.925296e-08
-2.265873e-07
-3.522867e-07
1.69992e-07
-3.646148e-07
2.902935e-09
2.531207e-07
-4.068788e-07
3.581681e-07
1.023147e-07
-2.967272e-07
6.524167e-07
-1.987228e-08
-1.787873e-07
8.783415e-07
-9.052853e-08
-4.232607e-08
1.051723e-06
-1.205909e-07
5.473496e-08
1.183736e-06
-1.283776e-07
1.18729e-07
1.283896e-06
-1.273275e-07
1.56001e-07
1.354189e-06
-1.24926e-07
1.741725e-07
1.391449e-06
-1.258276e-07
1.797678e-07
1.389071e-06
-1.354552e-07
1.751367e-07
1.325213e-06
-1.650348e-07
1.590508e-07
1.166493e-06
-2.323571e-07
1.305131e-07
8.726979e-07
-3.651933e-07
8.611723e-08
4.328344e-07
-5.90901e-07
2.800213e-08
-7.858831e-07
-1.69691e-08
-9.971605e-07
-7.798918e-08
-1.685857e-06
-9.207053e-08
-2.070666e-06
-1.055246e-07
-2.276172e-06
-1.31466e-07
-2.382822e-06
-1.702213e-07
-2.431762e-06
-2.228482e-07
-2.440089e-06
-2.922477e-07
-2.412026e-06
-3.814404e-07
-2.345927e-06
-4.948556e-07
-2.233137e-06
-6.373776e-07
-2.056991e-06
-8.11363e-07
-1.793286e-06
-1.012333e-06
-1.419643e-06
-1.207655e-06
-9.640372e-07
-1.287939e-06
-3.165147e-07
-1.420687e-06
4.326009e-07
-1.470014e-06
1.003315e-06
-1.372141e-06
1.447321e-06
-1.306287e-06
1.748847e-06
-1.105652e-06
1.944015e-06
-8.978273e-07
2.066226e-06
-7.165445e-07
2.136403e-06
-5.665776e-07
2.165453e-06
-4.448254e-07
2.157005e-06
-3.466039e-07
2.10821e-06
-2.693102e-07
2.003532e-06
-2.10258e-07
1.807022e-06
-1.664112e-07
1.451142e-06
-1.364798e-07
8.38383e-07
-1.194169e-07
-9.66476e-08
7.344872e-07
-6.847636e-07
2.296491e-08
1.340064e-06
-5.397251e-07
3.22615e-08
1.695143e-06
-2.858652e-07
3.205503e-08
1.852781e-06
-9.422935e-08
2.816527e-08
1.882867e-06
2.277283e-08
2.385951e-08
1.846777e-06
7.686315e-08
2.198709e-08
1.786259e-06
8.900233e-08
2.321214e-08
1.723258e-06
7.903975e-08
2.881471e-08
1.667089e-06
5.885497e-08
4.11418e-08
1.619559e-06
3.41619e-08
6.505586e-08
1.577502e-06
6.758128e-09
1.086478e-07
1.524261e-06
-1.667074e-08
1.881811e-07
1.421263e-06
-1.438793e-08
3.12526e-07
1.158872e-06
8.708307e-08
4.804706e-07
6.236516e-07
2.812315e-07
6.545833e-07
-1.775726e-07
4.978857e-07
7.299052e-07
-7.728578e-07
3.555501e-07
5.589491e-07
-1.064379e-06
1.158873e-07
3.995069e-07
-1.211438e-06
4.432849e-08
2.418585e-07
-1.302192e-06
3.68997e-08
1.442068e-07
-1.376151e-06
4.864945e-08
9.155663e-08
-1.446134e-06
6.321892e-08
6.496708e-08
-1.514924e-06
7.535882e-08
5.423901e-08
-1.575854e-06
7.825716e-08
5.341789e-08
-1.609933e-06
6.081231e-08
5.913013e-08
-1.580795e-06
6.100398e-09
6.864554e-08
-1.436437e-06
-1.025614e-07
7.918273e-08
-1.120275e-06
-2.720397e-07
8.604646e-08
-5.966091e-07
-4.837075e-07
8.455219e-08
-5.675565e-07
6.456496e-08
5.290338e-07
-1.206173e-06
4.072159e-08
9.980357e-07
-9.812565e-07
6.494803e-08
1.315396e-06
-5.615333e-07
7.797537e-08
1.517479e-06
-2.511688e-07
8.322721e-08
1.637321e-06
-5.640855e-08
8.40007e-08
1.701325e-06
4.498383e-08
8.517748e-08
1.733647e-06
8.068713e-08
9.141387e-08
1.744495e-06
8.495804e-08
1.040389e-07
1.730794e-06
8.27277e-08
1.2456e-07
1.682465e-06
8.650245e-08
1.548426e-07
1.586556e-06
1.028636e-07
1.930759e-07
1.427568e-06
1.426201e-07
2.377213e-07
1.207626e-06
2.376402e-07
2.497045e-07
8.413154e-07
4.551965e-07
3.228248e-07
2.854405e-07
7.817469e-07
3.685532e-07
-3.455868e-07
1.02606e-06
3.674428e-07
-8.059065e-07
7.536421e-07
3.103993e-07
-1.094997e-06
3.803376e-07
2.726641e-07
-1.29101e-06
2.126936e-07
2.531796e-07
-1.411542e-06
1.435822e-07
2.095907e-07
-1.48079e-06
1.156871e-07
1.718625e-07
-1.51322e-06
1.038969e-07
1.422284e-07
-1.518645e-06
9.768481e-08
1.226215e-07
-1.499189e-06
8.339075e-08
1.117326e-07
-1.444157e-06
3.752699e-08
1.081081e-07
-1.333588e-06
-6.67388e-08
1.092924e-07
-1.148423e-06
-2.48679e-07
1.082577e-07
-8.623385e-07
-5.245184e-07
9.992274e-08
-4.499033e-07
-8.761948e-07
8.286177e-08
-1.012634e-06
5.486955e-08
9.085288e-08
-1.325227e-06
5.482139e-08
1.331012e-07
-1.029194e-06
9.40042e-08
1.707044e-07
-5.829537e-07
1.341751e-07
2.254056e-07
-2.796744e-07
1.688127e-07
3.013966e-07
-1.029441e-07
1.915915e-07
3.748949e-07
-5.110216e-09
2.065978e-07
4.219485e-07
4.683964e-08
2.267895e-07
4.419781e-07
7.296695e-08
2.593892e-07
4.349402e-07
9.337675e-08
3.035868e-07
3.996311e-07
1.202365e-07
3.572474e-07
3.333413e-07
1.667887e-07
4.061455e-07
2.380433e-07
2.527211e-07
4.206243e-07
1.830592e-07
4.210417e-07
2.734756e-07
8.348714e-08
6.92754e-07
1.882909e-07
-9.012238e-08
1.059111e-06
9.513256e-08
-2.842062e-07
1.282603e-06
7.369795e-08
-3.878986e-07
9.521271e-07
1.094337e-07
-4.344573e-07
5.343679e-07
1.940886e-07
-4.873498e-07
2.865857e-07
3.279804e-07
-5.065936e-07
1.662297e-07
3.364006e-07
-4.999454e-07
1.126077e-07
3.087586e-07
-4.731156e-07
8.617504e-08
2.72072e-07
-4.283979e-07
6.713561e-08
2.399856e-07
-3.660901e-07
4.090535e-08
2.168681e-07
-2.901305e-07
-1.095767e-08
2.041471e-07
-2.197719e-07
-1.074917e-07
1.891171e-07
-1.694622e-07
-2.734674e-07
1.620645e-07
-1.337871e-07
-5.44788e-07
1.235935e-07
-9.119893e-08
-9.231459e-07
8.155257e-08
-1.125626e-06
4.640639e-08
-4.753156e-07
-9.107806e-07
5.870691e-08
-9.271474e-07
-6.172085e-07
9.725629e-08
-1.201597e-06
-3.299843e-07
1.437646e-07
-1.32726e-06
-1.667546e-07
1.844707e-07
-1.355662e-06
-8.252101e-08
2.13073e-07
-1.326433e-06
-3.862692e-08
2.313329e-07
-1.272289e-06
-1.052304e-08
2.42202e-07
-1.215334e-06
1.128744e-08
2.470965e-07
-1.156942e-06
3.227036e-08
2.370154e-07
-1.092271e-06
6.258501e-08
1.988997e-07
-1.010964e-06
1.181037e-07
1.128895e-07
-8.957511e-07
2.185855e-07
-3.995089e-08
-6.855994e-07
3.840139e-07
-2.841521e-07
-4.729152e-07
5.875715e-07
-3.340828e-07
-2.249609e-07
8.918093e-07
-4.4526e-07
3.60478e-08
1.080201e-06
-4.654777e-07
3.136723e-07
7.770191e-07
-3.992369e-07
5.451587e-07
4.800161e-07
-3.55918e-07
6.718664e-07
2.567832e-07
-1.392301e-07
7.701503e-07
1.201104e-07
2.568792e-09
8.568301e-07
5.081679e-08
9.383781e-08
9.401485e-07
1.457879e-08
1.442765e-07
1.022964e-06
-8.770312e-09
1.672609e-07
1.098401e-06
-2.981705e-08
1.750518e-07
1.1432e-06
-5.543493e-08
1.748142e-07
1.128195e-06
-9.636245e-08
1.629263e-07
1.020621e-06
-1.74034e-07
1.386524e-07
7.798623e-07
-3.199818e-07
1.020691e-07
3.895498e-07
-5.65076e-07
6.024376e-08
-7.844758e-07
3.143047e-08
-9.979774e-07
9.20748e-09
-1.687406e-06
-1.98502e-08
-2.070593e-06
-5.232212e-08
-2.278315e-06
-9.049875e-08
-2.393909e-06
-1.371481e-07
-2.460674e-06
-1.947108e-07
-2.496445e-06
-2.669999e-07
-2.506484e-06
-3.601148e-07
-2.489662e-06
-4.794077e-07
-2.43257e-06
-6.318856e-07
-2.303098e-06
-8.227319e-07
-2.049933e-06
-1.046912e-06
-1.627192e-06
-1.246379e-06
-1.150021e-06
-1.177536e-06
-3.613279e-07
-1.317567e-06
6.153701e-07
-1.366507e-06
1.296468e-06
-1.276217e-06
1.813274e-06
-1.343076e-06
2.108441e-06
-1.144036e-06
2.249568e-06
-9.188439e-07
2.305834e-06
-7.219943e-07
2.314893e-06
-5.61059e-07
2.292959e-06
-4.31663e-07
2.244786e-06
-3.282478e-07
2.167618e-06
-2.475781e-07
2.044961e-06
-1.839633e-07
1.838152e-06
-1.336367e-07
1.47561e-06
-9.392007e-08
8.528877e-07
-6.17715e-08
-2.823597e-08
7.323568e-07
-6.992946e-07
-1.0098e-08
1.341016e-06
-5.655385e-07
-1.086006e-08
1.70144e-06
-3.164893e-07
-1.187973e-08
1.866844e-06
-1.25511e-07
-1.172793e-08
1.906936e-06
-6.264478e-09
-9.968356e-09
1.883778e-06
5.132595e-08
-6.182245e-09
1.841179e-06
6.697365e-08
-1.163078e-09
1.8052e-06
5.946376e-08
5.328456e-09
1.793146e-06
3.876887e-08
1.442444e-08
1.820268e-06
9.16309e-09
2.876799e-08
1.901696e-06
-2.467826e-08
5.189611e-08
2.011281e-06
-1.910452e-08
9.770062e-08
1.969865e-06
2.102877e-07
1.436562e-07
1.567297e-06
8.830451e-07
6.480625e-07
1.573824e-06
-5.927926e-07
1.970768e-06
-1.34915e-06
1.315309e-06
-1.582737e-06
3.486857e-07
2.844112e-07
-1.562539e-06
3.551079e-08
1.861472e-07
-1.520019e-06
-2.335608e-09
1.040197e-07
-1.510143e-06
1.931376e-08
6.236225e-08
-1.527772e-06
4.261692e-08
3.997591e-08
-1.562146e-06
5.943304e-08
2.917669e-08
-1.599036e-06
6.531801e-08
2.498868e-08
-1.6166e-06
5.177923e-08
2.491401e-08
-1.577769e-06
2.586659e-09
2.722748e-08
-1.42906e-06
-1.002846e-07
3.075785e-08
-1.112267e-06
-2.643464e-07
3.359924e-08
-5.910353e-07
-4.70473e-07
3.379217e-08
-5.524149e-07
2.594372e-08
5.423463e-07
-1.219897e-06
1.897676e-08
1.023001e-06
-1.010402e-06
2.915643e-08
1.349211e-06
-5.982058e-07
3.34811e-08
1.559622e-06
-2.886125e-07
3.591785e-08
1.695505e-06
-9.592905e-08
3.778175e-08
1.783772e-06
6.822284e-09
4.141357e-08
1.845011e-06
4.926114e-08
4.788593e-08
1.893194e-06
5.937886e-08
5.593931e-08
1.929632e-06
6.076133e-08
6.61281e-08
1.947656e-06
6.909027e-08
7.688922e-08
1.934664e-06
1.043585e-07
7.702966e-08
1.848969e-06
2.435245e-07
6.078733e-08
1.605028e-06
7.537522e-07
-4.98153e-08
1.124285e-06
1.686617e-06
4.156785e-07
2.650989e-06
-3.919208e-07
3.145815e-06
-1.037352e-06
2.271144e-06
-1.43377e-06
9.453248e-07
7.24448e-08
-1.614743e-06
3.360493e-07
1.336139e-07
-1.681122e-06
1.549486e-07
1.186824e-07
-1.69689e-06
1.039795e-07
1.029621e-07
-1.684457e-06
8.762024e-08
8.478912e-08
-1.653958e-06
8.033598e-08
7.121726e-08
-1.605566e-06
6.625829e-08
6.239941e-08
-1.527675e-06
2.423602e-08
5.775981e-08
-1.400108e-06
-7.182585e-08
5.613721e-08
-1.200115e-06
-2.464667e-07
5.444632e-08
-8.979121e-07
-5.172365e-07
5.060897e-08
-4.670669e-07
-8.620819e-07
4.362437e-08
-9.948376e-07
3.022451e-08
1.345493e-07
-1.339926e-06
4.030101e-08
2.178446e-07
-1.060127e-06
6.043345e-08
2.872272e-07
-6.128547e-07
7.944122e-08
3.693504e-07
-2.999501e-07
9.802677e-08
4.663361e-07
-1.135456e-07
1.12222e-07
5.640267e-07
-9.063032e-09
1.247913e-07
6.507487e-07
4.72905e-08
1.420368e-07
7.234845e-07
8.04606e-08
1.655697e-07
7.802763e-07
1.131235e-07
1.944307e-07
8.138951e-07
1.672249e-07
2.254919e-07
8.048428e-07
2.849631e-07
2.34592e-07
7.28966e-07
5.57251e-07
1.827761e-07
6.261289e-07
1.201184e-06
-7.111566e-08
4.441148e-07
2.056927e-06
1.765395e-07
3.013702e-06
-1.207936e-07
3.516851e-06
-3.76562e-07
2.63635e-06
-6.226769e-07
1.401943e-06
-1.641185e-08
-7.852975e-07
6.495227e-07
1.771286e-07
-8.270289e-07
3.244337e-07
2.086448e-07
-8.024601e-07
1.867967e-07
2.013698e-07
-7.464031e-07
1.269367e-07
1.766952e-07
-6.737179e-07
9.378626e-08
1.538477e-07
-5.886175e-07
6.206763e-08
1.359567e-07
-4.910454e-07
7.379412e-09
1.234306e-07
-3.915684e-07
-9.324522e-08
1.110587e-07
-3.045613e-07
-2.659119e-07
9.450168e-08
-2.274937e-07
-5.439657e-07
7.3254e-08
-1.366385e-07
-9.237049e-07
5.231925e-08
-1.119189e-06
3.411906e-08
-3.995563e-07
-9.360243e-07
5.43613e-08
-7.918423e-07
-6.46456e-07
7.58713e-08
-1.018909e-06
-3.441011e-07
1.020772e-07
-1.100873e-06
-1.608838e-07
1.273684e-07
-1.089678e-06
-5.736782e-08
1.456995e-07
-1.028644e-06
3.500341e-09
1.577349e-07
-9.493399e-07
4.39907e-08
1.661967e-07
-8.728685e-07
7.862212e-08
1.724621e-07
-8.11342e-07
1.209123e-07
1.676981e-07
-7.758519e-07
1.906779e-07
1.399548e-07
-7.672012e-07
3.240385e-07
6.516269e-08
-7.514567e-07
5.700209e-07
-6.846276e-08
-5.517889e-07
1.029579e-06
-3.122103e-07
-3.756001e-07
1.546661e-06
-6.334579e-08
2.256193e-06
3.140076e-07
2.674026e-06
5.824032e-07
1.968722e-06
7.248938e-07
1.196782e-06
-2.932444e-07
6.833394e-07
6.500324e-07
-9.818401e-08
6.443598e-07
3.579184e-07
8.061998e-09
6.465713e-07
2.034279e-07
7.499274e-08
6.880222e-07
1.234806e-07
1.062786e-07
7.544249e-07
7.629171e-08
1.183506e-07
8.31502e-07
3.901616e-08
1.210246e-07
8.973383e-07
-2.694028e-09
1.190506e-07
9.177109e-07
-6.120388e-08
1.105118e-07
8.515636e-07
-1.563722e-07
9.52595e-08
6.567209e-07
-3.197627e-07
7.270781e-08
3.226265e-07
-5.787497e-07
4.938208e-08
-7.991713e-07
3.403834e-08
-9.624614e-07
3.564424e-08
-1.644001e-06
1.52331e-08
-2.030653e-06
-9.771117e-09
-2.244955e-06
-3.7081e-08
-2.370494e-06
-6.897701e-08
-2.454083e-06
-1.076221e-07
-2.521775e-06
-1.55317e-07
-2.585637e-06
-2.176317e-07
-2.64462e-06
-2.995134e-07
-2.678455e-06
-4.073724e-07
-2.624902e-06
-5.52246e-07
-2.367417e-06
-7.343747e-07
-1.721004e-06
-8.632109e-07
-1.351876e-06
-4.132457e-07
8.942761e-07
1.586783e-06
2.311696e-06
-8.712041e-07
2.587278e-06
-7.695852e-07
2.628549e-06
-6.021971e-07
2.571104e-06
-4.611224e-07
2.484766e-06
-3.512414e-07
2.394091e-06
-2.646974e-07
2.301612e-06
-1.967521e-07
2.19539e-06
-1.440514e-07
2.052172e-06
-1.019488e-07
1.830479e-06
-6.831629e-08
1.457552e-06
-4.075643e-08
8.337789e-07
-1.674885e-08
6.371338e-09
7.249321e-07
-7.366742e-07
1.64342e-09
1.335726e-06
-6.235849e-07
1.930755e-09
1.700938e-06
-3.791003e-07
2.007445e-09
1.871537e-06
-1.84286e-07
1.959296e-09
1.91699e-06
-5.723334e-08
1.811256e-09
1.897972e-06
1.123557e-08
1.598275e-09
1.859112e-06
3.632255e-08
1.373699e-09
1.828832e-06
3.443306e-08
1.17344e-09
1.827147e-06
1.509988e-08
1.007506e-09
1.870331e-06
-1.530375e-08
8.85759e-10
1.944061e-06
-2.26653e-08
8.302521e-10
1.758466e-06
2.824168e-07
8.781514e-10
1.901198e-06
9.24044e-10
-1.626595e-06
1.907962e-06
3.04704e-09
-1.763682e-06
3.198902e-07
3.342526e-09
-1.657658e-06
-5.255188e-09
3.247987e-09
-1.590341e-06
-8.215724e-09
3.257523e-09
-1.573159e-06
1.943458e-08
3.355564e-09
-1.58668e-06
3.919322e-08
3.502218e-09
-1.610169e-06
4.481886e-08
3.657472e-09
-1.618731e-06
2.96924e-08
3.782179e-09
-1.573899e-06
-2.14234e-08
3.818325e-09
-1.421433e-06
-1.254067e-07
3.69792e-09
-1.102969e-06
-2.88303e-07
3.437312e-09
-5.832281e-07
-4.890081e-07
3.058397e-09
-5.597151e-07
2.4298e-09
5.360835e-07
-1.254233e-06
4.513089e-10
1.012511e-06
-1.071278e-06
4.211094e-10
1.334214e-06
-6.67844e-07
5.21617e-10
1.540939e-06
-3.557113e-07
6.174169e-10
1.67803e-06
-1.571802e-07
6.368424e-10
1.77768e-06
-4.758272e-08
5.81486e-10
1.855476e-06
5.886548e-09
5.239579e-10
1.916014e-06
2.934169e-08
4.912562e-10
1.952432e-06
4.434116e-08
4.673248e-10
1.934196e-06
7.936341e-08
4.575347e-10
1.769739e-06
2.183449e-07
4.751507e-10
1.245176e-06
8.671806e-07
5.871324e-10
3.095879e-06
6.792039e-10
-1.141841e-06
3.120341e-06
1.908869e-09
-1.618952e-06
9.288858e-07
1.729291e-09
-1.76958e-06
2.62506e-07
1.546348e-09
-1.790023e-06
1.135839e-07
1.602902e-09
-1.762167e-06
7.468663e-08
1.678221e-09
-1.712179e-06
5.869588e-08
1.725043e-09
-1.644818e-06
3.813104e-08
1.72507e-09
-1.550611e-06
-8.427774e-09
1.67204e-09
-1.41339e-06
-1.039937e-07
1.486235e-09
-1.209228e-06
-2.763017e-07
1.178669e-09
-9.032896e-07
-5.444467e-07
8.128005e-10
-4.684719e-07
-8.807474e-07
5.446517e-10
-9.985463e-07
5.829691e-10
1.496893e-07
-1.363213e-06
-4.084142e-10
2.481163e-07
-1.108541e-06
-7.307052e-10
3.274038e-07
-6.669765e-07
-7.141653e-10
4.180248e-07
-3.47671e-07
-6.350553e-10
5.25443e-07
-1.518188e-07
-5.58514e-10
6.410573e-07
-3.783477e-08
-5.721994e-10
7.582435e-07
3.141234e-08
-6.768591e-10
8.743931e-07
7.947327e-08
-7.132447e-10
9.78154e-07
1.357149e-07
-7.050458e-10
1.03707e-06
2.465846e-07
-6.459253e-10
9.458167e-07
5.44644e-07
-4.53765e-10
5.927926e-07
1.402959e-06
2.327094e-11
3.617101e-06
4.553054e-10
-5.446234e-07
3.647684e-06
8.705263e-10
-9.066331e-07
1.468048e-06
-2.31262e-11
-1.032039e-06
5.973375e-07
-7.82e-10
-1.000603e-06
2.844688e-07
-9.535631e-10
-9.159958e-07
1.676987e-07
-9.26719e-10
-8.136314e-07
1.11019e-07
-8.420505e-10
-7.048286e-07
6.603494e-08
-7.516827e-10
-5.902303e-07
1.159175e-09
-7.556617e-10
-4.74924e-07
-1.073148e-07
-9.273245e-10
-3.703436e-07
-2.852143e-07
-1.166868e-09
-2.732616e-07
-5.669103e-07
-1.365573e-09
-1.582336e-07
-9.420703e-07
-1.387038e-09
-1.121844e-06
-8.174728e-10
-3.514265e-07
-9.564175e-07
-1.008047e-09
-7.035623e-07
-6.790324e-07
-1.501625e-09
-8.966524e-07
-3.701334e-07
-1.67615e-09
-9.436814e-07
-1.715061e-07
-1.768055e-09
-8.98364e-07
-4.967396e-08
-1.763348e-09
-8.045354e-07
2.772011e-08
-1.649478e-09
-6.868171e-07
8.143362e-08
-1.544359e-09
-5.66785e-07
1.333174e-07
-1.415674e-09
-4.70144e-07
2.079469e-07
-1.176195e-09
-4.303543e-07
3.475943e-07
-8.450657e-10
-4.728876e-07
6.527815e-07
-4.396398e-10
-4.556031e-07
1.317265e-06
-5.191421e-11
2.84908e-06
2.084178e-10
4.828115e-07
2.871548e-06
8.387842e-11
4.897007e-07
1.363578e-06
-6.016534e-10
4.032266e-07
6.930876e-07
-1.214503e-09
3.902192e-07
3.741201e-07
-1.653682e-09
4.424137e-07
2.237178e-07
-1.937687e-09
5.310239e-07
1.428493e-07
-2.092356e-09
6.33554e-07
8.668545e-08
-2.157642e-09
7.231987e-07
3.276203e-08
-2.197942e-09
7.692372e-07
-4.058878e-08
-2.253467e-09
7.342903e-07
-1.52659e-07
-2.349422e-09
5.723082e-07
-3.29812e-07
-2.409081e-09
2.774535e-07
-5.954808e-07
-2.353906e-09
-8.086919e-07
-1.66063e-09
-9.195036e-07
-1.269907e-09
-1.581783e-06
-1.519694e-09
-1.960224e-06
-1.464102e-09
-2.167455e-06
-1.355976e-09
-2.28488e-06
-1.226352e-09
-2.363678e-06
-1.104232e-09
-2.43658e-06
-9.825398e-10
-2.520042e-06
-8.530772e-10
-2.610897e-06
-7.116102e-10
-2.670111e-06
-5.638895e-10
-2.569162e-06
-4.130301e-10
-1.985997e-06
-2.735047e-10
-1.272056e-10
2.001535e-06
-1.189046e-09
2.596853e-06
-1.324622e-09
2.689114e-06
-1.369998e-09
2.603528e-06
-1.417619e-09
2.477466e-06
-1.46227e-09
2.357117e-06
-1.499578e-09
2.248585e-06
-1.535921e-09
2.138886e-06
-1.590101e-09
1.998044e-06
-1.696397e-09
1.778926e-06
-1.856779e-09
1.410413e-06
-2.056867e-09
8.004222e-07
-2.239034e-09
-1.898724e-09
7.249226e-07
-7.356454e-07
1.236528e-08
1.33553e-06
-6.222967e-07
1.361961e-08
1.700529e-06
-3.778645e-07
1.487225e-08
1.870929e-06
-1.832212e-07
1.477989e-08
1.916243e-06
-5.641747e-08
1.291359e-08
1.897205e-06
1.175133e-08
8.884407e-09
1.858414e-06
3.657999e-08
3.582555e-09
1.828258e-06
3.450123e-08
-3.172857e-09
1.826735e-06
1.501292e-08
-1.248513e-08
1.870135e-06
-1.553125e-08
-2.698452e-08
1.944156e-06
-2.299447e-08
-5.01975e-08
1.758749e-06
2.822722e-07
-9.598804e-08
1.901595e-06
-1.419222e-07
-1.627603e-06
1.911134e-06
-2.80483e-07
-1.764421e-06
3.21621e-07
-1.814623e-07
-1.657786e-06
-4.330017e-09
-9.905945e-08
-1.589983e-06
-7.449517e-09
-5.710049e-08
-1.572465e-06
2.017425e-08
-3.433968e-08
-1.585763e-06
3.993555e-08
-2.313715e-08
-1.609142e-06
4.558487e-08
-1.854997e-08
-1.61772e-06
3.050711e-08
-1.814845e-08
-1.573041e-06
-2.055366e-08
-2.030706e-08
-1.420811e-06
-1.245528e-07
-2.39798e-08
-1.102609e-06
-2.875128e-07
-2.7253e-08
-5.830968e-07
-4.883286e-07
-2.81268e-08
-5.592309e-07
-2.143686e-08
5.364256e-07
-1.253121e-06
-1.849937e-08
1.013105e-06
-1.069812e-06
-2.874359e-08
1.334959e-06
-6.663524e-07
-3.284528e-08
1.541735e-06
-3.543594e-07
-3.502091e-08
1.678793e-06
-1.560894e-07
-3.674982e-08
1.778322e-06
-4.68239e-08
-4.037325e-08
1.855963e-06
6.311654e-09
-4.684982e-08
1.916391e-06
2.948319e-08
-5.492029e-08
1.952711e-06
4.428167e-08
-6.512329e-08
1.93437e-06
7.915399e-08
-7.588731e-08
1.769785e-06
2.180527e-07
-7.598831e-08
1.245152e-06
8.671088e-07
-5.961635e-08
3.096234e-06
5.119232e-08
-1.141605e-06
3.124004e-06
-6.935445e-08
-1.618596e-06
9.311096e-07
-1.30768e-07
-1.769242e-06
2.638341e-07
-1.159744e-07
-1.789667e-06
1.147085e-07
-1.001324e-07
-1.76178e-06
7.577446e-08
-8.181109e-08
-1.711817e-06
5.982283e-08
-6.812767e-08
-1.644584e-06
3.935081e-08
-5.927562e-08
-1.550479e-06
-7.190665e-09
-5.473538e-08
-1.413257e-06
-1.029048e-07
-5.338513e-08
-1.209085e-06
-2.753346e-07
-5.221191e-08
-9.031777e-07
-5.435883e-07
-4.90203e-08
-4.684334e-07
-8.800099e-07
-4.251972e-08
-9.980118e-07
-2.907032e-08
1.50074e-07
-1.362443e-06
-4.116026e-08
2.48866e-07
-1.107463e-06
-6.187264e-08
3.284457e-07
-6.657859e-07
-8.086089e-08
4.192418e-07
-3.46523e-07
-9.926817e-08
5.266862e-07
-1.508676e-07
-1.132256e-07
6.421126e-07
-3.711747e-08
-1.25706e-07
7.589688e-07
3.187938e-08
-1.431026e-07
8.747067e-07
7.972282e-08
-1.666924e-07
9.780475e-07
1.358245e-07
-1.9559e-07
1.036611e-06
2.465905e-07
-2.266475e-07
9.451848e-07
5.446008e-07
-2.355747e-07
5.923691e-07
1.403083e-06
-1.831348e-07
3.617444e-06
7.161527e-08
-5.443287e-07
3.651148e-06
1.805677e-08
-9.065048e-07
1.470129e-06
-1.768657e-07
-1.032315e-06
5.983273e-07
-2.094666e-07
-1.001125e-06
2.851009e-07
-2.025385e-07
-9.165755e-07
1.682022e-07
-1.779063e-07
-8.140725e-07
1.114765e-07
-1.550012e-07
-7.049132e-07
6.646457e-08
-1.370262e-07
-5.900442e-07
1.620068e-09
-1.244366e-07
-4.746124e-07
-1.068577e-07
-1.124072e-07
-3.699648e-07
-2.847685e-07
-9.63812e-08
-2.729585e-07
-5.664108e-07
-7.555013e-08
-1.58109e-07
-9.415478e-07
-5.469985e-08
-1.121447e-06
-3.549246e-08
-3.51337e-07
-9.560019e-07
-5.611309e-08
-7.034137e-07
-6.784519e-07
-7.843604e-08
-8.964901e-07
-3.694988e-07
-1.048872e-07
-9.435972e-07
-1.709011e-07
-1.302832e-07
-8.984738e-07
-4.918131e-08
-1.485739e-07
-8.048362e-07
2.80472e-08
-1.604525e-07
-6.873383e-07
8.164111e-08
-1.688053e-07
-5.676053e-07
1.334904e-07
-1.749175e-07
-4.711717e-07
2.080819e-07
-1.698685e-07
-4.314224e-07
3.477023e-07
-1.417062e-07
-4.737802e-07
6.5288e-07
-6.636081e-08
-4.561174e-07
1.317442e-06
6.792744e-08
2.849337e-06
3.121985e-07
4.832269e-07
2.874363e-06
2.936456e-07
4.902676e-07
1.365244e-06
9.724356e-08
4.037284e-07
6.938989e-07
-1.024737e-08
3.90683e-07
3.745258e-07
-7.803566e-08
4.428704e-07
2.239133e-07
-1.098386e-07
5.315034e-07
1.429145e-07
-1.221658e-07
6.340824e-07
8.664041e-08
-1.249137e-07
7.238645e-07
3.260821e-08
-1.229692e-07
7.70017e-07
-4.07358e-08
-1.145283e-07
7.350008e-07
-1.526985e-07
-9.940394e-08
5.728332e-07
-3.297072e-07
-7.694614e-08
2.777252e-07
-5.952618e-07
-5.35328e-08
-8.084325e-07
-3.695012e-08
-9.195843e-07
-3.76879e-08
-1.581848e-06
-1.770848e-08
-1.960226e-06
7.41514e-09
-2.1674e-06
3.491678e-08
-2.284822e-06
6.701433e-08
-2.36372e-06
1.058408e-07
-2.436783e-06
1.53721e-07
-2.520376e-06
2.162295e-07
-2.611327e-06
2.983213e-07
-2.670585e-06
4.063961e-07
-2.56961e-06
5.514922e-07
-1.9863e-06
7.338589e-07
8.629102e-07
2.002461e-06
8.707137e-07
2.598112e-06
7.68269e-07
2.690372e-06
6.002688e-07
2.604689e-06
4.587905e-07
2.478512e-06
3.486269e-07
2.358051e-06
2.618748e-07
2.249388e-06
1.937674e-07
2.139493e-06
1.409128e-07
1.998449e-06
9.861167e-08
1.77918e-06
6.471349e-08
1.410572e-06
3.68429e-08
8.005007e-07
1.25697e-08
-9.83074e-09
7.321179e-07
-6.975569e-07
-2.219663e-08
1.340333e-06
-5.633462e-07
-3.125019e-08
1.700282e-06
-3.143097e-07
-3.076689e-08
1.865274e-06
-1.235785e-07
-2.66349e-08
1.905143e-06
-4.778578e-09
-2.217766e-08
1.882011e-06
5.226615e-08
-2.025083e-08
1.839625e-06
6.744088e-08
-2.147314e-08
1.803969e-06
5.95768e-08
-2.70956e-08
1.792321e-06
3.860504e-08
-3.944456e-08
1.819953e-06
8.765366e-09
-6.338457e-08
1.90206e-06
-2.528231e-08
-1.070243e-07
2.012539e-06
-1.981623e-08
-1.866517e-07
1.97169e-06
2.101384e-07
-3.112102e-07
1.569263e-06
8.819966e-07
-4.795647e-07
6.509465e-07
1.572236e-06
-6.539145e-07
-5.90346e-07
1.970858e-06
-7.295593e-07
-1.349092e-06
1.317127e-06
-5.583776e-07
-1.582682e-06
3.51077e-07
-3.979696e-07
-1.561783e-06
3.732912e-08
-2.396922e-07
-1.518543e-06
-7.875628e-10
-1.415157e-07
-1.508038e-06
2.07892e-08
-8.839767e-08
-1.525139e-06
4.409753e-08
-6.133922e-08
-1.559137e-06
6.098807e-08
-5.012964e-08
-1.595869e-06
6.700214e-08
-4.882158e-08
-1.613557e-06
5.361859e-08
-5.407939e-08
-1.575181e-06
4.572277e-09
-6.325605e-08
-1.42716e-06
-9.829305e-08
-7.370902e-08
-1.111087e-06
-2.625584e-07
-8.076812e-08
-5.905142e-07
-4.689759e-07
-7.972475e-08
-5.512979e-07
-6.065398e-08
5.427946e-07
-1.218078e-06
-4.077297e-08
1.023769e-06
-1.007992e-06
-6.507324e-08
1.350165e-06
-5.956852e-07
-7.786626e-08
1.560602e-06
-2.862568e-07
-8.278047e-08
1.696227e-06
-9.390206e-08
-8.325175e-08
1.784245e-06
8.16274e-09
-8.428873e-08
1.845407e-06
4.987152e-08
-9.044405e-08
1.893579e-06
5.951956e-08
-1.030368e-07
1.930035e-06
6.05915e-08
-1.235671e-07
1.948098e-06
6.871049e-08
-1.538975e-07
1.935216e-06
1.038175e-07
-1.922078e-07
1.849772e-06
2.429551e-07
-2.369444e-07
1.606127e-06
7.540004e-07
-2.490219e-07
1.125259e-06
1.685385e-06
-3.225167e-07
4.167601e-07
2.649076e-06
-3.683366e-07
-3.912443e-07
3.145771e-06
-3.669039e-07
-1.037796e-06
2.272965e-06
-3.092825e-07
-1.433958e-06
9.487298e-07
-2.70845e-07
-1.614331e-06
3.38082e-07
-2.511486e-07
-1.680335e-06
1.566688e-07
-2.074289e-07
-1.695807e-06
1.056678e-07
-1.695423e-07
-1.683159e-06
8.939807e-08
-1.397614e-07
-1.652543e-06
8.227575e-08
-1.200338e-07
-1.604209e-06
6.845481e-08
-1.090634e-07
-1.526674e-06
2.676646e-08
-1.054191e-07
-1.399439e-06
-6.934276e-08
-1.067052e-07
-1.199492e-06
-2.443756e-07
-1.060774e-07
-8.974145e-07
-5.154368e-07
-9.822035e-08
-4.668132e-07
-8.605505e-07
-8.154744e-08
-9.935927e-07
-5.358934e-08
1.350694e-07
-1.338731e-06
-5.557789e-08
2.18837e-07
-1.058462e-06
-9.517098e-08
2.886477e-07
-6.110406e-07
-1.353166e-07
3.711215e-07
-2.982298e-07
-1.697695e-07
4.684304e-07
-1.12153e-07
-1.922846e-07
5.659301e-07
-8.054942e-09
-2.069891e-07
6.519224e-07
4.798762e-08
-2.272126e-07
7.238894e-07
8.081077e-08
-2.599525e-07
7.799164e-07
1.132812e-07
-3.043089e-07
8.128613e-07
1.672575e-07
-3.581413e-07
8.033474e-07
2.849133e-07
-4.071579e-07
7.275849e-07
5.571633e-07
-4.215799e-07
6.256706e-07
1.201374e-06
-2.738418e-07
4.437856e-07
2.055715e-06
-1.88441e-07
1.761594e-07
3.011691e-06
-9.498431e-08
-1.216062e-07
3.516699e-06
-7.315796e-08
-3.782337e-07
2.637843e-06
-1.082465e-07
-6.238917e-07
1.405035e-06
-1.925887e-07
-7.864645e-07
6.509253e-07
-3.271361e-07
-8.285367e-07
3.252969e-07
-3.360246e-07
-8.042749e-07
1.87506e-07
-3.086411e-07
-7.483309e-07
1.276236e-07
-2.720787e-07
-6.755066e-07
9.450377e-08
-2.400558e-07
-5.900013e-07
6.283991e-08
-2.169184e-07
-4.916553e-07
8.120803e-09
-2.041382e-07
-3.913795e-07
-9.247716e-08
-1.895493e-07
-3.040062e-07
-2.651298e-07
-1.630013e-07
-2.269443e-07
-5.430884e-07
-1.249613e-07
-1.3639e-07
-9.227264e-07
-8.307929e-08
-1.118269e-06
-4.720672e-08
-3.994921e-07
-9.354042e-07
-5.994803e-08
-7.917683e-07
-6.45622e-07
-9.899989e-08
-1.018841e-06
-3.432269e-07
-1.456286e-07
-1.100872e-06
-1.60116e-07
-1.863661e-07
-1.089873e-06
-5.680055e-08
-2.149262e-07
-1.02911e-06
3.857101e-09
-2.331278e-07
-9.501897e-07
4.4238e-08
-2.439775e-07
-8.742611e-07
7.880779e-08
-2.488447e-07
-8.131666e-07
1.210378e-07
-2.387213e-07
-7.778974e-07
1.907629e-07
-2.004823e-07
-7.691879e-07
3.240935e-07
-1.142513e-07
-7.530726e-07
5.700206e-07
3.895595e-08
-5.527105e-07
1.029586e-06
2.836274e-07
-3.766766e-07
1.545811e-06
3.338745e-07
-6.479923e-08
2.254617e-06
4.452023e-07
3.122247e-07
2.673875e-06
4.658045e-07
5.805082e-07
1.969614e-06
3.999498e-07
7.243521e-07
1.198473e-06
3.563666e-07
6.832585e-07
6.508197e-07
1.384434e-07
6.443477e-07
3.583418e-07
-4.383167e-09
6.4653e-07
2.036287e-07
-9.634305e-08
6.879484e-07
1.235476e-07
-1.471833e-07
7.543828e-07
7.625495e-08
-1.703534e-07
8.316402e-07
3.883925e-08
-1.781718e-07
8.977917e-07
-3.049733e-09
-1.779509e-07
9.184758e-07
-6.155014e-08
-1.661401e-07
8.523898e-07
-1.565453e-07
-1.41903e-07
6.573864e-07
-3.196768e-07
-1.053552e-07
3.229635e-07
-5.784034e-07
-6.343407e-08
-7.986427e-07
-3.36134e-08
-9.625818e-07
-1.051064e-08
-1.644195e-06
1.828295e-08
-2.030837e-06
5.082981e-08
-2.24513e-06
8.909384e-08
-2.370747e-06
1.358299e-07
-2.454524e-06
1.934746e-07
-2.522423e-06
2.658574e-07
-2.586443e-06
3.590568e-07
-2.645545e-06
4.784607e-07
-2.679443e-06
6.310559e-07
-2.625878e-06
8.220217e-07
-2.368326e-06
1.046327e-06
-1.721723e-06
1.245896e-06
-1.353062e-06
1.177152e-06
-4.156136e-07
1.317171e-06
8.918738e-07
1.366391e-06
1.585247e-06
1.276242e-06
2.311641e-06
1.342794e-06
2.587714e-06
1.143016e-06
2.62916e-06
9.171644e-07
2.571785e-06
7.197927e-07
2.485504e-06
5.584547e-07
2.394873e-06
4.287599e-07
2.302354e-06
3.251254e-07
2.195944e-06
2.442729e-07
2.052513e-06
1.804922e-07
1.830657e-06
1.300236e-07
1.457631e-06
9.019089e-08
8.337703e-07
5.802663e-08
2.529666e-08
7.342045e-07
-6.832113e-07
-7.31908e-08
1.339248e-06
-5.377226e-07
-9.8572e-08
1.693688e-06
-2.837903e-07
-1.014168e-07
1.850704e-06
-9.232079e-08
-9.133113e-08
1.88043e-06
2.421843e-08
-7.61227e-08
1.844341e-06
7.769777e-08
-6.186107e-08
1.784097e-06
8.932293e-08
-5.055302e-08
1.721517e-06
7.900127e-08
-4.351823e-08
1.665833e-06
5.858795e-08
-4.235093e-08
1.618814e-06
3.375602e-08
-5.012379e-08
1.577283e-06
6.261417e-09
-7.175679e-08
1.524605e-06
-1.723395e-08
-1.167403e-07
1.422214e-06
-1.502243e-08
-1.93795e-07
1.160478e-06
8.628433e-08
-3.041095e-07
6.262495e-07
2.8023e-07
-3.999112e-07
-1.748339e-07
4.977714e-07
-4.262416e-07
-7.710791e-07
3.569393e-07
-3.190686e-07
-1.062686e-06
1.171571e-07
-2.235197e-07
-1.209319e-06
4.541115e-08
-1.384715e-07
-1.299425e-06
3.796398e-08
-8.937634e-08
-1.372682e-06
4.978904e-08
-6.493233e-08
-1.442003e-06
6.449822e-08
-5.651924e-08
-1.510269e-06
7.684858e-08
-5.87138e-08
-1.57095e-06
8.005504e-08
-6.819739e-08
-1.605206e-06
6.301403e-08
-8.283822e-08
-1.57676e-06
8.703562e-09
-1.004063e-07
-1.433414e-06
-9.981859e-08
-1.172367e-07
-1.118329e-06
-2.694895e-07
-1.26365e-07
-5.957004e-07
-4.814924e-07
-1.208616e-07
-5.658105e-07
-9.054453e-08
5.293289e-07
-1.204634e-06
-4.868008e-08
9.984904e-07
-9.791312e-07
-9.282686e-08
1.315901e-06
-5.591932e-07
-1.198746e-07
1.517935e-06
-2.48884e-07
-1.282513e-07
1.637454e-06
-5.436721e-08
-1.241867e-07
1.701155e-06
4.63107e-08
-1.166032e-07
1.733421e-06
8.122408e-08
-1.146127e-07
1.744288e-06
8.507042e-08
-1.19974e-07
1.730599e-06
8.26455e-08
-1.33938e-07
1.682239e-06
8.63613e-08
-1.581449e-07
1.586258e-06
1.02715e-07
-1.92682e-07
1.427211e-06
1.424276e-07
-2.375592e-07
1.207309e-06
2.373435e-07
-2.814836e-07
8.410095e-07
4.545893e-07
-3.245173e-07
2.851321e-07
7.809118e-07
-3.131351e-07
-3.459267e-07
1.025999e-06
-2.640671e-07
-8.061027e-07
7.549385e-07
-2.471022e-07
-1.094907e-06
3.816539e-07
-2.465363e-07
-1.290618e-06
2.13804e-07
-2.238315e-07
-1.410866e-06
1.446887e-07
-1.939072e-07
-1.479821e-06
1.168877e-07
-1.676887e-07
-1.511974e-06
1.052788e-07
-1.483908e-07
-1.51719e-06
9.93563e-08
-1.373273e-07
-1.497707e-06
8.552593e-08
-1.340192e-07
-1.443067e-06
4.041522e-08
-1.374618e-07
-1.332884e-06
-6.34959e-08
-1.446886e-07
-1.147703e-06
-2.45805e-07
-1.452729e-07
-8.617127e-07
-5.219185e-07
-1.317827e-07
-4.495311e-07
-8.738984e-07
-1.013241e-07
-1.010634e-06
-5.829708e-08
9.112614e-08
-1.324231e-06
-2.710777e-08
1.336213e-07
-1.02774e-06
-8.905776e-08
1.715238e-07
-5.813167e-07
-1.510961e-07
2.265579e-07
-2.780773e-07
-1.956111e-07
3.02934e-07
-1.016058e-07
-2.214232e-07
3.763301e-07
-4.090725e-09
-2.299851e-07
4.226982e-07
4.759835e-08
-2.399568e-07
4.420241e-07
7.342697e-08
-2.67637e-07
4.342882e-07
9.369758e-08
-3.076278e-07
3.983363e-07
1.204838e-07
-3.563142e-07
3.314788e-07
1.669506e-07
-4.045371e-07
2.357782e-07
2.527296e-07
-4.361807e-07
1.80789e-07
4.209349e-07
-4.024405e-07
8.12448e-08
6.923077e-07
-3.266097e-07
-9.229137e-08
1.058353e-06
-1.988833e-07
-2.863781e-07
1.282546e-06
-1.356125e-07
-3.899038e-07
9.532206e-07
-2.029987e-07
-4.362047e-07
5.35434e-07
-3.000658e-07
-4.892109e-07
2.873222e-07
-3.476481e-07
-5.088407e-07
1.669303e-07
-3.386384e-07
-5.026504e-07
1.133187e-07
-3.11265e-07
-4.762044e-07
8.692726e-08
-2.801761e-07
-4.316876e-07
6.799594e-08
-2.532149e-07
-3.693076e-07
4.194334e-08
-2.357178e-07
-2.923475e-07
-9.973242e-09
-2.307111e-07
-2.206191e-07
-1.064197e-07
-2.183549e-07
-1.695639e-07
-2.723067e-07
-1.87556e-07
-1.335658e-07
-5.435063e-07
-1.393727e-07
-9.10435e-08
-9.217291e-07
-7.777212e-08
-1.124134e-06
-2.475077e-08
-4.754802e-07
-9.102259e-07
1.526751e-09
-9.274417e-07
-6.164592e-07
-5.831979e-08
-1.201913e-06
-3.292189e-07
-1.232551e-07
-1.32754e-06
-1.661031e-07
-1.727142e-07
-1.35597e-06
-8.204488e-08
-2.060575e-07
-1.326897e-06
-3.82907e-08
-2.280022e-07
-1.273121e-06
-1.022812e-08
-2.399278e-07
-1.216712e-06
1.1515e-08
-2.433432e-07
-1.158802e-06
3.240815e-08
-2.353435e-07
-1.094509e-06
6.265944e-08
-2.06952e-07
-1.013461e-06
1.181102e-07
-1.464607e-07
-8.983273e-07
2.184654e-07
-4.191254e-08
-6.881039e-07
3.838456e-07
1.104963e-07
-4.75471e-07
5.872275e-07
2.263261e-07
-2.275709e-07
8.91143e-07
3.645177e-07
3.351587e-08
1.080157e-06
4.071127e-07
3.118828e-07
7.776277e-07
2.9718e-07
5.442546e-07
4.806012e-07
1.788301e-07
6.714153e-07
2.570257e-07
4.15793e-08
7.69804e-07
1.202823e-07
-5.612529e-08
8.563665e-07
5.094876e-08
-1.205378e-07
9.39476e-07
1.469326e-08
-1.58061e-07
1.022157e-06
-8.689007e-09
-1.763515e-07
1.097754e-06
-2.983172e-08
-1.819946e-07
1.142859e-06
-5.560189e-08
-1.774285e-07
1.128188e-06
-9.650359e-08
-1.613856e-07
1.020823e-06
-1.7403e-07
-1.328151e-07
7.801198e-07
-3.197461e-07
-8.841334e-08
3.896875e-07
-5.645559e-07
-3.017574e-08
-7.836894e-07
1.562865e-08
-9.981707e-07
7.743377e-08
-1.687709e-06
9.136161e-08
-2.0709e-06
1.048018e-07
-2.278653e-06
1.30744e-07
-2.394374e-06
1.69505e-07
-2.46133e-06
2.221396e-07
-2.497256e-06
2.91555e-07
-2.507444e-06
3.807594e-07
-2.490787e-06
4.942107e-07
-2.433843e-06
6.367712e-07
-2.304507e-06
8.107953e-07
-2.05151e-06
1.011797e-06
-1.628917e-06
1.20715e-06
-1.152028e-06
1.287493e-06
-3.639575e-07
1.420246e-06
6.12869e-07
1.469724e-06
1.29498e-06
1.37176e-06
1.812657e-06
1.305719e-06
2.108219e-06
1.10448e-06
2.249578e-06
8.960874e-07
2.305994e-06
7.14324e-07
2.315178e-06
5.639634e-07
2.293338e-06
4.419102e-07
2.245171e-06
3.434602e-07
2.167859e-06
2.659829e-07
2.045036e-06
2.068105e-07
1.838099e-06
1.62931e-07
1.475487e-06
1.330553e-07
8.52742e-07
1.162154e-07
9.434901e-08
7.336981e-07
-7.397487e-07
-6.714109e-08
1.339693e-06
-6.035119e-07
-1.010554e-07
1.689893e-06
-3.396802e-07
-1.11937e-07
1.835041e-06
-1.320563e-07
-1.044241e-07
1.845114e-06
1.769164e-09
-8.796513e-08
1.783221e-06
7.004606e-08
-7.001506e-08
1.695528e-06
9.091952e-08
-5.378124e-08
1.605577e-06
8.666548e-08
-4.023441e-08
1.521026e-06
7.246862e-08
-3.027092e-08
1.440037e-06
5.594437e-08
-2.508099e-08
1.354576e-06
3.984865e-08
-2.614576e-08
1.248959e-06
2.46686e-08
-3.57923e-08
1.097136e-06
1.330613e-08
-5.527647e-08
8.53229e-07
2.40063e-08
-8.420509e-08
4.793163e-07
7.834716e-08
-1.04341e-07
-4.010804e-08
1.897199e-07
-9.65318e-08
-4.957291e-07
2.002317e-07
-6.367596e-08
-7.910264e-07
1.259747e-07
-5.4196e-08
-9.816149e-07
9.086713e-08
-3.875066e-08
-1.117757e-06
7.800539e-08
-3.124186e-08
-1.22922e-06
7.703874e-08
-3.051042e-08
-1.331483e-06
8.142288e-08
-3.568096e-08
-1.430324e-06
8.565649e-08
-4.553082e-08
-1.52001e-06
8.040979e-08
-5.892248e-08
-1.579322e-06
5.141914e-08
-7.494693e-08
-1.568442e-06
-1.922096e-08
-9.206547e-08
-1.434185e-06
-1.454868e-07
-1.060079e-07
-1.120494e-06
-3.30188e-07
-1.098694e-07
-5.946976e-07
-5.499962e-07
-9.666259e-08
-6.209497e-07
-6.429315e-08
5.065884e-07
-1.268399e-06
-2.661922e-08
9.445631e-07
-1.05669e-06
-7.762434e-08
1.227958e-06
-6.292118e-07
-1.137386e-07
1.394087e-06
-3.005058e-07
-1.25931e-07
1.482624e-06
-8.813179e-08
-1.228242e-07
1.516927e-06
3.050223e-08
-1.113634e-07
1.516991e-06
7.79104e-08
-1.016693e-07
1.493062e-06
8.87311e-08
-9.811253e-08
1.44107e-06
9.169142e-08
-1.011708e-07
1.351782e-06
9.786874e-08
-1.107828e-07
1.21458e-06
1.099437e-07
-1.25576e-07
1.020259e-06
1.243569e-07
-1.429266e-07
7.649613e-07
1.433257e-07
-1.562032e-07
4.394747e-07
1.882519e-07
-1.632717e-07
7.019857e-08
2.758098e-07
-1.413155e-07
-2.736134e-07
3.751715e-07
-1.057011e-07
-5.458867e-07
3.323758e-07
-1.06969e-07
-7.763191e-07
2.357287e-07
-1.258564e-07
-9.620445e-07
1.816777e-07
-1.289166e-07
-1.101872e-06
1.47202e-07
-1.232774e-07
-1.201345e-06
1.244028e-07
-1.155827e-07
-1.267121e-06
1.088814e-07
-1.10075e-07
-1.305639e-06
9.589423e-08
-1.090496e-07
-1.318082e-06
7.196974e-08
-1.131373e-07
-1.291285e-06
9.734066e-09
-1.225752e-07
-1.210535e-06
-1.135993e-07
-1.310615e-07
-1.060565e-06
-3.116009e-07
-1.291293e-07
-8.080933e-07
-6.022877e-07
-1.121555e-07
-4.262218e-07
-9.580045e-07
-7.518846e-08
-1.074763e-06
-3.070593e-08
5.030689e-08
-1.362969e-06
1.715488e-08
3.448936e-08
-1.080453e-06
-4.947793e-08
8.737698e-09
-6.387705e-07
-1.157864e-07
2.83244e-09
-3.314679e-07
-1.58745e-07
2.429601e-08
-1.511451e-07
-1.798747e-07
6.639461e-08
-5.479591e-08
-1.867875e-07
9.373562e-08
-2.266904e-09
-1.871225e-07
8.458444e-08
2.778189e-08
-1.975391e-07
4.56188e-08
4.244746e-08
-2.194204e-07
-1.862984e-08
5.075338e-08
-2.449526e-07
-1.004446e-07
5.421323e-08
-2.669924e-07
-1.900275e-07
5.550466e-08
-2.77745e-07
-2.572499e-07
7.357327e-08
-2.654625e-07
-2.962327e-07
1.366226e-07
-2.35993e-07
-2.881e-07
2.552142e-07
-1.864141e-07
-2.420251e-07
3.485538e-07
-1.550633e-07
-1.816215e-07
2.447561e-07
-1.757779e-07
-1.517139e-07
1.201624e-07
-2.144044e-07
-1.502345e-07
6.588968e-08
-2.33339e-07
-1.532579e-07
4.257119e-08
-2.309856e-07
-1.515361e-07
3.051212e-08
-2.190988e-07
-1.384378e-07
1.98238e-08
-2.0422e-07
-1.058034e-07
2.426421e-09
-1.923844e-07
-5.447885e-08
-2.745826e-08
-1.876168e-07
-1.353347e-08
-7.680356e-08
-1.851206e-07
-1.195601e-09
-1.711645e-07
-1.731289e-07
-1.256557e-08
-3.38865e-07
-1.489232e-07
-3.890859e-08
-6.10366e-07
-1.049528e-07
-5.163775e-08
-9.804664e-07
-4.258236e-08
-1.1627e-06
1.154739e-08
-5.263112e-07
-9.124466e-07
7.73149e-08
-1.03421e-06
-6.404822e-07
9.607816e-09
-1.365776e-06
-3.723094e-07
-5.815091e-08
-1.544936e-06
-2.214744e-07
-1.035474e-07
-1.624936e-06
-1.472206e-07
-1.299827e-07
-1.647353e-06
-1.144083e-07
-1.459735e-07
-1.633562e-06
-1.015701e-07
-1.544168e-07
-1.595414e-06
-9.766242e-08
-1.560482e-07
-1.539097e-06
-9.951578e-08
-1.496988e-07
-1.459197e-06
-1.032005e-07
-1.328989e-07
-1.345561e-06
-1.029621e-07
-1.029224e-07
-1.182984e-06
-9.061751e-08
-5.836582e-08
-9.497547e-07
-5.038675e-08
1.229366e-09
-6.754476e-07
2.921548e-08
5.943049e-08
-3.548211e-07
1.698484e-07
1.292625e-07
5.659667e-10
2.533342e-07
1.469515e-07
3.563178e-07
1.028885e-07
8.330056e-08
6.509689e-07
-1.933427e-08
2.367861e-08
8.769756e-07
-8.997951e-08
-2.855772e-08
1.050132e-06
-1.199359e-07
-6.677519e-08
1.181783e-06
-1.276573e-07
-9.402191e-08
1.281569e-06
-1.26544e-07
-1.114807e-07
1.35183e-06
-1.241143e-07
-1.200731e-07
1.389326e-06
-1.250656e-07
-1.218851e-07
1.38709e-06
-1.347515e-07
-1.172449e-07
1.323629e-06
-1.642531e-07
-1.048365e-07
1.165218e-06
-2.314856e-07
-8.178462e-08
8.718418e-07
-3.641937e-07
-4.121054e-08
4.323711e-07
-5.897495e-07
1.857685e-08
-7.846177e-07
6.991693e-08
-9.974181e-07
1.624048e-07
-1.68623e-06
1.396913e-07
-2.07109e-06
1.173524e-07
-2.276667e-06
1.148461e-07
-2.383473e-06
1.290901e-07
-2.432621e-06
1.568782e-07
-2.44114e-06
1.985038e-07
-2.413254e-06
2.552102e-07
-2.34732e-06
3.287601e-07
-2.234689e-06
4.209394e-07
-2.058706e-06
5.318494e-07
-1.795174e-06
6.576487e-07
-1.42174e-06
7.833294e-07
-9.663187e-07
8.612899e-07
-3.190902e-07
9.42869e-07
4.302286e-07
9.737417e-07
1.001652e-06
9.032277e-07
1.446262e-06
8.417752e-07
1.748169e-06
7.125934e-07
1.943611e-06
5.807087e-07
2.066004e-06
4.64274e-07
2.136305e-06
3.671173e-07
2.165435e-06
2.88665e-07
2.156968e-06
2.268607e-07
2.108049e-06
1.801496e-07
2.003264e-06
1.473427e-07
1.806667e-06
1.280412e-07
1.450755e-06
1.247729e-07
8.380405e-07
1.391799e-07
1.477714e-07
6.614861e-07
-7.28628e-07
1.213442e-06
-6.53012e-07
1.510269e-06
-4.087643e-07
1.594438e-06
-1.885933e-07
1.543449e-06
-3.697655e-08
1.426466e-06
4.696666e-08
1.293964e-06
7.871937e-08
1.171232e-06
8.249645e-08
1.06459e-06
7.636908e-08
9.697563e-07
6.975106e-08
8.773894e-07
6.622035e-08
7.753835e-07
6.621355e-08
6.504062e-07
6.970232e-08
4.844839e-07
8.172048e-08
2.689079e-07
1.112386e-07
9.985393e-09
1.623956e-07
-2.367567e-07
1.830687e-07
-4.398738e-07
1.489228e-07
-5.960833e-07
1.174583e-07
-7.233593e-07
9.603324e-08
-8.385188e-07
8.464711e-08
-9.544838e-07
8.028231e-08
-1.077673e-06
7.76564e-08
-1.203264e-06
6.666794e-08
-1.308055e-06
2.984316e-08
-1.348079e-06
-5.204227e-08
-1.265926e-06
-1.881614e-07
-1.000841e-06
-3.749554e-07
-5.280939e-07
-5.694106e-07
-5.923875e-07
4.766024e-07
-1.23185e-06
8.607491e-07
-1.114784e-06
1.069507e-06
-7.31261e-07
1.141922e-06
-3.869406e-07
1.143584e-06
-1.614631e-07
1.107468e-06
-2.828148e-08
1.048612e-06
3.590376e-08
9.745213e-07
5.847356e-08
8.836908e-07
6.602715e-08
7.716894e-07
7.096816e-08
6.363242e-07
7.600892e-08
4.789182e-07
8.069317e-08
3.069164e-07
8.550341e-08
1.276863e-07
9.768299e-08
-2.821858e-08
1.258331e-07
-1.392197e-07
1.677003e-07
-2.3645e-07
1.733334e-07
-3.558793e-07
1.424975e-07
-4.826172e-07
1.152798e-07
-6.028854e-07
9.302304e-08
-7.100694e-07
7.624659e-08
-8.027609e-07
6.289686e-08
-8.817246e-07
4.756866e-08
-9.43737e-07
1.554161e-08
-9.820157e-07
-5.445453e-08
-9.835163e-07
-1.81604e-07
-9.164171e-07
-3.843909e-07
-7.296374e-07
-6.738915e-07
-3.952922e-07
-9.789454e-07
-1.018386e-06
1.078426e-07
-1.322538e-06
9.280454e-08
-1.149224e-06
2.172743e-10
-7.544608e-07
-1.052547e-07
-4.402146e-07
-1.89781e-07
-2.568124e-07
-2.443955e-07
-1.604562e-07
-2.806292e-07
-1.149865e-07
-3.232709e-07
-9.642601e-08
-3.79836e-07
-9.682939e-08
-4.407952e-07
-1.130267e-07
-4.896321e-07
-1.421467e-07
-5.083597e-07
-1.783235e-07
-4.783834e-07
-2.09933e-07
-3.98428e-07
-2.182617e-07
-2.673818e-07
-1.916225e-07
-1.037545e-07
-1.509849e-07
5.90857e-08
-1.652811e-07
1.751802e-07
-1.879991e-07
2.389029e-07
-1.81782e-07
2.657071e-07
-1.647674e-07
2.689034e-07
-1.460504e-07
2.604241e-07
-1.328458e-07
2.465028e-07
-1.308966e-07
2.191715e-07
-1.447455e-07
1.652887e-07
-1.85694e-07
8.445475e-08
-2.739002e-07
-1.204028e-08
-4.368201e-07
-9.065872e-08
-7.00227e-07
-9.678159e-08
-1.015406e-06
-1.103621e-06
-3.465142e-07
-8.987099e-07
-7.720702e-07
-7.140606e-07
-1.113946e-06
-4.707363e-07
-1.335284e-06
-3.224245e-07
-1.470059e-06
-2.520203e-07
-1.549184e-06
-2.273053e-07
-1.589707e-06
-2.28882e-07
-1.595519e-06
-2.466627e-07
-1.564664e-06
-2.773849e-07
-1.492226e-06
-3.183634e-07
-1.371898e-06
-3.653982e-07
-1.196763e-06
-4.118225e-07
-9.582055e-07
-4.472599e-07
-6.617623e-07
-4.552711e-07
-2.949781e-07
-4.291394e-07
1.109678e-07
-4.099748e-07
4.736072e-07
-4.446162e-07
7.606706e-07
-4.513824e-07
9.785428e-07
-4.282112e-07
1.135873e-06
-3.888738e-07
1.241028e-06
-3.45228e-07
1.301285e-06
-3.045848e-07
1.322095e-06
-2.717812e-07
1.305407e-06
-2.499433e-07
1.246275e-06
-2.438078e-07
1.130079e-06
-2.62542e-07
9.332477e-07
-3.217737e-07
6.369557e-07
-4.451466e-07
2.792516e-07
-6.39126e-07
-7.544526e-07
-7.363054e-07
-1.310675e-06
-1.664059e-06
-1.871638e-06
-1.994568e-06
-2.064996e-06
-2.095374e-06
-2.086828e-06
-2.035453e-06
-1.932877e-06
-1.766426e-06
-1.520599e-06
-1.184528e-06
-7.785073e-07
-2.647756e-07
2.989934e-07
7.576061e-07
1.148e-06
1.432382e-06
1.624216e-06
1.743262e-06
1.805794e-06
1.822677e-06
1.799594e-06
1.735935e-06
1.620735e-06
1.427002e-06
1.106628e-06
6.066811e-07
)
;

boundaryField
{
    minX
    {
        type            calculated;
        value           uniform 0;
    }
    maxX
    {
        type            calculated;
        value           uniform 0;
    }
    minY
    {
        type            calculated;
        value           nonuniform List<scalar> 
292
(
0
0
0
0
0
0
0
0
0
0
-2.584939e-26
0
0
0
0
0
2.584939e-26
0
0
0
0
0
2.584939e-26
0
0
0
-2.584939e-26
0
0
0
0
0
0
0
0
2.584939e-26
0
0
-2.584939e-26
0
0
0
0
0
0
0
0
0
2.584939e-26
-2.584939e-26
0
0
0
0
0
0
0
0
0
0
0
0
0
0
0
0
0
0
0
0
-2.584939e-26
0
0
0
0
0
0
0
2.584939e-26
2.584939e-26
0
0
2.584939e-26
0
0
0
0
0
0
0
2.584939e-26
0
0
0
0
0
2.584939e-26
2.584939e-26
0
0
0
0
-2.584939e-26
0
0
0
0
0
0
2.584939e-26
0
0
0
0
0
0
0
0
0
0
0
0
0
0
0
0
0
0
0
0
0
0
0
0
0
2.584939e-26
0
2.584939e-26
0
-2.584939e-26
0
0
0
2.584939e-26
0
0
0
0
0
2.584939e-26
0
0
0
0
0
0
0
0
0
0
0
0
0
0
-2.584939e-26
0
0
0
0
-2.584939e-26
0
0
0
0
0
0
0
0
0
0
0
0
2.584939e-26
0
0
0
0
0
0
0
0
2.584939e-26
-2.584939e-26
0
0
0
-2.584939e-26
0
0
0
0
-2.584939e-26
-2.584939e-26
0
0
0
0
0
0
0
0
0
-2.584939e-26
0
0
2.584939e-26
2.584939e-26
0
0
0
-2.584939e-26
2.584939e-26
-2.584939e-26
0
0
0
0
0
0
0
0
0
-2.584939e-26
0
0
0
0
0
0
0
0
-2.584939e-26
-2.584939e-26
0
0
0
0
2.584939e-26
0
0
0
-2.584939e-26
0
0
0
0
0
0
2.584939e-26
0
0
2.584939e-26
0
0
2.584939e-26
0
-2.584939e-26
0
0
0
0
0
0
0
0
0
-2.584939e-26
2.584939e-26
0
2.584939e-26
0
0
2.584939e-26
-2.584939e-26
0
-2.584939e-26
2.584939e-26
2.584939e-26
0
0
2.584939e-26
0
)
;
    }
    minZ
    {
        type            calculated;
        value           uniform 0;
    }
    maxZ
    {
        type            calculated;
        value           uniform 0;
    }
    bottomAir_to_rightSolid
    {
        type            calculated;
        value           nonuniform List<scalar> 
130
(
0
0
0
0
0
0
0
0
0
-7.34684e-40
0
0
0
0
0
0
0
0
0
0
0
0
0
-2.938736e-39
-1.469368e-39
0
0
0
0
0
0
0
0
0
0
0
0
0
0
0
0
0
0
0
0
0
0
0
0
0
0
0
0
0
0
0
0
0
0
0
0
0
0
0
0
0
0
0
0
0
0
0
0
0
0
0
0
0
0
0
0
0
0
0
0
0
0
0
0
0
0
0
0
0
0
0
0
0
-2.938736e-39
0
0
0
0
0
0
0
0
0
0
0
0
0
0
0
0
0
0
0
0
0
0
0
0
0
0
0
0
-2.938736e-39
1.469368e-39
0
)
;
    }
    bottomAir_to_leftSolid
    {
        type            calculated;
        value           nonuniform List<scalar> 
130
(
0
0
0
0
0
0
0
0
0
0
0
0
0
0
0
0
0
0
0
0
0
0
0
0
2.938736e-39
0
0
0
0
0
0
0
2.938736e-39
0
0
0
0
0
0
0
0
0
0
0
0
0
0
1.469368e-39
0
0
0
0
0
0
0
0
0
0
0
0
-2.938736e-39
0
0
0
0
0
0
0
0
0
0
-2.938736e-39
0
2.938736e-39
0
0
0
0
0
0
0
0
0
0
-2.938736e-39
-2.938736e-39
0
0
0
0
0
0
0
0
0
0
0
-2.938736e-39
0
0
0
0
0
0
0
0
0
0
0
0
0
0
0
0
0
0
0
0
0
0
0
0
0
0
0
0
0
0
0
0
)
;
    }
    bottomAir_to_heater
    {
        type            calculated;
        value           nonuniform List<scalar> 
92
(
0
0
0
0
0
0
0
0
0
0
0
0
0
0
0
0
0
0
-8.470329e-22
0
0
0
0
0
0
0
0
0
0
0
0
0
0
0
0
5.293956e-23
0
0
0
0
8.470329e-22
-8.470329e-22
0
0
0
-5.293956e-23
0
0
0
0
0
0
1.694066e-21
0
0
0
1.694066e-21
0
-8.470329e-22
0
0
0
0
0
0
0
2.117582e-22
0
0
0
0
0
5.293956e-23
0
0
0
0
0
0
0
0
0
0
0
0
0
0
0
0
0
0
0
)
;
    }
}


// ************************************************************************* //
