/*--------------------------------*- C++ -*----------------------------------*\
| =========                 |                                                 |
| \\      /  F ield         | OpenFOAM: The Open Source CFD Toolbox           |
|  \\    /   O peration     | Version:  v1906                                 |
|   \\  /    A nd           | Web:      www.OpenFOAM.com                      |
|    \\/     M anipulation  |                                                 |
\*---------------------------------------------------------------------------*/
FoamFile
{
    version     2.0;
    format      ascii;
    class       labelList;
    location    "constant/sphere/polyMesh";
    object      pointRegionAddressing;
}
// * * * * * * * * * * * * * * * * * * * * * * * * * * * * * * * * * * * * * //


599
(
1500
1501
1502
1503
1504
1505
1506
1530
1531
1532
1533
1534
1535
1536
1537
1538
1562
1563
1564
1565
1566
1567
1568
1840
1841
1842
1843
1844
1845
1846
1847
1848
1871
1872
1873
1874
1875
1876
1877
1878
1879
1902
1903
1904
1905
1906
1907
1908
1909
1910
2182
2183
2184
2185
2186
2187
2188
2212
2213
2214
2215
2216
2217
2218
2219
2220
2244
2245
2246
2247
2248
2249
2250
3751
3752
3753
3756
3758
3760
3761
3762
3763
3764
3765
3766
3767
3768
3769
3770
3771
3772
3773
3774
3775
3776
3777
3778
3787
3788
3789
3790
3791
3792
3793
3794
3795
3796
3797
3799
3800
3801
3805
3806
3807
3808
3809
3812
3813
3814
3815
3816
3817
3820
3821
3822
3823
3824
3825
3827
3828
3829
3830
3831
3832
3833
3834
3835
3836
3837
3838
3839
3840
3841
3842
3843
3844
3845
3846
3848
3849
3850
3851
3852
3853
3856
3857
3858
3859
3860
3861
3863
3864
3865
3866
3867
3868
3869
3870
3871
3872
3873
3874
3875
3876
3877
3878
3879
3880
3881
3882
3884
3885
3886
3887
3888
3889
3893
3894
3895
3896
3897
3900
3901
3902
3903
3904
3923
3941
3944
3950
3963
3965
3967
3983
3986
3989
4003
4004
4005
4006
4007
4008
4009
4010
4011
4012
4013
4014
4015
4016
4017
4018
4019
4021
4022
4024
4025
4031
4032
4033
4034
4035
4036
4037
4038
4039
4040
4041
4042
4043
4044
4045
4046
4047
4048
4049
4050
4051
4052
4053
4055
4056
4063
4064
4066
4067
4069
4070
4071
4072
4073
4074
4075
4076
4077
4078
4079
4081
4084
4087
4113
4116
4119
4122
4125
4135
4136
4137
4138
4139
4140
4141
4142
4143
4144
4145
4146
4147
4148
4149
4150
4151
4152
4153
4154
4155
4156
4157
4158
4160
4161
4164
4167
4168
4169
4170
4171
4172
4173
4174
4175
4176
4177
4178
4179
4180
4181
4182
4183
4184
4185
4186
4187
4188
4189
4190
4191
4192
4193
4198
4200
4201
4203
4204
4205
4206
4207
4208
4209
4210
4211
4212
4213
4214
4215
4216
4217
4218
4219
4221
4224
4250
4252
4255
4265
4267
4268
4270
4271
4273
4274
4275
4276
4277
4278
4281
4284
4289
4290
4292
4293
4295
4296
4297
4298
4299
4300
4301
4302
4303
4304
4305
4306
4309
4316
4319
4322
4323
4324
4325
4326
4327
4328
4412
4413
4415
4426
4427
4428
4429
4430
4431
4432
4433
4434
4435
4436
4437
4439
4440
4443
4449
4450
4452
4453
4455
4456
4457
4458
4459
4460
4461
4462
4464
4467
4470
4475
4476
4491
4493
4494
4495
4496
4497
4498
4499
4500
4501
4502
4503
4504
4505
4506
4507
4509
4510
4512
4516
4517
4518
4519
4520
4521
4522
4523
4524
4525
4526
4527
4528
4529
4530
4531
4532
4533
4534
4535
4536
4537
4538
4539
4540
4541
4542
4544
4545
4547
4549
4550
4551
4552
4553
4554
4555
4556
4557
4558
4559
4560
4561
4562
4563
4564
4565
4566
4567
4568
4569
4570
4571
4572
4573
4576
4581
4583
4584
4586
4587
4589
4590
4592
4593
4595
4598
4613
4615
4616
4618
4619
4621
4622
4623
4624
4625
4626
4627
4628
4631
4634
4638
4639
4641
4642
4643
4644
4645
4646
4647
4648
4649
4650
4651
4652
4653
4654
4655
4656
4657
4658
4659
4660
4661
4662
4663
4665
4668
4671
4672
4673
4674
4675
4676
4677
4678
4679
4680
4681
4682
4683
4684
4685
4686
4687
4688
4689
4690
4691
4692
4693
4701
4704
4707
4709
4710
4712
4713
4727
4737
4738
4740
4741
4743
4745
4746
4749
4758
4761
4764
4766
)


// ************************************************************************* //
